0.0 0.0
0.020802059475479695 1.0
0.024112944117216213 2.0
0.03996761251533576 3.0
0.050427637213276484 4.0
0.07955161464587251 5.0
0.21250073806146466 6.0
0.2183520035273791 7.0
0.26766922973273005 8.0
0.2838900751092494 9.0
0.3589410754723339 10.0
0.4135574080114729 11.0
0.4303830726342114 12.0
0.5035510729220298 13.0
0.5090962504583879 14.0
0.5632265124818165 15.0
0.5743766547638977 16.0
0.5744578760220846 17.0
0.6222421269422146 16.0
0.6454480414934881 17.0
0.6454519208470499 18.0
0.6638254131591194 19.0
0.7449239804478862 20.0
0.7538142557399619 19.0
0.7568499563843369 20.0
0.8137050467387102 19.0
0.8305769944825366 20.0
0.8425895149494163 21.0
0.9080451190385954 20.0
0.9086890986745729 21.0
0.913243015538033 22.0
0.914893110334003 21.0
0.97978989587295 22.0
0.998467435751231 23.0
1.0457634529665047 22.0
1.0562932684780122 23.0
1.0698716868619242 24.0
1.0728280401581496 25.0
1.0870462339869884 26.0
1.0962066779151851 25.0
1.1201837655070355 26.0
1.130121806178281 27.0
1.1484119282744039 28.0
1.172639039561299 27.0
1.21854434750099 26.0
1.2216057796243243 27.0
1.255977346260618 28.0
1.279900827817152 27.0
1.3394672025667151 26.0
1.3777451101796778 27.0
1.4226329037888001 26.0
1.5046623697970116 25.0
1.5255283825696135 24.0
1.5410966890879543 23.0
1.553346501293408 22.0
1.5745226798452339 23.0
1.598763740556904 22.0
1.6291562409768112 21.0
1.6511592970777964 22.0
1.655249631565397 21.0
1.6676958901655494 22.0
1.674615107214087 21.0
1.6901493072156033 20.0
1.7389027187022823 19.0
1.750271811990735 18.0
1.7717251782276362 19.0
1.7887786796314078 20.0
1.8538705945603045 19.0
1.8550583191433323 18.0
1.8629641953052893 19.0
1.880972520345036 20.0
1.9015028235356297 19.0
1.9612074996982725 20.0
1.963624554420148 21.0
1.9690487990338357 22.0
2.001923691870567 21.0
2.009365143074542 22.0
2.0212926826157696 23.0
2.0821350229849496 22.0
2.0865733708603944 23.0
2.086829703660507 22.0
2.1214772438059923 21.0
2.1256991912070355 22.0
2.134092606719023 23.0
2.159798154238229 24.0
2.159928811554574 23.0
2.1743666522353187 24.0
2.1747664367335204 25.0
2.225797188430079 24.0
2.237149704095847 23.0
2.2967008401405025 22.0
2.3385450568139747 23.0
2.352812680496699 24.0
2.374439502442137 25.0
2.3852001042170916 26.0
2.392685620646216 27.0
2.4466943269214636 28.0
2.44712032331649 29.0
2.4541772869804133 28.0
2.5202974852159716 29.0
2.524423178345916 30.0
2.5364822190691125 29.0
2.5887337658266456 28.0
2.6819388069498764 27.0
2.69214066552894 26.0
2.693347673363731 25.0
2.765346791518486 24.0
2.777713580121509 25.0
2.8173672767163467 26.0
2.8660476415902756 27.0
2.8686738752808045 26.0
2.8841944217255455 25.0
2.894549017340801 24.0
2.932649541954219 25.0
2.940179947778256 24.0
2.9575202207459763 25.0
3.01049122771726 24.0
3.022186533008833 23.0
3.0348220106675745 24.0
3.037386623540314 25.0
3.048601941395734 24.0
3.0849308246032914 23.0
3.139319989899799 24.0
3.144166873225457 25.0
3.1625096885856716 26.0
3.2203684588386197 25.0
3.2917580214869293 24.0
3.324100010058783 23.0
3.338048685272732 22.0
3.338188352392624 23.0
3.3854476722022566 22.0
3.386024200828772 21.0
3.46432974134437 20.0
3.492210854898858 19.0
3.493895024630295 20.0
3.5041830253579582 19.0
3.5299712112285246 20.0
3.5455830654192853 19.0
3.5877451888056444 20.0
3.62508670987157 19.0
3.629933317102218 20.0
3.645298347964728 19.0
3.6915226171318607 18.0
3.704939959613185 17.0
3.7227031609901498 18.0
3.794964654204905 19.0
3.8040378014579135 18.0
3.826519309707703 19.0
3.829055174988472 20.0
3.831129371409416 21.0
3.874309998036809 20.0
3.9190555581064537 21.0
3.9414634077648243 20.0
3.949046367473318 19.0
3.960737711342639 18.0
3.9690095618519643 19.0
3.997787874407516 18.0
4.012433632900033 19.0
4.051306476076194 18.0
4.092478485870131 17.0
4.1391385721644705 18.0
4.152533860730641 19.0
4.154236629145472 18.0
4.1564684269411085 17.0
4.189938935087958 18.0
4.204008077647315 19.0
4.213580576055019 18.0
4.296079145588214 17.0
4.30823324928265 18.0
4.328438301095395 19.0
4.350207536963665 18.0
4.353015715818403 19.0
4.380943586245077 20.0
4.440146867180799 21.0
4.446391812160177 20.0
4.454221224903661 21.0
4.515789289969601 20.0
4.5470233699042 21.0
4.596803897299815 20.0
4.624937947423207 19.0
4.684062361526228 18.0
4.69841794318644 17.0
4.699075603655287 18.0
4.766804432189736 19.0
4.78851040946141 20.0
4.837661298373112 19.0
4.844038835509914 20.0
4.8478575334698455 21.0
4.849817808521158 20.0
4.879602908118814 21.0
4.8878108263862465 20.0
4.898958606986759 19.0
4.913759961689039 20.0
4.963257364735913 21.0
4.977533549311243 20.0
5.067041006167415 21.0
5.072280180875934 20.0
5.073020624904791 21.0
5.1086568525932075 22.0
5.109481856134281 21.0
5.126468538435192 22.0
5.159185419809322 21.0
5.168041966684658 22.0
5.213102455176369 23.0
5.220023670522794 24.0
5.257369031269335 23.0
5.284640662767846 24.0
5.301399050742906 23.0
5.305709808404708 22.0
5.341183744947759 23.0
5.353116260323322 22.0
5.422037009111654 23.0
5.423230737029108 22.0
5.426648496839003 21.0
5.464352842109817 22.0
5.538897198190415 21.0
5.55375289950912 22.0
5.554602569988433 21.0
5.601466121836755 20.0
5.683208569846824 21.0
5.706070857719088 22.0
5.722872246466498 23.0
5.733922978513107 22.0
5.74920090238035 23.0
5.7650892777049485 24.0
5.826022242497487 23.0
5.8413993712759735 22.0
5.87435729982045 23.0
5.87795549663645 24.0
5.973633376897393 25.0
5.977693397647084 24.0
5.993530592428127 23.0
6.021625536299257 22.0
6.036595919873402 21.0
6.081818880860739 20.0
6.09384760082326 21.0
6.107032405047078 22.0
6.120677848241973 21.0
6.125261984402935 20.0
6.1593014371218855 21.0
6.1805032304596255 22.0
6.185060933544842 23.0
6.217333711742216 24.0
6.255164834832746 23.0
6.260773934460475 22.0
6.286690190055839 23.0
6.304547638457392 24.0
6.30838514933579 23.0
6.369526937022778 22.0
6.5128092491292175 23.0
6.538132531462699 22.0
6.5392499527777 23.0
6.542274295700213 24.0
6.54230876465728 25.0
6.596178076986845 24.0
6.610125987992378 23.0
6.636756974981971 22.0
6.721728713232293 21.0
6.735563285304397 22.0
6.752653669989172 21.0
6.81177895552544 22.0
6.858201210261741 21.0
6.874036213824255 22.0
6.921666801089725 23.0
7.019383718177088 24.0
7.028319982926715 25.0
7.036714120136176 26.0
7.050805861529353 25.0
7.06934591046927 24.0
7.0722136732265275 23.0
7.075539701886375 22.0
7.20663894267948 23.0
7.232510559609831 24.0
7.249027287267225 23.0
7.27770997805902 24.0
7.305318885717985 25.0
7.312645119405227 26.0
7.379066730402672 25.0
7.382811069664455 26.0
7.407352694868868 25.0
7.45625025120975 26.0
7.47723731638168 27.0
7.49926195776843 28.0
7.568690724183136 27.0
7.5824203203890574 26.0
7.653185506972552 25.0
7.660941832388007 26.0
7.725164879660807 25.0
7.759852958177421 26.0
7.771633292294897 25.0
7.814006462517899 24.0
7.841004963858381 23.0
7.89595181405633 22.0
7.905814451119883 21.0
7.911142612046124 22.0
7.943550229684321 23.0
7.962240867969804 24.0
7.96352061300048 25.0
7.993145156383314 26.0
8.039402812827886 25.0
8.055027997734259 26.0
8.057610272521663 25.0
8.085683072251049 24.0
8.115362934371653 25.0
8.151026870973652 26.0
8.17116778505874 25.0
8.191463299795535 24.0
8.201870585111882 25.0
8.309476526454663 26.0
8.347718834661755 25.0
8.369742011368022 26.0
8.376222530328953 27.0
8.41674723080875 28.0
8.419958569591532 29.0
8.462549215578035 28.0
8.472396583161995 27.0
8.484115559713091 28.0
8.49240803344725 29.0
8.583168458549697 30.0
8.667074591935313 29.0
8.668445439631856 30.0
8.679169619520115 29.0
8.72849858458554 30.0
8.771939844353085 31.0
8.77539497841816 30.0
8.789231571237725 29.0
8.79259559329347 28.0
8.806347687075403 29.0
8.83467864276894 28.0
8.867771000366357 29.0
8.879885336646598 28.0
8.91193907249419 29.0
8.914146950652626 30.0
8.934229343804247 31.0
8.93871104912104 32.0
8.952127533933009 31.0
8.974735041566628 30.0
9.010135257293738 29.0
9.036128328235542 28.0
9.076332531355085 29.0
9.102850269201515 28.0
9.124958465167163 27.0
9.125313967679839 26.0
9.16821506283803 25.0
9.184497262005008 24.0
9.262895281783898 25.0
9.264479325178849 26.0
9.269038336854619 27.0
9.300315206325982 28.0
9.321390249924509 29.0
9.322877980413095 28.0
9.393446118915902 27.0
9.394235852652216 28.0
9.396837453546942 29.0
9.397440496111125 28.0
9.441697414439266 27.0
9.491882781264554 28.0
9.499364616076583 29.0
9.53423129227557 28.0
9.538258583164097 29.0
9.585876498766769 28.0
9.60018135579454 27.0
9.627720668147132 26.0
9.640252976864884 25.0
9.69121546572645 24.0
9.709632625976628 25.0
9.78871553603687 26.0
9.795698556636989 27.0
9.821427118173672 26.0
9.881026307974281 27.0
9.917716342629944 26.0
9.924022742912543 27.0
9.930336422969514 26.0
9.947872315685213 27.0
9.994152095335988 26.0
10.11140328385753 27.0
10.12256729354819 28.0
10.211465273929937 27.0
10.221844665459495 26.0
10.258033027399367 25.0
10.270740875300003 24.0
10.307337140404595 23.0
10.339060017239165 22.0
10.363370555444304 23.0
10.3944708264554 24.0
10.455997820488921 23.0
10.487797110336142 22.0
10.529084341590044 21.0
10.589909354322756 20.0
10.5983623419343 21.0
10.628993788384724 22.0
10.630975436657225 21.0
10.710782533676639 22.0
10.736921786917742 23.0
10.742837965457051 24.0
10.762033030420138 25.0
10.767861827527826 24.0
10.772961756851144 25.0
10.805681918328956 26.0
10.839321150389756 27.0
10.88297491165327 26.0
10.896890602325474 25.0
10.944526361998964 26.0
10.950092477458515 27.0
10.960652702528613 26.0
10.977497014744616 27.0
11.012221624382063 28.0
11.02786659255979 27.0
11.03299826538769 28.0
11.092710460057454 27.0
11.098029715138338 26.0
11.121888020120966 25.0
11.130624881990373 24.0
11.145925831029734 25.0
11.175543094103675 26.0
11.180689813440999 27.0
11.185228269288745 28.0
11.288942347038777 27.0
11.305550349527126 26.0
11.311161837881663 25.0
11.324535546091587 26.0
11.330294008594771 27.0
11.34922241319841 28.0
11.358420069706469 27.0
11.46220532740255 28.0
11.464259801421338 27.0
11.503018836396388 26.0
11.504707568778763 25.0
11.510981257535748 24.0
11.549878337580992 25.0
11.64773262223196 24.0
11.686745029409094 23.0
11.760447292850076 22.0
11.764869775751935 21.0
11.778102893303382 22.0
11.800932324727269 23.0
11.818324284150467 24.0
11.82592075712718 23.0
11.848022246194112 22.0
11.878592854455515 23.0
11.897563325649964 24.0
11.904650381156351 23.0
11.925152946344289 24.0
11.949797995602607 25.0
11.97368570455362 26.0
12.007279109556412 25.0
12.095915030757357 26.0
12.108422078495419 27.0
12.118850253933894 28.0
12.149852347888524 27.0
12.2002073758821 26.0
12.246591733668627 27.0
12.250973740134656 26.0
12.25171692487169 27.0
12.351575826991068 26.0
12.399311492570558 27.0
12.414418752887578 26.0
12.46614931464074 25.0
12.484399089286283 24.0
12.497325393985271 25.0
12.499615844026025 24.0
12.519021884372 23.0
12.565257382041862 24.0
12.612202171216389 23.0
12.621599177106289 24.0
12.650210832136706 23.0
12.65198789243847 24.0
12.675577496224955 25.0
12.708488380227429 24.0
12.722673349724086 23.0
12.759352746433704 22.0
12.768061851458741 23.0
12.773311934770934 22.0
12.785304587088595 23.0
12.92574163070371 22.0
12.92649638154587 21.0
12.939419701927582 20.0
12.947294225051673 19.0
12.956862523383577 20.0
12.968495360545408 21.0
12.975155540637406 22.0
12.988341546370123 23.0
13.027975607390774 24.0
13.077059054992242 25.0
13.087067400079706 24.0
13.09200028474526 23.0
13.132126198192097 22.0
13.171515697608434 21.0
13.227862586007731 20.0
13.239268507307179 19.0
13.26580498468613 20.0
13.270014439404104 21.0
13.302818556704239 22.0
13.347145829103848 21.0
13.353786567450705 22.0
13.40492926836602 21.0
13.407961816164928 22.0
13.50878701923363 21.0
13.514553018632041 22.0
13.565876350769136 23.0
13.5680708776967 22.0
13.581241508241535 21.0
13.624354304295553 20.0
13.673022446186014 19.0
13.748773419465852 20.0
13.76816044397468 21.0
13.790387148242903 22.0
13.81463597696362 21.0
13.820529442590571 20.0
13.834966220345073 19.0
13.861318269753651 20.0
13.91453234938967 19.0
13.947138102074637 18.0
13.978725274469797 17.0
13.980808722362996 18.0
14.031771302247858 17.0
14.075423759484 18.0
14.08787336020286 17.0
14.148403035551851 18.0
14.154572047343427 19.0
14.17857572698963 18.0
14.190929069672992 19.0
14.267566481863383 20.0
14.287439674504439 21.0
14.289641829190918 22.0
14.293573121582456 21.0
14.326289740826523 20.0
14.336838453064466 19.0
14.340572323940004 20.0
14.401399431692512 21.0
14.409899564740082 20.0
14.42488750531104 21.0
14.434051393425491 20.0
14.453221124228904 21.0
14.505506323708438 20.0
14.585835041686602 19.0
14.645998318450703 20.0
14.686554637936052 21.0
14.756357296698667 22.0
14.766282868531265 23.0
14.785389139825794 22.0
14.787716755934524 21.0
14.811869050605045 20.0
14.815246725556541 19.0
14.853933886124109 20.0
14.859850548877237 19.0
14.862068952835742 18.0
14.909016956903658 17.0
14.958219262919156 16.0
14.997109374532716 15.0
15.004323231535738 14.0
15.014431689108001 15.0
15.071565641423076 16.0
15.073947392099814 17.0
15.084898208759197 18.0
15.08500401036732 19.0
15.085549541099509 20.0
15.091696807861881 21.0
15.130127034559601 22.0
15.140073993273536 23.0
15.144221742123484 24.0
15.187589015641391 25.0
15.20844052898454 26.0
15.251583961245712 25.0
15.252408999567757 26.0
15.369945693375318 27.0
15.377114543999516 26.0
15.389546429257166 27.0
15.390748975031405 26.0
15.397245840243924 25.0
15.405329156671945 24.0
15.445472168390316 23.0
15.45238394827068 22.0
15.555306695730215 23.0
15.562254465201088 24.0
15.563531082438478 25.0
15.574427254846496 26.0
15.632112115360316 25.0
15.634539901402738 26.0
15.643802988790515 27.0
15.66915065321567 26.0
15.760137458514409 27.0
15.765683809633588 26.0
15.778242398952603 25.0
15.835975562409681 24.0
15.842520072260303 25.0
15.85226197800684 26.0
15.889468467166843 27.0
15.912692268660132 26.0
15.9706900555883 27.0
15.991918156282724 26.0
16.010544035866516 27.0
16.03008195462785 26.0
16.073764457970864 25.0
16.091521318562055 26.0
16.172383184353492 25.0
16.21227468207619 24.0
16.21540193710664 23.0
16.310217278689382 22.0
16.37419101387452 23.0
16.448647605334553 24.0
16.504964091422515 23.0
16.52909450017886 22.0
16.5300258039827 23.0
16.54372575051588 22.0
16.560218499709983 21.0
16.574657642324937 20.0
16.57860722700748 19.0
16.605871052005924 18.0
16.652125392946115 17.0
16.72354775471408 18.0
16.73123637079703 19.0
16.757696308088622 18.0
16.760121608140818 17.0
16.761702456921874 18.0
16.80224366683493 19.0
16.857174384568108 18.0
16.911907927863748 17.0
16.932410503585 16.0
16.93996786338288 17.0
16.95957026874514 18.0
16.968502846004743 17.0
16.97640717817105 18.0
16.98231596204584 17.0
17.01373423270446 18.0
17.054069908061553 19.0
17.068721444938237 20.0
17.084189216633597 21.0
17.084619271032455 22.0
17.086081053782156 21.0
17.097419050282202 20.0
17.120778239118525 21.0
17.12104824290335 22.0
17.159397311335752 21.0
17.17136081761445 22.0
17.205311413471247 23.0
17.22605832806721 24.0
17.252229346032365 23.0
17.26335491121788 24.0
17.284251964653546 25.0
17.32139123770459 24.0
17.334092964727695 23.0
17.35251622969174 24.0
17.35958304086546 23.0
17.372399868246063 24.0
17.406658262855725 23.0
17.43919316775848 24.0
17.442194410783262 25.0
17.501696836501996 24.0
17.53392290543052 25.0
17.54664776005044 26.0
17.574973703822433 25.0
17.697934497352374 24.0
17.739573976687623 25.0
17.777654390750758 26.0
17.79260302775953 27.0
17.832638167714407 26.0
17.843744644778937 25.0
17.925882526759548 26.0
17.935013013551835 25.0
17.937065393347325 24.0
17.938344788342494 25.0
17.9498207632135 24.0
17.97011501337646 25.0
17.97919149663892 26.0
18.03979063325309 27.0
18.132073893670924 26.0
18.19681941477333 27.0
18.20448633614571 28.0
18.216511587982897 27.0
18.219415746784684 28.0
18.220939440274325 29.0
18.224995175359705 28.0
18.230449167074994 27.0
18.237953912799945 28.0
18.248833598503996 29.0
18.292952811416814 28.0
18.371119808898996 27.0
18.43872368903428 26.0
18.44241736430396 27.0
18.450356678173954 26.0
18.504741612547846 25.0
18.51898042503855 24.0
18.54400379325705 25.0
18.687189989390536 24.0
18.688179545450293 25.0
18.6883526405653 26.0
18.737903616057967 27.0
18.877051251775942 26.0
18.938358603853082 27.0
18.961009675962885 26.0
18.965053744579386 25.0
18.98003240844368 24.0
18.99278105205687 25.0
19.002185766016687 26.0
19.005334270339674 27.0
19.045061687263477 28.0
19.057884179877796 29.0
19.068289076652754 28.0
19.080484167583396 27.0
19.120414819403795 26.0
19.133225490733043 25.0
19.14129933454052 24.0
19.15045554815381 25.0
19.158099618340767 26.0
19.164256688694767 25.0
19.206017242218543 24.0
19.213146890472274 23.0
19.259652215922 22.0
19.277898882294476 21.0
19.28233116307378 20.0
19.33041858903941 19.0
19.33326169462051 20.0
19.337560141818503 21.0
19.427442269099828 22.0
19.441991449892964 21.0
19.501692641899794 22.0
19.503469308443933 23.0
19.542468432241808 22.0
19.600530400316657 21.0
19.612464643917438 20.0
19.646557834165634 19.0
19.648903924213425 18.0
19.65730078802091 17.0
19.66730792646188 16.0
19.68044039838809 17.0
19.69168511141247 18.0
19.789149487925712 17.0
19.791275801518513 16.0
19.804335735636943 17.0
19.814039349245576 16.0
19.8289072796345 17.0
19.84618253886618 18.0
19.85301482230588 17.0
19.862135461449874 18.0
19.881773163605175 19.0
19.95394534988057 18.0
19.990328862045722 17.0
20.00231294771419 16.0
20.01083836395496 17.0
20.074382240003825 18.0
20.10154290899356 19.0
20.166506913535432 18.0
20.183018532908605 17.0
20.251467419527607 18.0
20.316584457649146 17.0
20.34707830888456 18.0
20.524480058366223 19.0
20.596000415483335 20.0
20.602266278035437 19.0
20.665662586315204 20.0
20.703310685599327 21.0
20.862007607813368 20.0
20.923017656622193 21.0
20.933081755001297 22.0
20.955497395664388 21.0
20.964981767810812 20.0
20.98739589358183 21.0
21.09104546290114 22.0
21.21341272221492 23.0
21.298856822422785 22.0
21.305429775170296 23.0
21.318762864096108 24.0
21.321283424090364 23.0
21.33551797991252 22.0
21.34602224474674 23.0
21.351257318223702 24.0
21.399393252834138 25.0
21.401098988375317 26.0
21.41798488182433 25.0
21.431842281890262 26.0
21.447148671537136 27.0
21.471095289712263 26.0
21.480623881096943 25.0
21.490785109544568 26.0
21.51210337817085 25.0
21.513523050709015 26.0
21.517404781122043 25.0
21.598990184485977 24.0
21.68590018188955 25.0
21.735529942954013 26.0
21.741575774615967 25.0
21.745210212501412 24.0
21.760157943612008 23.0
21.818590095067577 24.0
21.83451410845708 23.0
21.85048645420776 22.0
21.874796823710025 23.0
21.913044575201706 22.0
21.933473736037634 23.0
21.959247517379715 24.0
21.971322589946837 25.0
22.011446984329314 24.0
22.0221707159307 23.0
22.025138135043633 22.0
22.026684215814612 23.0
22.07562975164638 24.0
22.178455909787182 25.0
22.25329615164291 26.0
22.256821932465307 27.0
22.257691489824893 26.0
22.2741966396449 25.0
22.275066298559164 26.0
22.287685481473588 25.0
22.36659770183026 24.0
22.36808344682202 25.0
22.396144320931594 24.0
22.470004706018802 25.0
22.47861475814449 24.0
22.4968360852375 25.0
22.520843719763963 24.0
22.544105367643592 25.0
22.553487108684745 24.0
22.559563124121922 23.0
22.573396756763717 22.0
22.607562730952413 23.0
22.61429822472089 24.0
22.622955521584498 23.0
22.65415569670523 24.0
22.681750176496056 23.0
22.696151378233953 24.0
22.698269033621575 25.0
22.698883538902315 26.0
22.72360548021438 27.0
22.724553108370568 26.0
22.735659752975454 27.0
22.762010049862962 28.0
22.797597820207088 27.0
22.835606585790355 26.0
22.852660402959884 25.0
22.85612291476807 24.0
22.860220637290784 23.0
22.869589933287045 24.0
22.876740040981108 25.0
22.90685806749441 26.0
22.92541592781295 25.0
22.932935635544357 24.0
22.938901657385596 23.0
22.992787003400156 22.0
23.044802766450314 23.0
23.053074105676412 22.0
23.063300578173717 21.0
23.069755722504386 22.0
23.121282452295446 21.0
23.13932761089175 22.0
23.18648467549001 21.0
23.20521573439259 20.0
23.214811165246065 19.0
23.21643965741672 20.0
23.224932151550064 21.0
23.260548598810086 22.0
23.29462106182912 21.0
23.352907626556394 22.0
23.359871033135796 21.0
23.49869104487977 20.0
23.52286506363296 21.0
23.523228120450604 22.0
23.525369216497275 21.0
23.53111792572299 22.0
23.537780797833037 21.0
23.55219781969272 22.0
23.65273377980054 23.0
23.66590605818072 22.0
23.684920818812728 21.0
23.73881963085163 22.0
23.783086395866427 21.0
23.798949765138094 22.0
23.87499268028851 21.0
23.886771800409697 20.0
23.9212754440582 19.0
23.92613896296436 20.0
23.9837337305508 19.0
23.989862888088936 18.0
24.02373792791602 19.0
24.09073299766785 20.0
24.114544649954556 19.0
24.14283051451338 20.0
24.14727802843752 21.0
24.170145153872678 20.0
24.20766518843017 21.0
24.253737677063402 22.0
24.263396149114406 23.0
24.274711291532086 22.0
24.300856691578193 23.0
24.307321504018752 24.0
24.314090430577423 23.0
24.35464175091587 24.0
24.382910923189623 25.0
24.3884523003523 26.0
24.418091447491214 27.0
24.465041229902095 26.0
24.482761140862078 25.0
24.542718337328203 24.0
24.58142732023069 23.0
24.671016496880366 22.0
24.70498494073171 23.0
24.76634691654223 22.0
24.794777114540235 23.0
24.843110100507143 22.0
24.87198626011612 23.0
24.88317411482414 24.0
24.895158573373354 23.0
24.913213222748308 24.0
25.172666847412327 25.0
25.180558170265403 24.0
25.199652752404656 25.0
25.230910863813097 26.0
25.241444031116856 25.0
25.263472529809242 26.0
25.30721081837662 27.0
25.333243805576895 26.0
25.353827468272637 25.0
25.391679741666305 26.0
25.398901206026792 25.0
25.447053446099286 24.0
25.5142089826971 25.0
25.52725378211645 24.0
25.550714545229518 23.0
25.575291003386415 22.0
25.59234957679961 23.0
25.63328770583581 24.0
25.64773110677153 25.0
25.67668895047848 26.0
25.683083032194272 25.0
25.7072311099403 26.0
25.707974448894834 25.0
25.71729021880724 26.0
25.72455714660026 25.0
25.730257806329416 26.0
25.774158958115766 25.0
25.778068523226686 24.0
25.790851646249834 23.0
25.901286986447488 22.0
25.93161194395647 23.0
25.932172828882614 24.0
25.96483174437868 23.0
25.96806568714668 22.0
25.979204586446276 23.0
26.0862015362814 24.0
26.104114692831118 23.0
26.106953290109594 22.0
26.169626968430357 21.0
26.17120893857544 22.0
26.173367493922978 21.0
26.196187391634393 20.0
26.360529125744826 19.0
26.387117909643937 20.0
26.38799056544683 19.0
26.438578070686237 20.0
26.44118132034844 19.0
26.449417043803674 20.0
26.456781790261555 21.0
26.46779411318087 22.0
26.467822894063037 21.0
26.493495147677304 20.0
26.627260177585512 21.0
26.666598527942156 20.0
26.67004729993938 19.0
26.685585261536918 18.0
26.70434184067755 19.0
26.7400719112555 18.0
26.789629401452103 17.0
26.79045008685647 18.0
26.822624979617817 17.0
26.833601432369083 18.0
26.956825697341245 17.0
27.003864524977775 16.0
27.05539734369993 17.0
27.077529933771377 16.0
27.10684256024537 17.0
27.116779784672545 18.0
27.125985712082663 17.0
27.1722932585192 18.0
27.177552645837032 17.0
27.187169800871406 18.0
27.236402517561388 17.0
27.29814664387609 18.0
27.324919066933017 17.0
27.364105605886913 18.0
27.372373569474767 19.0
27.374565414620157 18.0
27.456912043616757 17.0
27.48681947163289 18.0
27.514289718359606 19.0
27.520672297321948 20.0
27.537466391816405 21.0
27.58869140252428 20.0
27.597530037683715 19.0
27.599015272910588 18.0
27.61394578001052 19.0
27.645981899848643 20.0
27.713247132495642 19.0
27.718832672640232 20.0
27.799665131763263 21.0
27.802634452811912 22.0
27.804807592258996 23.0
27.810141721339026 24.0
27.83375855479545 23.0
27.841268255141294 22.0
27.90978506092815 23.0
27.98250759555637 24.0
28.026854119058125 23.0
28.05770261080754 24.0
28.12390199189308 25.0
28.13732336166849 24.0
28.23917354013606 23.0
28.244137706525812 24.0
28.251230350636927 23.0
28.31286483976214 24.0
28.31946679617169 25.0
28.339642753991697 24.0
28.382269422451653 25.0
28.386027411050776 24.0
28.41786751680984 23.0
28.427704065815565 22.0
28.48238382149302 21.0
28.48715903688411 20.0
28.490815437318275 21.0
28.503928475060874 22.0
28.51807003668076 23.0
28.520368843199144 24.0
28.537618938829326 25.0
28.53985048702482 26.0
28.624747554809865 25.0
28.646263875588925 24.0
28.73518748852673 25.0
28.74824092413472 24.0
28.82737014895491 23.0
28.858393173057586 22.0
28.876093726050758 21.0
28.897518162765724 22.0
28.953101007405824 21.0
28.990383023942044 20.0
29.057163690748375 21.0
29.059869292178064 22.0
29.073574715075196 23.0
29.077670606984164 22.0
29.08666210857046 23.0
29.109113335383803 22.0
29.149705320738104 21.0
29.182146459483008 20.0
29.410828864724017 19.0
29.45399141805316 18.0
29.48700734243323 17.0
29.48881178183656 18.0
29.493192221968624 19.0
29.53855139016934 18.0
29.57032775759726 19.0
29.618993997437943 20.0
29.66690827856055 19.0
29.685580096473096 18.0
29.713377865163576 19.0
29.774098044472634 18.0
29.83444085485583 17.0
29.91525074993885 16.0
29.91852737319543 15.0
29.9341678870865 16.0
29.94572697341584 17.0
29.988443417493666 18.0
30.013818793656153 19.0
30.048639105599605 20.0
30.079656538758577 21.0
30.088817439700527 20.0
30.09416021469951 19.0
30.09451444460945 20.0
30.0968635701269 19.0
30.107473924505502 20.0
30.140052860929398 21.0
30.177130345059407 22.0
30.20963286863108 23.0
30.24999462661041 22.0
30.31761353554396 23.0
30.372474982189278 22.0
30.39337214183447 21.0
30.426741903889685 20.0
30.514499876637178 21.0
30.544265762182544 22.0
30.584120390409154 23.0
30.5986634783937 22.0
30.610050233160223 21.0
30.613874698207745 22.0
30.645995273756935 23.0
30.656332786420872 22.0
30.660532334712023 21.0
30.678781477098756 20.0
30.704248975856217 21.0
30.71782151701675 20.0
30.883330644319173 21.0
30.947490307866374 20.0
30.953577618618514 21.0
30.99831949031168 20.0
31.00764312814859 19.0
31.037756545402512 18.0
31.039869465214817 17.0
31.04294352335658 18.0
31.043805554626466 17.0
31.05198245561463 18.0
31.070529093165003 19.0
31.07210588117826 20.0
31.120925352773703 21.0
31.137650430421274 22.0
31.158748511349796 21.0
31.16848005290448 20.0
31.184486396495412 19.0
31.190378201042822 18.0
31.198462023827123 17.0
31.201428207044763 18.0
31.239459983128032 17.0
31.264620805979312 18.0
31.27026459777201 17.0
31.299018368769314 18.0
31.350618405122393 17.0
31.35582938391562 18.0
31.366725909888757 19.0
31.38228034844717 18.0
31.39052534364466 17.0
31.40273446525663 16.0
31.427698088681275 15.0
31.47136776917499 16.0
31.4866912012751 15.0
31.530437384213954 16.0
31.54879589672167 15.0
31.608278808959334 14.0
31.62059191625579 13.0
31.65579086509041 14.0
31.693043627060128 15.0
31.694661126044547 14.0
31.70230698917563 15.0
31.715547076518046 14.0
31.80628078117029 13.0
31.865261561445465 12.0
31.905766015809434 13.0
31.978261082857973 12.0
32.03929329220959 13.0
32.04596605598973 14.0
32.046361347744494 15.0
32.04709856135666 16.0
32.05217518328781 17.0
32.066001742327266 18.0
32.19956206426366 17.0
32.21993167268431 18.0
32.28084504933448 17.0
32.3212186377205 18.0
32.370963750358854 19.0
32.38821728980046 18.0
32.52241920712981 17.0
32.534535812612816 16.0
32.54046253068073 17.0
32.54559196963212 18.0
32.55250343493281 19.0
32.5722801757756 18.0
32.57531517457897 17.0
32.58401062566949 16.0
32.624111633516904 17.0
32.6265432830114 16.0
32.629171708652365 15.0
32.65367658035372 16.0
32.66971920974125 17.0
32.67638648910662 18.0
32.68086848940182 17.0
32.71631733518676 16.0
32.753939368207796 15.0
32.76434679840337 14.0
32.78698412620121 13.0
32.81915766134205 14.0
32.84585876039583 13.0
32.88646347689884 14.0
32.939137636185535 15.0
33.00880935985913 14.0
33.02464331299959 15.0
33.039469459169176 16.0
33.124167778512316 17.0
33.24149545158683 16.0
33.26317681302331 15.0
33.2678974556291 14.0
33.28658875654056 15.0
33.298648117961356 14.0
33.31371196692665 15.0
33.39460675853682 14.0
33.403282353932404 15.0
33.40586479357657 14.0
33.40880963724352 13.0
33.41463764439507 12.0
33.424314120371015 13.0
33.44654877593615 12.0
33.46265905617513 13.0
33.49387594453038 12.0
33.590781975940075 11.0
33.64295812318657 12.0
33.64673860065188 13.0
33.64821439595689 14.0
33.73251491270092 13.0
33.74319189737828 12.0
33.78442563057616 11.0
33.82974475924854 12.0
33.83793059433589 13.0
33.85205646070076 14.0
33.860534163309104 13.0
33.89401107696525 12.0
33.957903191328555 13.0
34.01797273937697 14.0
34.032181843670664 13.0
34.059649861612925 14.0
34.09792502969501 15.0
34.12701664332689 14.0
34.14812557415076 15.0
34.15655631845856 14.0
34.20965463995978 13.0
34.302377211586034 14.0
34.33825902629871 13.0
34.34417064958577 14.0
34.406508401414115 15.0
34.42541664291287 14.0
34.430680119532646 15.0
34.45570219704221 16.0
34.460217250389825 15.0
34.460359089687145 16.0
34.50295903940991 17.0
34.508636348968935 16.0
34.52613767659077 15.0
34.55738425533424 16.0
34.637755188782975 17.0
34.64936088962086 16.0
34.668159765548914 15.0
34.69624965554 16.0
34.702089365825834 17.0
34.76055452823017 16.0
34.764328930129025 17.0
34.81510238127399 18.0
34.82826602528205 19.0
34.82845352623114 18.0
34.86006947102089 19.0
34.86842679910877 20.0
34.92340458059486 21.0
34.92986649284406 22.0
34.95754991498896 21.0
35.06103029077309 22.0
35.10757926795524 23.0
35.134645522193395 24.0
35.162727433190184 23.0
35.17966067867805 24.0
35.216432524477725 23.0
35.238717932277304 24.0
35.261688935858224 25.0
35.26552309533025 24.0
35.29709034527203 25.0
35.32781870969671 24.0
35.33799359405576 25.0
35.35105548460381 24.0
35.396019718970145 25.0
35.42991042548596 26.0
35.43187857425097 27.0
35.43513218571952 28.0
35.50636499357156 27.0
35.51089078255683 26.0
35.52022954831785 27.0
35.56527323458791 26.0
35.57819323339361 25.0
35.67804251427853 26.0
35.7021266389834 25.0
35.70221033293044 26.0
35.708357830914615 25.0
35.74382410327292 26.0
35.79367571966423 27.0
35.798153247044205 26.0
35.88712506353439 27.0
35.97184352510948 28.0
35.9733743517895 29.0
36.0047628130579 28.0
36.08651462684702 27.0
36.12171159192566 26.0
36.13371555533474 25.0
36.15405546113569 24.0
36.2292353670064 23.0
36.24774888917271 24.0
36.3422176010056 25.0
36.35314157633414 26.0
36.35736100861842 27.0
36.382579854006124 26.0
36.406812062299885 25.0
36.42634030174158 26.0
36.44730470659 25.0
36.48481904477264 26.0
36.528682759283974 25.0
36.52920750113739 24.0
36.54119149561375 25.0
36.625598869046975 24.0
36.68059184951388 23.0
36.70049859109365 22.0
36.728207835575084 23.0
36.789579831152196 24.0
36.88546650192476 23.0
36.88703259281726 22.0
36.98296394611971 23.0
37.0106052585506 24.0
37.02269480627426 23.0
37.08611988874298 24.0
37.0938017336353 23.0
37.1113834739318 22.0
37.154690675912896 21.0
37.167556080268106 20.0
37.171658368398994 19.0
37.183353595412584 18.0
37.19248224167577 17.0
37.27504202492253 16.0
37.290731895334986 17.0
37.40796026673644 18.0
37.51090881728841 17.0
37.551357374958 18.0
37.587995371692415 17.0
37.64915197753771 16.0
37.76104435145205 15.0
37.774342487672996 16.0
37.81147762613269 17.0
37.81163044961467 18.0
37.82623390121712 17.0
37.831662640707876 18.0
37.859563671364754 19.0
37.89607798717864 20.0
37.90783901163679 19.0
37.914125793621935 18.0
37.933078905921626 17.0
37.93458500955583 18.0
37.93847869596718 17.0
37.95529581749739 18.0
38.00098632138683 17.0
38.0271579455941 18.0
38.049652014889126 17.0
38.07132900078598 16.0
38.098886747801764 17.0
38.14077811093496 18.0
38.15955788528889 17.0
38.208968683762805 18.0
38.218732559075534 19.0
38.23129037146028 20.0
38.25687156407593 21.0
38.271456640437236 22.0
38.34710113633303 21.0
38.361294371048 22.0
38.39513382090421 23.0
38.416666276980195 22.0
38.461182238652235 23.0
38.470255612934146 22.0
38.47471609641335 23.0
38.50611051496327 24.0
38.513305303981085 25.0
38.52141219136545 24.0
38.52656758601227 23.0
38.60621455002488 22.0
38.61701760655774 21.0
38.64367531643552 20.0
38.6971848635337 21.0
38.766365430244356 22.0
38.804811240620474 23.0
38.826941162006506 22.0
38.92727217215979 21.0
38.95454873228452 22.0
38.99033905768003 23.0
39.03426768122179 22.0
39.03512498346745 21.0
39.05567991725079 20.0
39.07455166346936 19.0
39.075444396296895 18.0
39.08530644615298 17.0
39.08729184727146 16.0
39.17320895587877 17.0
39.269494207161074 18.0
39.27812140065998 19.0
39.30264377299583 18.0
39.415156565379746 17.0
39.43154181872356 18.0
39.44520981473921 17.0
39.46417491270787 18.0
39.473916731766074 17.0
39.573355943060946 18.0
39.63173940286484 19.0
39.71433854547638 20.0
39.762638689449616 19.0
39.766622479997 18.0
39.79195456611298 17.0
39.860233174587215 16.0
39.87091145213398 17.0
39.893023881867215 16.0
39.90349850965255 17.0
39.925399585424906 16.0
39.938093201176386 17.0
39.9401117905971 16.0
39.97722264124536 15.0
40.00828557845917 16.0
40.054325364651476 15.0
40.05972411963519 16.0
40.143807165748335 17.0
40.1472562369584 18.0
40.18592977815492 17.0
40.271812387399095 16.0
40.2953253720076 15.0
40.29917957236587 14.0
40.31911496028513 15.0
40.33527462100856 16.0
40.34257954709157 15.0
40.42192193059033 16.0
40.47076647954977 17.0
40.47404216624228 18.0
40.50551244503226 17.0
40.54431827860426 18.0
40.57710689041547 17.0
40.590130260320144 18.0
40.60419637000211 19.0
40.62900206017296 18.0
40.63553489266668 17.0
40.64812173864903 18.0
40.65850967760428 19.0
40.67056918138504 20.0
40.70462024665256 19.0
40.738095442578455 20.0
40.764789756611314 21.0
40.78241661030412 20.0
40.80704198985615 19.0
40.80718369160311 18.0
40.85505197534871 19.0
40.88500715062396 18.0
40.886697615281776 19.0
40.89040854082606 18.0
40.9259944797459 17.0
40.92611929466367 18.0
40.96724562189651 19.0
40.97367851798871 18.0
41.03341138046067 17.0
41.047752878056635 18.0
41.135549259827044 19.0
41.150473175938004 20.0
41.160560839600606 21.0
41.16944397642338 20.0
41.18395145579977 19.0
41.18919188855461 18.0
41.205857971147445 19.0
41.21501139231136 18.0
41.275804202189434 17.0
41.291631244772795 18.0
41.30717661560924 17.0
41.38383362113739 18.0
41.39137241524939 19.0
41.4456342291657 20.0
41.46246318231792 21.0
41.500612020567104 22.0
41.548012691803805 21.0
41.637438486374435 22.0
41.658901839966525 21.0
41.66339842287496 20.0
41.73192308118113 21.0
41.7595010178005 20.0
41.76214921003347 21.0
41.77269108246949 20.0
41.80699308801843 19.0
41.88038410973839 18.0
41.88781190630667 17.0
41.93493676195938 18.0
41.956921879143216 17.0
41.96113713739785 18.0
41.96938855511221 17.0
41.97859275270067 16.0
41.98911258914141 15.0
42.02770072160785 14.0
42.03693833136496 15.0
42.038931586808815 16.0
42.06296520067515 15.0
42.08697975980807 16.0
42.175493270341605 17.0
42.192322434274395 16.0
42.20901497151801 17.0
42.22115780297003 16.0
42.2238004373824 17.0
42.22802592153556 18.0
42.271727422202524 19.0
42.29070338753018 18.0
42.30406058364188 17.0
42.31327271146873 16.0
42.32610819876906 17.0
42.359483643584596 16.0
42.421424651750776 17.0
42.45578283258988 16.0
42.46376779623167 17.0
42.49470951085394 18.0
42.54474937026217 17.0
42.56677552686243 18.0
42.618270307858644 17.0
42.628019828669046 16.0
42.71564060439253 15.0
42.7348113393774 16.0
42.75945051839148 17.0
42.767262420535516 18.0
42.882400757526824 19.0
42.919153445395416 18.0
42.92699978381261 17.0
42.96652181152217 16.0
43.05103382754174 15.0
43.06117098504351 16.0
43.13950484596568 15.0
43.221155043935326 14.0
43.28157554431842 13.0
43.29920131044231 14.0
43.31738348010247 15.0
43.441463941325736 14.0
43.44514908985447 13.0
43.472115922472526 14.0
43.51436184511981 15.0
43.53379124415905 16.0
43.59558666620117 17.0
43.617573807943174 16.0
43.63218023667812 15.0
43.69172464398179 16.0
43.71006029762764 15.0
43.710530430053296 14.0
43.757158309806975 15.0
43.81540673951425 16.0
43.83188663925767 17.0
43.87106802894291 18.0
43.91369717317699 19.0
43.984478516139035 18.0
44.03739677849844 19.0
44.14476650664144 20.0
44.235102378293234 21.0
44.268398938433265 20.0
44.33335867252479 19.0
44.36548472285269 18.0
44.38108250188515 17.0
44.44315643035716 16.0
44.44439365315569 17.0
44.4737652489195 18.0
44.60428977396548 17.0
44.61706098842382 16.0
44.61727611515292 17.0
44.68148552059078 16.0
44.71134987145256 17.0
44.738266583904704 16.0
44.7784549549075 15.0
44.78099649306084 14.0
44.78482115194706 15.0
44.86261660818825 14.0
45.02994436016037 15.0
45.06742473801653 14.0
45.07587610650558 15.0
45.15290913618203 14.0
45.267597191472596 15.0
45.26880161582235 14.0
45.378859452072604 13.0
45.40882092963199 12.0
45.489707883618 11.0
45.520568755927535 12.0
45.582745024920456 11.0
45.670661358746635 12.0
45.674862254167 11.0
45.75367996318822 12.0
45.78038954635957 13.0
45.81311613581579 12.0
45.900496831364826 11.0
45.92747207468899 10.0
45.931327240752644 9.0
45.934143858593394 8.0
45.96922378765462 9.0
46.12718589177715 10.0
46.13589950730767 9.0
46.169747950897715 10.0
46.17118155325385 9.0
46.187762098907605 8.0
46.197589879058306 7.0
46.2731662499873 8.0
46.299035180295085 7.0
46.30957968206468 8.0
46.32464907141032 9.0
46.352108054513586 10.0
46.38731549406988 9.0
46.40764916252314 10.0
46.475989552410155 9.0
46.48818058548129 8.0
46.51634748398919 9.0
46.55612931721784 8.0
46.67192383931307 9.0
46.683579432807335 10.0
46.731539148302154 9.0
46.75606621868213 10.0
46.799310811880865 11.0
46.8333503613116 12.0
46.83662725659612 11.0
46.87888412335438 10.0
46.92087500873621 11.0
46.92819972867471 10.0
46.99371008731585 9.0
46.99386868174989 10.0
47.1455037875016 9.0
47.237962973068754 8.0
47.25407411009636 9.0
47.3095013032945 10.0
47.40347727169445 11.0
47.477268181111974 12.0
47.54286149070023 11.0
47.69515473281486 10.0
47.72366074130529 9.0
47.72582044603578 8.0
47.8092092182473 9.0
47.80936601464186 8.0
47.85597858720611 9.0
47.933372157446 8.0
47.969053797015235 9.0
47.98145741059181 10.0
48.00056344806574 9.0
48.05891202273096 10.0
48.15184054582343 11.0
48.16177833480118 10.0
48.16608839617179 11.0
48.16747561356485 10.0
48.219671283613785 11.0
48.22460018782838 12.0
48.22883024210249 11.0
48.28568240920548 10.0
48.302772894269566 11.0
48.32945578922768 12.0
48.36272613219289 13.0
48.42189978616515 12.0
48.45872593778183 11.0
48.488959507803706 12.0
48.50473559580875 11.0
48.50934751811097 10.0
48.53100448662962 9.0
48.5383137933249 10.0
48.55651091259381 11.0
48.568406519933454 10.0
48.61153846389749 9.0
48.72145622254739 8.0
48.72699235758271 9.0
48.744569175497084 8.0
48.81773972277791 9.0
48.991201807219525 10.0
49.05377654122644 11.0
49.05716572824156 12.0
49.09420799662061 13.0
49.102335772020695 14.0
49.14245448956887 13.0
49.14445249474229 14.0
49.16148210479799 15.0
49.21098075217513 14.0
49.23059405180566 13.0
49.237825060571474 14.0
49.25761504224246 13.0
49.52659910316897 12.0
49.5350794921246 11.0
49.550915799722965 12.0
49.557774467001344 11.0
49.5951347666268 10.0
49.603446614349465 11.0
49.63333204605734 12.0
49.80054496674628 11.0
49.82393629054196 12.0
49.85719976900292 11.0
49.85764446930928 12.0
49.86131491813077 13.0
49.94416301273924 12.0
50.05281325438593 13.0
50.07215519152088 12.0
50.108237596016444 13.0
50.186101904056954 14.0
50.237255809037116 13.0
50.23908395079818 14.0
50.23929621435886 13.0
50.2673487214891 14.0
50.31242429650022 13.0
50.341615304637784 12.0
50.419206830309555 11.0
50.42008351650359 10.0
50.52430205769281 11.0
50.558313646219204 12.0
50.56798159575094 11.0
50.62162364096919 12.0
50.63457795390565 13.0
50.66919189329451 12.0
50.72020675614063 13.0
50.80322049949934 14.0
50.811350947933406 15.0
50.882314067704 14.0
50.91253090703935 15.0
50.97845556258731 14.0
50.9833890421999 13.0
51.04738100193705 12.0
51.050625939822055 11.0
51.13641747231756 10.0
51.300172079504215 9.0
51.33490780485045 8.0
51.38981993658173 9.0
51.45490195290741 8.0
51.548347898988126 9.0
51.58763887623548 8.0
51.58858935904664 7.0
51.6110531068014 8.0
51.63811710191894 9.0
51.664455968007374 8.0
51.71969002924447 9.0
51.728143330320606 10.0
51.74863969894241 11.0
51.80990875186058 12.0
51.90709015268759 13.0
51.91031796453599 14.0
52.00505289567124 13.0
52.02685647233347 12.0
52.11060281230602 13.0
52.21755673101404 12.0
52.25750055608282 13.0
52.27309657742905 14.0
52.27776399354791 15.0
52.2905600199595 14.0
52.33013907016769 15.0
52.43222828112442 14.0
52.433602521430565 15.0
52.43772573952392 14.0
52.50481134129162 15.0
52.5742958982791 16.0
52.609589983277665 15.0
52.61759644546133 14.0
52.6212376891076 15.0
52.72521004623949 16.0
52.807998099371744 15.0
52.943097169532315 16.0
52.98402196075636 15.0
53.10775960531507 16.0
53.1123861805188 17.0
53.114789918557314 16.0
53.1489726757331 15.0
53.165838503651756 14.0
53.39299908286283 13.0
53.460563816842786 14.0
53.49003676176526 13.0
53.59010620789698 12.0
53.59870580147864 13.0
53.643814243754385 12.0
53.64623413235806 13.0
53.686586619804814 12.0
53.69200814299817 13.0
53.69538459134051 12.0
53.69942412893148 11.0
53.720850798490936 12.0
53.78771352059727 13.0
53.8003263840862 14.0
53.82599033273551 13.0
53.82861064929671 14.0
53.835390697599735 15.0
53.8454872742076 16.0
53.87795244212531 17.0
53.896897511929126 18.0
53.998872723124485 19.0
54.02874249355006 18.0
54.04743210210644 19.0
54.06015139838115 18.0
54.081104508700754 17.0
54.082896785234325 16.0
54.12402694118053 15.0
54.14198480297823 16.0
54.171120151285606 15.0
54.18337327639551 16.0
54.346040054174864 15.0
54.364471743612214 14.0
54.402998901376016 15.0
54.43095987354878 14.0
54.52037174924065 15.0
54.544607012986226 16.0
54.57763615332383 15.0
54.619703162306635 14.0
54.63167293758287 13.0
54.633365458896726 14.0
54.721962515272224 15.0
54.72718110300543 14.0
54.78418888785407 13.0
54.93947778784293 14.0
54.972982092226694 15.0
55.029409043447394 16.0
55.02944421824566 17.0
55.104868689069704 16.0
55.10755165379465 15.0
55.11404287139387 16.0
55.15011567142014 15.0
55.15267074974373 16.0
55.15580910687725 15.0
55.17760291810435 14.0
55.21039613176968 13.0
55.213124723246196 14.0
55.23920367723961 15.0
55.29234942839335 14.0
55.31979196013854 15.0
55.33810687831286 16.0
55.37403411005175 15.0
55.38295399345877 14.0
55.40973764533382 13.0
55.45619041594587 12.0
55.459962071606164 13.0
55.47591763453281 14.0
55.51790082551556 13.0
55.522179851456116 14.0
55.5575729084009 15.0
55.64855728580962 14.0
55.65347178999769 15.0
55.66542866006022 14.0
55.68921718433834 15.0
55.790934336907455 14.0
55.81340863873068 13.0
55.81449087854786 12.0
55.87462685858859 13.0
55.875347537871214 14.0
55.93854741306662 15.0
55.973688143601876 14.0
56.01688013829519 15.0
56.04247330228691 14.0
56.10870637686758 15.0
56.175232645312434 14.0
56.21716672908903 13.0
56.21805768651966 14.0
56.23433918565341 13.0
56.26612144030226 14.0
56.288610568842984 13.0
56.311199358571045 14.0
56.41879417351682 15.0
56.45479600435936 14.0
56.47478044693425 15.0
56.486782499851266 16.0
56.557601526363605 15.0
56.58580287210977 14.0
56.6530757567441 13.0
56.7937560678731 12.0
56.81814693325345 13.0
56.83393740910734 12.0
56.86564178196509 11.0
56.962630889097426 12.0
57.034012052124204 13.0
57.03472571416049 14.0
57.05138028101116 13.0
57.10060276456625 14.0
57.129005058133636 13.0
57.21254234600627 14.0
57.24728938374355 15.0
57.266392412208845 16.0
57.46473773275477 17.0
57.466481561781976 16.0
57.523727946020074 15.0
57.53544597399417 14.0
57.54683319282466 15.0
57.594702350229156 14.0
57.60005512137941 15.0
57.71303857993048 14.0
57.75931818763777 15.0
57.79095741480702 14.0
57.793771205296444 15.0
57.83573413900054 14.0
57.90899936343958 13.0
57.91993151463992 14.0
57.96122758394867 15.0
57.995064767090014 16.0
58.0443135462686 15.0
58.08387604963011 16.0
58.086552876680436 15.0
58.09245721617717 16.0
58.113178546198995 17.0
58.20019127721801 18.0
58.225683787367274 19.0
58.24075992295504 18.0
58.26214352891672 17.0
58.30865536421404 16.0
58.34388725647017 17.0
58.40506895329964 18.0
58.41558608188036 19.0
58.480569853336256 20.0
58.591611859606836 19.0
58.64612747216357 18.0
58.64896390967409 19.0
58.68586094139542 18.0
58.68965718980726 17.0
58.70336853367348 16.0
58.77415477013173 17.0
58.787462589656634 18.0
58.8193211722083 17.0
58.87133242115335 16.0
58.945626787170724 15.0
59.005762080943285 14.0
59.0329434481628 13.0
59.08200603068826 14.0
59.102614581024554 15.0
59.148187886011186 16.0
59.23060455627031 15.0
59.26404971187664 14.0
59.31978838122553 13.0
59.40076278259457 14.0
59.4840393914147 15.0
59.488636568052534 14.0
59.714826134465795 13.0
59.72600299089641 12.0
59.73110366562223 11.0
59.75322622402377 12.0
59.78327505167727 13.0
59.93656293336996 14.0
59.96106381644417 13.0
60.02284055485836 14.0
60.04477947466966 13.0
60.06896521202631 12.0
60.09012839077845 13.0
60.20329213927762 14.0
60.20550842300046 15.0
60.21398038033305 16.0
60.21756912294207 15.0
60.27590311945032 16.0
60.30183399329136 15.0
60.30517162273707 14.0
60.386798866628084 13.0
60.40086527707572 14.0
60.4070303793492 15.0
60.42575132278433 14.0
60.43435614008785 15.0
60.60597412277604 14.0
60.71337851108829 15.0
60.817906254107 14.0
60.833934639509366 13.0
60.85705220505144 14.0
60.89306600952573 13.0
60.938141518657645 12.0
60.94910773195045 11.0
60.9643177466624 12.0
60.97683971161973 11.0
60.98252193982003 12.0
61.10848341025419 11.0
61.145413107522764 12.0
61.17425543454595 11.0
61.182991825911024 12.0
61.22263062728495 13.0
61.236699022346315 12.0
61.2805717214001 13.0
61.29426363235447 14.0
61.31137782646431 15.0
61.32561958420686 14.0
61.34977453444103 13.0
61.37242524794463 14.0
61.38266796316418 13.0
61.41922335561751 14.0
61.59304741007824 13.0
61.602771587902254 14.0
61.64379470919578 13.0
61.665203256757366 12.0
61.677043877948584 11.0
61.70520876204549 10.0
61.70976569083346 11.0
61.77198276280277 12.0
61.773996331195555 11.0
61.78262535411303 10.0
61.78315385046938 9.0
61.81763374561618 10.0
61.87709910922627 11.0
61.909738863836594 12.0
61.9117764026005 13.0
61.95963096615548 12.0
62.00959013545704 13.0
62.01752916345474 14.0
62.033308935735924 15.0
62.18732691679681 16.0
62.22164193245334 17.0
62.4171880514677 16.0
62.431070660159904 15.0
62.47009189278972 14.0
62.490960691661876 15.0
62.51388551560213 16.0
62.517334181843516 15.0
62.5389974671167 14.0
62.55358906539304 13.0
62.57854075407354 14.0
62.68397877045092 15.0
62.698658612159086 16.0
62.72163552059495 15.0
62.83920871987198 14.0
62.866043698973705 13.0
62.89403946158125 12.0
62.90301978740854 11.0
63.04414547405213 12.0
63.08817859921328 13.0
63.12685514324549 12.0
63.18588374903304 13.0
63.212786600582646 12.0
63.32844781089301 11.0
63.35919007968464 12.0
63.365366105593424 11.0
63.46546240185484 12.0
63.478080003570376 11.0
63.51641280382031 12.0
63.54634486409654 11.0
63.56771391228235 12.0
63.591588387602066 13.0
63.59420928429679 14.0
63.646186072178686 15.0
63.72155106090637 14.0
63.72561080278249 15.0
63.83551549959673 16.0
63.9128361963456 17.0
63.99676262284146 18.0
64.03980303243885 19.0
64.05920752378537 18.0
64.06994939624373 19.0
64.08470879510392 18.0
64.11644430416297 17.0
64.1300264658195 18.0
64.19782202076027 17.0
64.20470298539118 18.0
64.26353177968355 19.0
64.37886725420259 18.0
64.39216483729466 19.0
64.4271562779841 20.0
64.48531567803272 21.0
64.58208530366592 22.0
64.59967213166613 21.0
64.60322687354001 22.0
64.68257471966028 21.0
64.68457868391418 20.0
64.70983644353846 19.0
64.7183031762448 18.0
64.77892328482358 19.0
64.91513927956757 18.0
64.93775599098272 17.0
64.99151404934105 16.0
65.01528439706917 17.0
65.01613863435745 18.0
65.13716049431193 19.0
65.17474185940965 18.0
65.18481335103422 19.0
65.1938984581622 18.0
65.20300495473408 17.0
65.21618039064575 16.0
65.2227899126331 17.0
65.26184731912582 16.0
65.29550536147921 17.0
65.33605369805308 18.0
65.3729503174462 17.0
65.39805796871143 16.0
65.41510606707668 17.0
65.51067261715407 18.0
65.57326868088396 17.0
65.61311425665319 18.0
65.62287771017765 17.0
65.69208333319271 16.0
65.77494890916992 17.0
65.79567869180559 16.0
65.82695110192323 15.0
66.04978164358299 14.0
66.08270842587282 13.0
66.16495041897286 12.0
66.22103897743617 11.0
66.26515019087299 12.0
66.2969865940488 13.0
66.4251567266107 14.0
66.48689412345213 15.0
66.51166268143244 14.0
66.52264700831148 15.0
66.53937290424051 14.0
66.63371945963982 13.0
66.7528479594344 14.0
66.7707333736673 15.0
66.78968178811498 16.0
66.80730082404871 15.0
66.81807565324733 14.0
66.83806409886816 13.0
66.83960615886251 14.0
66.8439938888463 13.0
66.93675111724377 14.0
66.96214465044567 15.0
67.0056766534239 14.0
67.01777956414114 13.0
67.11207080950633 14.0
67.15885750703433 15.0
67.18494215948756 14.0
67.18527971016661 13.0
67.19169702593246 14.0
67.26781831052634 15.0
67.30853088365862 14.0
67.3189670747874 13.0
67.35672706950642 12.0
67.38268901992713 13.0
67.38558227628232 14.0
67.50160170588896 15.0
67.55203385169618 14.0
67.57782777628228 15.0
67.6086358849297 16.0
67.64022823855093 17.0
67.71698301561419 16.0
67.77512088520575 15.0
67.79290399398407 16.0
67.80404657972736 15.0
67.90188098911364 14.0
67.95522621752573 15.0
67.95800094815593 14.0
67.96815442128072 15.0
68.10343659418659 14.0
68.11347756091628 13.0
68.2062852805499 14.0
68.22950741668718 15.0
68.23826683204786 14.0
68.28816163819269 15.0
68.30558932778257 16.0
68.30776594826764 15.0
68.31372626854692 16.0
68.35870036566203 15.0
68.3647125355137 16.0
68.3749033052158 17.0
68.46345011282997 16.0
68.47952839912467 17.0
68.53235940442941 16.0
68.53239507343106 15.0
68.53659669012133 16.0
68.55017638738713 17.0
68.64014477823186 18.0
68.65985338039805 19.0
68.70801449803366 18.0
68.75169633401511 17.0
68.85642952086596 16.0
68.87856036550377 15.0
68.93084444158215 14.0
69.02468617272405 13.0
69.08377574165699 12.0
69.12155576815343 11.0
69.15527519077934 12.0
69.16533227925827 13.0
69.17118961606104 14.0
69.21066318551485 13.0
69.28891360668948 14.0
69.31535255192131 13.0
69.32037860547422 14.0
69.37765198829064 13.0
69.4244269686945 14.0
69.51629348479673 15.0
69.62781944315229 16.0
69.64864095195283 15.0
69.6645714231701 14.0
69.73357230582528 13.0
69.74769026847238 14.0
69.81354884485665 13.0
69.83819299675439 14.0
69.86432597418855 13.0
69.90792337107663 12.0
69.98348407267088 11.0
69.99132893522663 12.0
70.03189199201591 11.0
70.24051551098982 10.0
70.28234978036137 11.0
70.2988030515112 12.0
70.3201634717665 11.0
70.3359251836357 10.0
70.42153836521783 9.0
70.51270418576043 10.0
70.55291233900779 9.0
70.56206782095106 10.0
70.59565133081077 11.0
70.61333305420719 10.0
70.63072007278095 9.0
70.6366278104162 10.0
70.65957060277098 9.0
70.771929265678 10.0
70.7719606198175 9.0
70.77267719700968 10.0
70.77668741932767 11.0
70.78048321619464 12.0
70.87699496570757 11.0
70.9175877829469 12.0
70.92732494464732 13.0
70.95771368090888 14.0
70.97418320018171 15.0
70.99008304685574 14.0
70.99572199156748 13.0
71.15082803726092 14.0
71.15244856590087 13.0
71.2471684705519 14.0
71.25058346156338 13.0
71.26921393403353 12.0
71.45683007571314 11.0
71.46228208201981 10.0
71.47570335788929 9.0
71.65299791922945 10.0
71.79572682580047 9.0
71.79914463245672 8.0
71.94875200921622 9.0
71.99595726658758 10.0
72.05197334410494 11.0
72.1039526424385 12.0
72.14593709725304 13.0
72.2100878475455 12.0
72.21844311771025 13.0
72.29811821227221 14.0
72.31668457327443 15.0
72.33499271433101 14.0
72.38992130842324 15.0
72.43927056672244 16.0
72.44708570495274 15.0
72.46410146987228 16.0
72.50401092546572 15.0
72.53318455320479 16.0
72.57482015338087 15.0
72.60113928881701 14.0
72.6219306085805 15.0
72.69049926011054 14.0
72.70294076037173 15.0
72.82506451104597 14.0
72.86887985497971 15.0
72.97034354854624 14.0
73.03682631692092 13.0
73.07733080668761 12.0
73.08319190783375 13.0
73.11874848069071 14.0
73.13933291144251 13.0
73.18441046117111 14.0
73.29539574094771 15.0
73.34029068546812 14.0
73.39734901540774 15.0
73.42598560679153 16.0
73.438826683135 15.0
73.44820169679893 14.0
73.47330483606561 15.0
73.55051818575984 14.0
73.59465059585098 13.0
73.66758312847205 12.0
73.68542990938997 13.0
73.6895491542043 14.0
73.7176614097575 15.0
73.7452469533075 14.0
73.77592199874225 15.0
73.87469803698895 14.0
73.88374878602791 15.0
73.9174142491139 14.0
73.92521049223969 15.0
73.95057415479637 16.0
73.9656506447383 17.0
73.96901484255378 18.0
74.01275148415775 19.0
74.0447641740029 18.0
74.06320606017238 17.0
74.12784909184059 16.0
74.14910443703717 17.0
74.25740645598927 18.0
74.31254688163514 17.0
74.36060096642225 16.0
74.37437095652916 15.0
74.37708456550186 16.0
74.37938637504854 15.0
74.44230082978481 16.0
74.52865374320119 15.0
74.55705945313196 16.0
74.57575961710846 15.0
74.59075476572491 14.0
74.649818134321 15.0
74.69510351451795 14.0
74.71006455431345 15.0
74.71053654707754 16.0
74.72889136325344 17.0
74.74752708133249 16.0
74.7739095711877 15.0
74.83807147970109 16.0
74.87005639675012 17.0
74.90901037883948 16.0
74.91233892563494 17.0
75.00322180748566 18.0
75.04465957708527 19.0
75.07731430843954 18.0
75.10613636896862 17.0
75.16065995129759 16.0
75.18890381981296 17.0
75.21097852705034 18.0
75.22417636129818 17.0
75.27192556146329 18.0
75.27673744648025 17.0
75.3700185147084 16.0
75.43046779268414 17.0
75.47719066850388 16.0
75.52140196993157 17.0
75.55819630685423 18.0
75.57843517079493 19.0
75.59183531787023 18.0
75.59465177693922 17.0
75.69091322748962 16.0
75.70271105249033 15.0
75.733611139198 16.0
75.74908353477132 15.0
75.8472685314267 16.0
75.87464273599825 15.0
75.88067981975226 16.0
75.90034239217216 15.0
75.9045228955897 16.0
75.97034992862291 15.0
75.98322241295902 14.0
76.00495908767506 15.0
76.0927888414666 16.0
76.17430776676511 15.0
76.18725186457615 16.0
76.19515389140892 15.0
76.2068542942065 14.0
76.23624972365243 13.0
76.2412372212702 14.0
76.26469654194963 13.0
76.35411845582735 12.0
76.35577463775395 13.0
76.3708623323874 12.0
76.40823244218146 13.0
76.40990701905672 12.0
76.41877682847844 13.0
76.47489523651244 14.0
76.50971486136247 15.0
76.53872433174745 14.0
76.54858215547087 15.0
76.5666102370494 16.0
76.62058814321601 17.0
76.65748741308585 16.0
76.67048848922043 17.0
76.78189594310979 16.0
76.78342838514624 17.0
76.79949953435916 18.0
76.8146795092407 17.0
76.82925687489353 16.0
76.87000073378573 17.0
76.90539027532714 18.0
76.99413028101597 19.0
77.03182848805896 20.0
77.04396459956855 19.0
77.06624181424488 20.0
77.09597973553441 19.0
77.15537071293224 18.0
77.17193944287742 19.0
77.34445917503801 20.0
77.34647148891783 19.0
77.44540958192789 18.0
77.5231318009243 19.0
77.58337322113329 18.0
77.59119604659169 19.0
77.61837993649871 18.0
77.63017342852373 17.0
77.6542296255996 16.0
77.66375193914195 15.0
77.72513637211593 16.0
77.74247568048956 17.0
77.77234015326314 18.0
77.77764802982406 19.0
77.7920501935337 18.0
77.80628039936657 19.0
77.85546552038309 18.0
77.85671304259013 19.0
77.90744196290866 20.0
78.11602560708864 19.0
78.13797108765512 20.0
78.1904258212184 19.0
78.22065682360969 18.0
78.24310738698469 17.0
78.40648682325026 18.0
78.41879042726598 17.0
78.55304597789618 16.0
78.55857398917502 17.0
78.62136360590405 18.0
78.63996920821384 17.0
78.65430723406485 18.0
78.66070416426554 17.0
78.70468323490167 16.0
78.70686821964537 17.0
78.7563435722782 16.0
78.82649215630076 17.0
78.90552694329828 18.0
78.90913714853768 19.0
78.98743982901509 18.0
78.99457838207212 19.0
79.01898699107946 20.0
79.03153103887206 19.0
79.03460459328227 18.0
79.27215854993882 17.0
79.30806661395904 18.0
79.31187712211396 17.0
79.44017173120544 16.0
79.44351824339049 15.0
79.44812484158875 16.0
79.46055913933677 17.0
79.50576963300627 18.0
79.5267747026526 19.0
79.58740157918908 18.0
79.61752062105859 17.0
79.63132228900889 18.0
79.64612111149297 19.0
79.69812270408129 20.0
79.74571798661574 21.0
79.76558984689693 22.0
79.88547473146744 21.0
79.94027636258971 22.0
79.94087862525271 23.0
79.94111018046081 24.0
79.94132392769478 23.0
79.95327894809228 22.0
79.99359271102139 21.0
80.01451647680814 22.0
80.01800644936384 21.0
80.02998668217654 20.0
80.16670036276417 19.0
80.17158178858318 18.0
80.17403597510356 17.0
80.27496818370203 18.0
80.2772586440222 17.0
80.30258970838413 16.0
80.35258581169232 15.0
80.35783535177396 16.0
80.37854983101936 15.0
80.38850142923624 16.0
80.40524624739818 17.0
80.49249403876553 16.0
80.49692999686405 15.0
80.56388937856465 14.0
80.64764325302494 15.0
80.71015772313372 14.0
80.73008376802416 15.0
80.73111467540518 14.0
80.73349840874218 15.0
80.74839806691602 16.0
80.76240973003944 17.0
80.80133201646093 18.0
80.8461774453272 19.0
80.8480800781028 18.0
80.86813629391128 19.0
80.94516889453055 18.0
81.00200057695714 19.0
81.01228161750912 18.0
81.0282455283891 17.0
81.13329697517437 18.0
81.13740201476104 19.0
81.14529592055833 20.0
81.2761403238148 19.0
81.32578908554544 18.0
81.34817333593593 17.0
81.43712629062894 16.0
81.45929183046329 15.0
81.47654059191845 16.0
81.50057417115602 17.0
81.53450798223153 18.0
81.60790210599245 19.0
81.64335089665674 20.0
81.66479861095642 21.0
81.66720675656447 22.0
81.72749707603109 21.0
81.77391817296555 22.0
81.77729613347795 23.0
81.77986777486115 24.0
81.8788064090584 25.0
81.91047144467572 24.0
81.94734062656764 23.0
81.97680111190242 24.0
81.99454641927962 25.0
82.0152931163519 26.0
82.03294180936086 25.0
82.0706840849497 24.0
82.07565780530757 25.0
82.09388928509138 24.0
82.09529546178307 23.0
82.10091064350536 24.0
82.16650952571432 25.0
82.19128658975865 24.0
82.1968258096154 25.0
82.20730838930727 24.0
82.21198683237252 23.0
82.23595744676506 22.0
82.27331456759838 21.0
82.28055883786055 20.0
82.33326784427776 21.0
82.38647883156257 20.0
82.41671867496109 19.0
82.42980540919436 20.0
82.4611286792662 21.0
82.53628773362249 20.0
82.57724922419074 19.0
82.64181136197399 18.0
82.64463707100211 19.0
82.65518600728622 18.0
82.65711618591985 17.0
82.74538252227507 18.0
82.77937655847771 17.0
82.78059324526468 18.0
82.80113433572711 17.0
82.81411921927652 18.0
82.84799647828939 19.0
82.8514207070358 18.0
82.85154612931417 17.0
82.88255320389645 16.0
83.01158721152964 17.0
83.08342683392956 16.0
83.11885482567074 17.0
83.12309292397325 16.0
83.13141116790538 17.0
83.15342673164373 16.0
83.1651082849144 15.0
83.17372708695784 14.0
83.19550123173548 15.0
83.3033454864679 16.0
83.35422447693425 17.0
83.40281157556485 18.0
83.432583290105 19.0
83.43887127988546 18.0
83.5384670267061 17.0
83.56487167790806 18.0
83.57296558618148 19.0
83.58517706526611 20.0
83.6048371424114 19.0
83.6222400604326 20.0
83.68278862047056 19.0
83.68384431056498 18.0
83.6883982407885 17.0
83.69070469946347 18.0
83.69082433292668 19.0
83.74025356371173 20.0
83.74214254441007 19.0
83.8035082703049 18.0
83.80489623246608 17.0
83.80710478718169 16.0
83.8360138496775 17.0
83.84548472323208 16.0
83.85901362449748 17.0
83.8615287382196 18.0
83.8686756522292 17.0
83.88616689012 18.0
83.94714727490671 19.0
83.97493293199798 20.0
83.99151172427486 21.0
84.00483959612478 20.0
84.00493936928285 19.0
84.09762574478938 20.0
84.13704439497693 21.0
84.15488832920468 20.0
84.21726831310151 21.0
84.28927224688023 20.0
84.29256302529087 19.0
84.31211346792342 18.0
84.38465976747447 17.0
84.40755515283382 18.0
84.4171690218063 19.0
84.43085257231957 18.0
84.45627367206053 19.0
84.53273080996047 18.0
84.5341196907727 19.0
84.53581267437511 18.0
84.56321281161044 19.0
84.58926339641073 18.0
84.61026021228751 17.0
84.63906476762129 18.0
84.64002413024672 17.0
84.66257360418108 18.0
84.68113061193965 19.0
84.6827422255468 20.0
84.68894429029241 19.0
84.73597420066335 18.0
84.8132639907907 19.0
84.81553929273124 20.0
84.84792011118267 19.0
84.89094569869857 18.0
84.90257795001023 17.0
84.90450779022346 18.0
84.95014597196433 19.0
84.95865162582326 18.0
84.96935203694456 17.0
84.97887611161765 18.0
85.06805096355482 19.0
85.11232040219396 18.0
85.118252587345 17.0
85.13065306285448 18.0
85.14165548672031 19.0
85.19179037433612 18.0
85.23096634750758 17.0
85.2341117958569 16.0
85.31608778056881 15.0
85.34513524809311 14.0
85.40822397325455 13.0
85.4569871598506 14.0
85.531841118685 13.0
85.55542203559858 14.0
85.557444404044 15.0
85.57518845467374 16.0
85.5935855918389 17.0
85.63181693260174 18.0
85.68513635072802 17.0
85.74509179891537 18.0
85.80996763811515 17.0
85.81621635015887 18.0
85.84096604400432 19.0
85.84632249258058 20.0
85.89080355957721 19.0
85.90100069804744 20.0
85.92774023381011 21.0
85.94245728573276 20.0
85.99310900246003 19.0
86.07539556463585 20.0
86.08108110603847 21.0
86.08544282425163 20.0
86.11595166032687 21.0
86.13354922804527 22.0
86.22095453820802 21.0
86.22911473054675 22.0
86.25841157944926 23.0
86.29794511390969 24.0
86.32198737094515 23.0
86.3519360535572 24.0
86.35859322702252 23.0
86.36137672102397 22.0
86.36273825650886 21.0
86.36306933922943 20.0
86.39284473695751 19.0
86.39464836688396 20.0
86.4269328848888 19.0
86.44178919773911 18.0
86.46601988839731 19.0
86.50613556281651 18.0
86.51439701674944 17.0
86.54401704445873 16.0
86.56557758440348 15.0
86.60217633170343 14.0
86.63563847537074 15.0
86.66726135934836 16.0
86.77093262094414 17.0
86.82703807282506 18.0
86.89517540095204 17.0
86.92302435234812 18.0
86.93744340437699 19.0
86.9407425418424 18.0
86.94110056071976 17.0
86.9572958413517 18.0
86.96452162799403 17.0
86.97245655425677 18.0
87.05887906841981 17.0
87.09381593207425 16.0
87.1368702805709 15.0
87.18401792495013 14.0
87.23939799715593 15.0
87.31101061607558 14.0
87.31332707443397 15.0
87.32782638936563 14.0
87.35979074819305 15.0
87.36152811169937 16.0
87.37936065975693 15.0
87.39263319345186 14.0
87.40940672897759 15.0
87.41150149830506 14.0
87.41159088947546 15.0
87.47184491103549 14.0
87.49024816949104 15.0
87.54128888044025 14.0
87.57413653804771 13.0
87.76174824279137 14.0
87.77408342498197 13.0
87.79927925021032 12.0
87.81883522976494 11.0
87.83776025754352 12.0
87.87802347026425 13.0
87.89791644973444 14.0
87.93310000081807 15.0
87.94198847727536 14.0
87.96168213067527 15.0
87.96366748728248 16.0
87.9798351555569 15.0
87.99162333397753 16.0
88.00165393289174 17.0
88.04047539872911 16.0
88.14462033101942 15.0
88.16806658106387 16.0
88.19553648753931 15.0
88.20634390556906 16.0
88.25473838882387 15.0
88.28478569210411 16.0
88.34488264963667 15.0
88.34765302424205 14.0
88.35234080745866 15.0
88.37902521436422 16.0
88.58846193145509 15.0
88.6032944197079 16.0
88.61173111214667 17.0
88.61379675402554 16.0
88.62327667542041 17.0
88.71152423680596 18.0
88.73264643946031 17.0
88.74213706018264 16.0
88.76716528607 17.0
88.81977971429704 16.0
88.87772165285672 17.0
88.8958164850262 16.0
88.919086892257 15.0
88.92493754624564 14.0
88.92710684700421 13.0
88.98227334140215 12.0
89.08215198481805 13.0
89.14829854710268 14.0
89.17013119192383 15.0
89.19396127101767 14.0
89.28088666855847 15.0
89.28121883063689 16.0
89.30883446196073 15.0
89.34659630266937 14.0
89.35935065373818 13.0
89.37726520343608 12.0
89.4774558535993 11.0
89.4801860828272 12.0
89.52874822178276 13.0
89.59728486122546 12.0
89.67398247139288 11.0
89.74316819399644 12.0
89.80565913824034 11.0
89.85481705533174 12.0
89.96154941970038 13.0
90.05714991930063 12.0
90.22382295217753 11.0
90.24297615276421 12.0
90.24670801415769 11.0
90.38074448940932 10.0
90.5476609184902 9.0
90.5971511241478 8.0
90.61967427461057 9.0
90.70453877239412 10.0
90.81678197789488 11.0
90.86245663160615 12.0
90.87749290115889 11.0
90.94244995627149 12.0
90.95189797458028 13.0
90.96249726047029 12.0
90.97546515722573 13.0
91.01652079079516 14.0
91.05074587127162 15.0
91.05635089415681 16.0
91.06375040172252 17.0
91.070147822904 18.0
91.11873748105788 19.0
91.13109946131488 18.0
91.22341485036148 19.0
91.24948474373842 18.0
91.28771991802675 19.0
91.43022609875301 18.0
91.4753623767291 17.0
91.49522139401034 16.0
91.51413045313899 17.0
91.57497778933237 18.0
91.60055408166002 19.0
91.62933563299276 18.0
91.63351617034719 19.0
91.65708994056324 20.0
91.66071550431346 19.0
91.77049875336408 18.0
91.77892078771345 17.0
91.79960828404153 16.0
91.80523835274994 15.0
91.80821221509794 16.0
91.84340903775421 17.0
91.85274205009222 18.0
91.86161141667645 17.0
91.87712853928768 16.0
91.96795691214702 17.0
91.98095065297424 16.0
91.99445543452062 15.0
92.01034721440504 16.0
92.0809067962516 15.0
92.21745421649835 14.0
92.23873441254737 13.0
92.23888012312877 14.0
92.34839827888064 15.0
92.36106818405328 14.0
92.4035933726753 13.0
92.44644660760657 12.0
92.50536834872952 13.0
92.59983619228697 14.0
92.6117405953977 13.0
92.65087914352608 12.0
92.66556832315125 13.0
92.67665883883386 14.0
92.67694329767829 15.0
92.72129292579874 14.0
92.7448460629867 13.0
92.76237864352632 12.0
92.8414817893107 13.0
92.88479144174643 12.0
92.91275549332937 11.0
92.93414719520807 12.0
92.95389523596747 13.0
92.9541319977889 12.0
92.9631635160229 11.0
93.02895833430497 10.0
93.10083486452093 9.0
93.1015631663891 8.0
93.17253250139547 7.0
93.17479943472944 8.0
93.21085765660777 7.0
93.217854969439 8.0
93.2197999142949 7.0
93.24082427772025 8.0
93.27316677285931 9.0
93.30403174080092 10.0
93.31593659861012 9.0
93.32507476585064 10.0
93.36597319786553 11.0
93.40952266475585 10.0
93.44427018221025 9.0
93.57945744694145 10.0
93.58409411727631 11.0
93.65471349343223 12.0
93.67145306636134 11.0
93.71801977650706 12.0
93.87823408299585 11.0
93.94057103667791 10.0
93.94862914870009 9.0
93.96264157637547 10.0
93.99381271715686 11.0
94.05933656534377 12.0
94.06060277614483 13.0
94.06167623490336 12.0
94.07227582144583 11.0
94.2365801800958 10.0
94.2632913919169 11.0
94.31904808143724 12.0
94.34116029817261 13.0
94.37436576562102 12.0
94.42300166070048 11.0
94.42657279426824 10.0
94.48415229933318 11.0
94.50581581782039 12.0
94.53006816703783 11.0
94.60008520312084 12.0
94.63528885220781 13.0
94.64204069832634 14.0
94.66605302309993 13.0
94.6712254244421 12.0
94.67219147407887 11.0
94.75283504849 10.0
94.77269517117512 11.0
94.78082713147725 12.0
94.79398376280302 11.0
94.81648715418996 12.0
94.81954623454864 13.0
94.86524523132921 12.0
94.92308383385499 13.0
94.98955760790425 12.0
95.06573130690812 13.0
95.08053516316465 14.0
95.23948095760313 13.0
95.3004632358468 12.0
95.39570044218915 11.0
95.40330328032587 12.0
95.42954709293419 13.0
95.43545864097786 12.0
95.4571504545974 11.0
95.47767883308819 12.0
95.52544343466622 11.0
95.5429679910676 12.0
95.58706266083128 13.0
95.59001788695983 14.0
95.59955868379775 15.0
95.63242148281344 14.0
95.63598373531808 13.0
95.66418484937346 12.0
95.67603076978224 13.0
95.72775851786656 14.0
95.76503641576869 13.0
95.83012468039104 12.0
95.88132718427914 13.0
95.88266672034553 12.0
96.08571705718211 13.0
96.13361391201303 12.0
96.13423505865929 13.0
96.13945919427653 14.0
96.19706004767428 13.0
96.20322458958361 14.0
96.21533594133916 13.0
96.26723166610527 14.0
96.28881659999021 15.0
96.35252595329257 14.0
96.35419701083295 15.0
96.37153173190897 16.0
96.37399758112788 17.0
96.4164168075589 16.0
96.45231321357603 15.0
96.57515450143809 16.0
96.57843656873334 17.0
96.5982750093865 16.0
96.63401819361385 17.0
96.73013544338554 16.0
96.81437784125696 17.0
96.82934577191996 16.0
96.83384282711738 17.0
96.95956402573235 16.0
96.9667399198586 17.0
96.99657767910323 16.0
97.0163181229249 15.0
97.02684455114282 14.0
97.04896898497175 15.0
97.06253985397716 14.0
97.07553648025382 13.0
97.08864213060158 12.0
97.0936548975485 13.0
97.11519772320904 12.0
97.11685768696724 11.0
97.1761304618538 12.0
97.19463569964917 13.0
97.30203719237169 12.0
97.31562953587996 11.0
97.46309405208504 10.0
97.48212231566283 11.0
97.59798840885186 10.0
97.61464318115699 11.0
97.61741825669147 10.0
97.64703066508288 9.0
97.71571997045699 10.0
97.77539538896305 11.0
97.84624409716075 10.0
97.93289193703613 9.0
97.95738233572284 8.0
97.98623980426605 7.0
98.02169619811241 6.0
98.08985563069525 7.0
98.10016265787176 8.0
98.11209746484329 9.0
98.11544047528933 10.0
98.16036912970927 9.0
98.2418811492909 10.0
98.2686654489613 9.0
98.27758327762747 8.0
98.36306305269396 7.0
98.3811296972413 6.0
98.38382345908089 5.0
98.39178987947693 4.0
98.39245993237671 5.0
98.41007460841283 6.0
98.4298262531756 7.0
98.44938308498774 6.0
98.47647266335302 7.0
98.48426698776464 8.0
98.49536857059555 7.0
98.49715983826741 8.0
98.53199850827656 9.0
98.5429420070163 10.0
98.55940779243544 11.0
98.64518243411233 12.0
98.65235047032547 11.0
98.65424382963506 12.0
98.65569806698895 11.0
98.6873737202103 10.0
98.70465226353517 11.0
98.74496948715172 10.0
98.74883134890301 11.0
98.801515570928 10.0
98.80247224832047 9.0
98.90356693823693 8.0
98.91683431738069 7.0
98.930989190749 6.0
98.98193766163284 7.0
98.99073591340816 8.0
98.99251022876915 9.0
99.0089248135734 10.0
99.04757156400122 9.0
99.05239919765941 10.0
99.06305662973745 9.0
99.10189296131111 8.0
99.17566117369213 9.0
99.19408972444056 10.0
99.21986014712436 11.0
99.2303227637729 10.0
99.26240066561955 11.0
99.26355730673242 10.0
99.28877854045372 11.0
99.28891502028486 12.0
99.31508543580732 13.0
99.31907349163896 12.0
99.34663347662465 11.0
99.38021338395583 12.0
99.54126887877905 13.0
99.55729658173402 14.0
99.56489736328416 15.0
99.64783577527984 16.0
99.66438114454785 15.0
99.66953235722411 14.0
99.71058815158591 13.0
99.7619383080214 12.0
99.7990534958385 13.0
99.84966841504274 12.0
99.89076506672262 13.0
99.900537344903 14.0
99.91166036069419 15.0
99.92561990645508 14.0
99.95456072643873 13.0
100.04645638370617 14.0
100.09406531532177 13.0
100.12702768557304 14.0
100.17932258565536 13.0
100.18077121683966 14.0
100.19755789644088 15.0
100.22761725680175 14.0
100.23446335987171 15.0
100.52739702571996 14.0
100.58610327408144 13.0
100.59205949828996 14.0
100.71574575784334 13.0
101.01903288462816 14.0
101.01990980157636 13.0
101.03755306280445 12.0
101.04520731594897 11.0
101.05843508261422 10.0
101.20662461655203 9.0
101.25868378152461 8.0
101.32775588871715 9.0
101.48867786723744 8.0
101.63490485672065 9.0
101.6788143854846 10.0
101.72719295366139 9.0
101.89827067158014 8.0