0.0 35.0
0.020802059475479695 35.0
0.024112944117216213 35.0
0.03996761251533576 35.0
0.050427637213276484 35.0
0.07955161464587251 35.0
0.21250073806146466 35.0
0.2183520035273791 34.0
0.26766922973273005 34.0
0.2838900751092494 34.0
0.3589410754723339 34.0
0.4135574080114729 33.0
0.4303830726342114 33.0
0.5035510729220298 33.0
0.5090962504583879 33.0
0.5632265124818165 33.0
0.5743766547638977 32.0
0.5744578760220846 32.0
0.6222421269422146 33.0
0.6454480414934881 32.0
0.6454519208470499 32.0
0.6638254131591194 31.0
0.7449239804478862 31.0
0.7538142557399619 31.0
0.7568499563843369 31.0
0.8137050467387102 31.0
0.8305769944825366 31.0
0.8425895149494163 30.0
0.9080451190385954 30.0
0.9086890986745729 29.0
0.913243015538033 28.0
0.914893110334003 29.0
0.97978989587295 28.0
0.998467435751231 27.0
1.0457634529665047 27.0
1.0562932684780122 26.0
1.0698716868619242 25.0
1.0728280401581496 24.0
1.0870462339869884 24.0
1.0962066779151851 25.0
1.1201837655070355 24.0
1.130121806178281 23.0
1.1484119282744039 23.0
1.172639039561299 23.0
1.21854434750099 23.0
1.2216057796243243 23.0
1.255977346260618 22.0
1.279900827817152 22.0
1.3394672025667151 22.0
1.3777451101796778 21.0
1.4226329037888001 21.0
1.5046623697970116 22.0
1.5255283825696135 22.0
1.5410966890879543 23.0
1.553346501293408 24.0
1.5745226798452339 23.0
1.598763740556904 24.0
1.6291562409768112 24.0
1.6511592970777964 24.0
1.655249631565397 24.0
1.6676958901655494 24.0
1.674615107214087 25.0
1.6901493072156033 26.0
1.7389027187022823 27.0
1.750271811990735 28.0
1.7717251782276362 28.0
1.7887786796314078 28.0
1.8538705945603045 29.0
1.8550583191433323 30.0
1.8629641953052893 29.0
1.880972520345036 29.0
1.9015028235356297 29.0
1.9612074996982725 28.0
1.963624554420148 28.0
1.9690487990338357 27.0
2.001923691870567 28.0
2.009365143074542 28.0
2.0212926826157696 28.0
2.0821350229849496 28.0
2.0865733708603944 28.0
2.086829703660507 28.0
2.1214772438059923 29.0
2.1256991912070355 29.0
2.134092606719023 28.0
2.159798154238229 28.0
2.159928811554574 29.0
2.1743666522353187 29.0
2.1747664367335204 29.0
2.225797188430079 30.0
2.237149704095847 30.0
2.2967008401405025 30.0
2.3385450568139747 29.0
2.352812680496699 29.0
2.374439502442137 29.0
2.3852001042170916 28.0
2.392685620646216 28.0
2.4466943269214636 28.0
2.44712032331649 28.0
2.4541772869804133 29.0
2.5202974852159716 28.0
2.524423178345916 28.0
2.5364822190691125 29.0
2.5887337658266456 29.0
2.6819388069498764 30.0
2.69214066552894 30.0
2.693347673363731 30.0
2.765346791518486 30.0
2.777713580121509 30.0
2.8173672767163467 30.0
2.8660476415902756 29.0
2.8686738752808045 29.0
2.8841944217255455 30.0
2.894549017340801 30.0
2.932649541954219 29.0
2.940179947778256 29.0
2.9575202207459763 28.0
3.01049122771726 28.0
3.022186533008833 29.0
3.0348220106675745 29.0
3.037386623540314 28.0
3.048601941395734 29.0
3.0849308246032914 30.0
3.139319989899799 30.0
3.144166873225457 29.0
3.1625096885856716 29.0
3.2203684588386197 29.0
3.2917580214869293 29.0
3.324100010058783 30.0
3.338048685272732 31.0
3.338188352392624 30.0
3.3854476722022566 31.0
3.386024200828772 32.0
3.46432974134437 33.0
3.492210854898858 34.0
3.493895024630295 33.0
3.5041830253579582 33.0
3.5299712112285246 32.0
3.5455830654192853 32.0
3.5877451888056444 31.0
3.62508670987157 32.0
3.629933317102218 31.0
3.645298347964728 31.0
3.6915226171318607 31.0
3.704939959613185 32.0
3.7227031609901498 32.0
3.794964654204905 31.0
3.8040378014579135 31.0
3.826519309707703 30.0
3.829055174988472 29.0
3.831129371409416 28.0
3.874309998036809 28.0
3.9190555581064537 28.0
3.9414634077648243 28.0
3.949046367473318 29.0
3.960737711342639 30.0
3.9690095618519643 30.0
3.997787874407516 30.0
4.012433632900033 29.0
4.051306476076194 29.0
4.092478485870131 29.0
4.1391385721644705 29.0
4.152533860730641 29.0
4.154236629145472 29.0
4.1564684269411085 29.0
4.189938935087958 28.0
4.204008077647315 28.0
4.213580576055019 29.0
4.296079145588214 29.0
4.30823324928265 28.0
4.328438301095395 28.0
4.350207536963665 29.0
4.353015715818403 28.0
4.380943586245077 27.0
4.440146867180799 26.0
4.446391812160177 27.0
4.454221224903661 26.0
4.515789289969601 27.0
4.5470233699042 26.0
4.596803897299815 27.0
4.624937947423207 28.0
4.684062361526228 28.0
4.69841794318644 28.0
4.699075603655287 27.0
4.766804432189736 26.0
4.78851040946141 26.0
4.837661298373112 26.0
4.844038835509914 25.0
4.8478575334698455 25.0
4.849817808521158 26.0
4.879602908118814 26.0
4.8878108263862465 26.0
4.898958606986759 26.0
4.913759961689039 26.0
4.963257364735913 25.0
4.977533549311243 26.0
5.067041006167415 26.0
5.072280180875934 26.0
5.073020624904791 25.0
5.1086568525932075 25.0
5.109481856134281 25.0
5.126468538435192 24.0
5.159185419809322 24.0
5.168041966684658 24.0
5.213102455176369 23.0
5.220023670522794 23.0
5.257369031269335 24.0
5.284640662767846 23.0
5.301399050742906 24.0
5.305709808404708 25.0
5.341183744947759 24.0
5.353116260323322 24.0
5.422037009111654 23.0
5.423230737029108 23.0
5.426648496839003 24.0
5.464352842109817 24.0
5.538897198190415 25.0
5.55375289950912 24.0
5.554602569988433 24.0
5.601466121836755 24.0
5.683208569846824 23.0
5.706070857719088 22.0
5.722872246466498 21.0
5.733922978513107 21.0
5.74920090238035 21.0
5.7650892777049485 20.0
5.826022242497487 20.0
5.8413993712759735 21.0
5.87435729982045 20.0
5.87795549663645 19.0
5.973633376897393 18.0
5.977693397647084 18.0
5.993530592428127 18.0
6.021625536299257 18.0
6.036595919873402 18.0
6.081818880860739 19.0
6.09384760082326 18.0
6.107032405047078 18.0
6.120677848241973 19.0
6.125261984402935 19.0
6.1593014371218855 19.0
6.1805032304596255 19.0
6.185060933544842 19.0
6.217333711742216 19.0
6.255164834832746 19.0
6.260773934460475 20.0
6.286690190055839 20.0
6.304547638457392 20.0
6.30838514933579 20.0
6.369526937022778 20.0
6.5128092491292175 19.0
6.538132531462699 20.0
6.5392499527777 19.0
6.542274295700213 19.0
6.54230876465728 19.0
6.596178076986845 19.0
6.610125987992378 19.0
6.636756974981971 19.0
6.721728713232293 19.0
6.735563285304397 19.0
6.752653669989172 19.0
6.81177895552544 19.0
6.858201210261741 20.0
6.874036213824255 20.0
6.921666801089725 20.0
7.019383718177088 20.0
7.028319982926715 20.0
7.036714120136176 20.0
7.050805861529353 21.0
7.06934591046927 22.0
7.0722136732265275 22.0
7.075539701886375 22.0
7.20663894267948 21.0
7.232510559609831 20.0
7.249027287267225 21.0
7.27770997805902 21.0
7.305318885717985 20.0
7.312645119405227 20.0
7.379066730402672 20.0
7.382811069664455 20.0
7.407352694868868 20.0
7.45625025120975 20.0
7.47723731638168 20.0
7.49926195776843 19.0
7.568690724183136 20.0
7.5824203203890574 21.0
7.653185506972552 22.0
7.660941832388007 21.0
7.725164879660807 22.0
7.759852958177421 22.0
7.771633292294897 23.0
7.814006462517899 23.0
7.841004963858381 24.0
7.89595181405633 25.0
7.905814451119883 25.0
7.911142612046124 24.0
7.943550229684321 23.0
7.962240867969804 22.0
7.96352061300048 21.0
7.993145156383314 20.0
8.039402812827886 21.0
8.055027997734259 20.0
8.057610272521663 20.0
8.085683072251049 21.0
8.115362934371653 20.0
8.151026870973652 20.0
8.17116778505874 20.0
8.191463299795535 21.0
8.201870585111882 20.0
8.309476526454663 20.0
8.347718834661755 20.0
8.369742011368022 20.0
8.376222530328953 20.0
8.41674723080875 20.0
8.419958569591532 20.0
8.462549215578035 20.0
8.472396583161995 20.0
8.484115559713091 20.0
8.49240803344725 20.0
8.583168458549697 20.0
8.667074591935313 20.0
8.668445439631856 20.0
8.679169619520115 20.0
8.72849858458554 19.0
8.771939844353085 18.0
8.77539497841816 19.0
8.789231571237725 19.0
8.79259559329347 20.0
8.806347687075403 19.0
8.83467864276894 20.0
8.867771000366357 19.0
8.879885336646598 19.0
8.91193907249419 19.0
8.914146950652626 18.0
8.934229343804247 17.0
8.93871104912104 16.0
8.952127533933009 16.0
8.974735041566628 16.0
9.010135257293738 17.0
9.036128328235542 18.0
9.076332531355085 17.0
9.102850269201515 18.0
9.124958465167163 19.0
9.125313967679839 19.0
9.16821506283803 19.0
9.184497262005008 19.0
9.262895281783898 19.0
9.264479325178849 18.0
9.269038336854619 17.0
9.300315206325982 16.0
9.321390249924509 16.0
9.322877980413095 16.0
9.393446118915902 17.0
9.394235852652216 17.0
9.396837453546942 17.0
9.397440496111125 18.0
9.441697414439266 19.0
9.491882781264554 18.0
9.499364616076583 18.0
9.53423129227557 18.0
9.538258583164097 17.0
9.585876498766769 17.0
9.60018135579454 18.0
9.627720668147132 19.0
9.640252976864884 20.0
9.69121546572645 21.0
9.709632625976628 21.0
9.78871553603687 21.0
9.795698556636989 20.0
9.821427118173672 21.0
9.881026307974281 21.0
9.917716342629944 22.0
9.924022742912543 21.0
9.930336422969514 22.0
9.947872315685213 22.0
9.994152095335988 22.0
10.11140328385753 22.0
10.12256729354819 21.0
10.211465273929937 22.0
10.221844665459495 23.0
10.258033027399367 24.0
10.270740875300003 25.0
10.307337140404595 25.0
10.339060017239165 26.0
10.363370555444304 25.0
10.3944708264554 25.0
10.455997820488921 25.0
10.487797110336142 25.0
10.529084341590044 26.0
10.589909354322756 27.0
10.5983623419343 26.0
10.628993788384724 26.0
10.630975436657225 26.0
10.710782533676639 26.0
10.736921786917742 25.0
10.742837965457051 25.0
10.762033030420138 25.0
10.767861827527826 25.0
10.772961756851144 24.0
10.805681918328956 24.0
10.839321150389756 23.0
10.88297491165327 24.0
10.896890602325474 24.0
10.944526361998964 23.0
10.950092477458515 22.0
10.960652702528613 23.0
10.977497014744616 23.0
11.012221624382063 22.0
11.02786659255979 22.0
11.03299826538769 21.0
11.092710460057454 21.0
11.098029715138338 22.0
11.121888020120966 22.0
11.130624881990373 23.0
11.145925831029734 22.0
11.175543094103675 22.0
11.180689813440999 21.0
11.185228269288745 21.0
11.288942347038777 22.0
11.305550349527126 22.0
11.311161837881663 23.0
11.324535546091587 23.0
11.330294008594771 22.0
11.34922241319841 21.0
11.358420069706469 21.0
11.46220532740255 20.0
11.464259801421338 20.0
11.503018836396388 20.0
11.504707568778763 21.0
11.510981257535748 21.0
11.549878337580992 20.0
11.64773262223196 20.0
11.686745029409094 21.0
11.760447292850076 22.0
11.764869775751935 23.0
11.778102893303382 23.0
11.800932324727269 22.0
11.818324284150467 22.0
11.82592075712718 23.0
11.848022246194112 23.0
11.878592854455515 23.0
11.897563325649964 22.0
11.904650381156351 23.0
11.925152946344289 22.0
11.949797995602607 22.0
11.97368570455362 22.0
12.007279109556412 23.0
12.095915030757357 23.0
12.108422078495419 22.0
12.118850253933894 21.0
12.149852347888524 22.0
12.2002073758821 22.0
12.246591733668627 21.0
12.250973740134656 22.0
12.25171692487169 21.0
12.351575826991068 21.0
12.399311492570558 20.0
12.414418752887578 20.0
12.46614931464074 20.0
12.484399089286283 21.0
12.497325393985271 20.0
12.499615844026025 21.0
12.519021884372 22.0
12.565257382041862 22.0
12.612202171216389 23.0
12.621599177106289 22.0
12.650210832136706 22.0
12.65198789243847 22.0
12.675577496224955 22.0
12.708488380227429 23.0
12.722673349724086 24.0
12.759352746433704 24.0
12.768061851458741 23.0
12.773311934770934 24.0
12.785304587088595 24.0
12.92574163070371 24.0
12.92649638154587 24.0
12.939419701927582 24.0
12.947294225051673 24.0
12.956862523383577 23.0
12.968495360545408 23.0
12.975155540637406 22.0
12.988341546370123 21.0
13.027975607390774 20.0
13.077059054992242 19.0
13.087067400079706 19.0
13.09200028474526 19.0
13.132126198192097 19.0
13.171515697608434 19.0
13.227862586007731 19.0
13.239268507307179 19.0
13.26580498468613 19.0
13.270014439404104 18.0
13.302818556704239 17.0
13.347145829103848 17.0
13.353786567450705 17.0
13.40492926836602 17.0
13.407961816164928 16.0
13.50878701923363 17.0
13.514553018632041 17.0
13.565876350769136 16.0
13.5680708776967 16.0
13.581241508241535 16.0
13.624354304295553 16.0
13.673022446186014 16.0
13.748773419465852 15.0
13.76816044397468 15.0
13.790387148242903 14.0
13.81463597696362 14.0
13.820529442590571 14.0
13.834966220345073 15.0
13.861318269753651 14.0
13.91453234938967 14.0
13.947138102074637 14.0
13.978725274469797 15.0
13.980808722362996 14.0
14.031771302247858 15.0
14.075423759484 15.0
14.08787336020286 15.0
14.148403035551851 15.0
14.154572047343427 14.0
14.17857572698963 15.0
14.190929069672992 15.0
14.267566481863383 15.0
14.287439674504439 14.0
14.289641829190918 14.0
14.293573121582456 14.0
14.326289740826523 15.0
14.336838453064466 16.0
14.340572323940004 16.0
14.401399431692512 15.0
14.409899564740082 15.0
14.42488750531104 14.0
14.434051393425491 14.0
14.453221124228904 14.0
14.505506323708438 14.0
14.585835041686602 15.0
14.645998318450703 15.0
14.686554637936052 14.0
14.756357296698667 13.0
14.766282868531265 13.0
14.785389139825794 14.0
14.787716755934524 15.0
14.811869050605045 16.0
14.815246725556541 17.0
14.853933886124109 16.0
14.859850548877237 17.0
14.862068952835742 17.0
14.909016956903658 18.0
14.958219262919156 18.0
14.997109374532716 19.0
15.004323231535738 20.0
15.014431689108001 19.0
15.071565641423076 18.0
15.073947392099814 18.0
15.084898208759197 18.0
15.08500401036732 17.0
15.085549541099509 17.0
15.091696807861881 17.0
15.130127034559601 16.0
15.140073993273536 15.0
15.144221742123484 15.0
15.187589015641391 15.0
15.20844052898454 14.0
15.251583961245712 15.0
15.252408999567757 14.0
15.369945693375318 14.0
15.377114543999516 15.0
15.389546429257166 15.0
15.390748975031405 16.0
15.397245840243924 16.0
15.405329156671945 17.0
15.445472168390316 17.0
15.45238394827068 18.0
15.555306695730215 18.0
15.562254465201088 18.0
15.563531082438478 17.0
15.574427254846496 17.0
15.632112115360316 17.0
15.634539901402738 17.0
15.643802988790515 16.0
15.66915065321567 16.0
15.760137458514409 16.0
15.765683809633588 16.0
15.778242398952603 17.0
15.835975562409681 18.0
15.842520072260303 18.0
15.85226197800684 18.0
15.889468467166843 17.0
15.912692268660132 18.0
15.9706900555883 18.0
15.991918156282724 18.0
16.010544035866516 18.0
16.03008195462785 18.0
16.073764457970864 19.0
16.091521318562055 19.0
16.172383184353492 19.0
16.21227468207619 20.0
16.21540193710664 21.0
16.310217278689382 21.0
16.37419101387452 20.0
16.448647605334553 19.0
16.504964091422515 20.0
16.52909450017886 20.0
16.5300258039827 20.0
16.54372575051588 20.0
16.560218499709983 20.0
16.574657642324937 20.0
16.57860722700748 20.0
16.605871052005924 21.0
16.652125392946115 21.0
16.72354775471408 21.0
16.73123637079703 21.0
16.757696308088622 21.0
16.760121608140818 22.0
16.761702456921874 22.0
16.80224366683493 21.0
16.857174384568108 21.0
16.911907927863748 22.0
16.932410503585 22.0
16.93996786338288 21.0
16.95957026874514 20.0
16.968502846004743 21.0
16.97640717817105 21.0
16.98231596204584 21.0
17.01373423270446 20.0
17.054069908061553 20.0
17.068721444938237 20.0
17.084189216633597 19.0
17.084619271032455 18.0
17.086081053782156 19.0
17.097419050282202 20.0
17.120778239118525 20.0
17.12104824290335 20.0
17.159397311335752 20.0
17.17136081761445 19.0
17.205311413471247 19.0
17.22605832806721 18.0
17.252229346032365 19.0
17.26335491121788 18.0
17.284251964653546 18.0
17.32139123770459 19.0
17.334092964727695 19.0
17.35251622969174 18.0
17.35958304086546 19.0
17.372399868246063 18.0
17.406658262855725 18.0
17.43919316775848 18.0
17.442194410783262 18.0
17.501696836501996 18.0
17.53392290543052 18.0
17.54664776005044 17.0
17.574973703822433 18.0
17.697934497352374 18.0
17.739573976687623 17.0
17.777654390750758 17.0
17.79260302775953 16.0
17.832638167714407 16.0
17.843744644778937 17.0
17.925882526759548 16.0
17.935013013551835 16.0
17.937065393347325 17.0
17.938344788342494 17.0
17.9498207632135 17.0
17.97011501337646 17.0
17.97919149663892 17.0
18.03979063325309 16.0
18.132073893670924 16.0
18.19681941477333 16.0
18.20448633614571 16.0
18.216511587982897 17.0
18.219415746784684 17.0
18.220939440274325 16.0
18.224995175359705 17.0
18.230449167074994 18.0
18.237953912799945 18.0
18.248833598503996 18.0
18.292952811416814 19.0
18.371119808898996 20.0
18.43872368903428 21.0
18.44241736430396 20.0
18.450356678173954 21.0
18.504741612547846 21.0
18.51898042503855 22.0
18.54400379325705 22.0
18.687189989390536 22.0
18.688179545450293 21.0
18.6883526405653 20.0
18.737903616057967 20.0
18.877051251775942 21.0
18.938358603853082 20.0
18.961009675962885 20.0
18.965053744579386 20.0
18.98003240844368 21.0
18.99278105205687 21.0
19.002185766016687 21.0
19.005334270339674 21.0
19.045061687263477 21.0
19.057884179877796 21.0
19.068289076652754 22.0
19.080484167583396 22.0
19.120414819403795 22.0
19.133225490733043 23.0
19.14129933454052 23.0
19.15045554815381 22.0
19.158099618340767 21.0
19.164256688694767 22.0
19.206017242218543 23.0
19.213146890472274 23.0
19.259652215922 24.0
19.277898882294476 25.0
19.28233116307378 25.0
19.33041858903941 26.0
19.33326169462051 25.0
19.337560141818503 25.0
19.427442269099828 25.0
19.441991449892964 26.0
19.501692641899794 25.0
19.503469308443933 25.0
19.542468432241808 26.0
19.600530400316657 27.0
19.612464643917438 27.0
19.646557834165634 27.0
19.648903924213425 28.0
19.65730078802091 29.0
19.66730792646188 30.0
19.68044039838809 29.0
19.69168511141247 29.0
19.789149487925712 30.0
19.791275801518513 30.0
19.804335735636943 30.0
19.814039349245576 31.0
19.8289072796345 30.0
19.84618253886618 29.0
19.85301482230588 29.0
19.862135461449874 28.0
19.881773163605175 28.0
19.95394534988057 28.0
19.990328862045722 28.0
20.00231294771419 28.0
20.01083836395496 28.0
20.074382240003825 28.0
20.10154290899356 28.0
20.166506913535432 29.0
20.183018532908605 30.0
20.251467419527607 29.0
20.316584457649146 29.0
20.34707830888456 28.0
20.524480058366223 27.0
20.596000415483335 27.0
20.602266278035437 28.0
20.665662586315204 27.0
20.703310685599327 26.0
20.862007607813368 27.0
20.923017656622193 26.0
20.933081755001297 25.0
20.955497395664388 26.0
20.964981767810812 26.0
20.98739589358183 25.0
21.09104546290114 24.0
21.21341272221492 24.0
21.298856822422785 24.0
21.305429775170296 23.0
21.318762864096108 23.0
21.321283424090364 24.0
21.33551797991252 25.0
21.34602224474674 24.0
21.351257318223702 24.0
21.399393252834138 24.0
21.401098988375317 23.0
21.41798488182433 23.0
21.431842281890262 22.0
21.447148671537136 21.0
21.471095289712263 21.0
21.480623881096943 22.0
21.490785109544568 21.0
21.51210337817085 22.0
21.513523050709015 22.0
21.517404781122043 22.0
21.598990184485977 22.0
21.68590018188955 22.0
21.735529942954013 22.0
21.741575774615967 23.0
21.745210212501412 23.0
21.760157943612008 23.0
21.818590095067577 22.0
21.83451410845708 22.0
21.85048645420776 22.0
21.874796823710025 22.0
21.913044575201706 23.0
21.933473736037634 23.0
21.959247517379715 22.0
21.971322589946837 21.0
22.011446984329314 21.0
22.0221707159307 21.0
22.025138135043633 22.0
22.026684215814612 22.0
22.07562975164638 21.0
22.178455909787182 20.0
22.25329615164291 19.0
22.256821932465307 19.0
22.257691489824893 19.0
22.2741966396449 20.0
22.275066298559164 20.0
22.287685481473588 21.0
22.36659770183026 21.0
22.36808344682202 21.0
22.396144320931594 22.0
22.470004706018802 21.0
22.47861475814449 22.0
22.4968360852375 21.0
22.520843719763963 22.0
22.544105367643592 22.0
22.553487108684745 23.0
22.559563124121922 23.0
22.573396756763717 23.0
22.607562730952413 23.0
22.61429822472089 23.0
22.622955521584498 23.0
22.65415569670523 22.0
22.681750176496056 22.0
22.696151378233953 21.0
22.698269033621575 20.0
22.698883538902315 20.0
22.72360548021438 19.0
22.724553108370568 20.0
22.735659752975454 19.0
22.762010049862962 19.0
22.797597820207088 19.0
22.835606585790355 20.0
22.852660402959884 21.0
22.85612291476807 22.0
22.860220637290784 22.0
22.869589933287045 22.0
22.876740040981108 22.0
22.90685806749441 22.0
22.92541592781295 23.0
22.932935635544357 23.0
22.938901657385596 23.0
22.992787003400156 24.0
23.044802766450314 23.0
23.053074105676412 23.0
23.063300578173717 24.0
23.069755722504386 24.0
23.121282452295446 25.0
23.13932761089175 25.0
23.18648467549001 25.0
23.20521573439259 25.0
23.214811165246065 25.0
23.21643965741672 25.0
23.224932151550064 24.0
23.260548598810086 24.0
23.29462106182912 25.0
23.352907626556394 25.0
23.359871033135796 26.0
23.49869104487977 27.0
23.52286506363296 27.0
23.523228120450604 27.0
23.525369216497275 28.0
23.53111792572299 28.0
23.537780797833037 29.0
23.55219781969272 28.0
23.65273377980054 28.0
23.66590605818072 28.0
23.684920818812728 28.0
23.73881963085163 28.0
23.783086395866427 28.0
23.798949765138094 28.0
23.87499268028851 29.0
23.886771800409697 30.0
23.9212754440582 31.0
23.92613896296436 31.0
23.9837337305508 32.0
23.989862888088936 32.0
24.02373792791602 32.0
24.09073299766785 31.0
24.114544649954556 31.0
24.14283051451338 31.0
24.14727802843752 30.0
24.170145153872678 31.0
24.20766518843017 30.0
24.253737677063402 29.0
24.263396149114406 28.0
24.274711291532086 29.0
24.300856691578193 29.0
24.307321504018752 29.0
24.314090430577423 29.0
24.35464175091587 28.0
24.382910923189623 28.0
24.3884523003523 27.0
24.418091447491214 26.0
24.465041229902095 26.0
24.482761140862078 26.0
24.542718337328203 26.0
24.58142732023069 26.0
24.671016496880366 27.0
24.70498494073171 27.0
24.76634691654223 27.0
24.794777114540235 27.0
24.843110100507143 27.0
24.87198626011612 26.0
24.88317411482414 25.0
24.895158573373354 25.0
24.913213222748308 25.0
25.172666847412327 24.0
25.180558170265403 25.0
25.199652752404656 24.0
25.230910863813097 24.0
25.241444031116856 25.0
25.263472529809242 25.0
25.30721081837662 25.0
25.333243805576895 26.0
25.353827468272637 27.0
25.391679741666305 26.0
25.398901206026792 27.0
25.447053446099286 28.0
25.5142089826971 28.0
25.52725378211645 29.0
25.550714545229518 29.0
25.575291003386415 29.0
25.59234957679961 28.0
25.63328770583581 27.0
25.64773110677153 27.0
25.67668895047848 26.0
25.683083032194272 26.0
25.7072311099403 25.0
25.707974448894834 26.0
25.71729021880724 26.0
25.72455714660026 27.0
25.730257806329416 27.0
25.774158958115766 28.0
25.778068523226686 29.0
25.790851646249834 29.0
25.901286986447488 30.0
25.93161194395647 29.0
25.932172828882614 28.0
25.96483174437868 29.0
25.96806568714668 29.0
25.979204586446276 29.0
26.0862015362814 29.0
26.104114692831118 30.0
26.106953290109594 31.0
26.169626968430357 31.0
26.17120893857544 30.0
26.173367493922978 31.0
26.196187391634393 32.0
26.360529125744826 33.0
26.387117909643937 32.0
26.38799056544683 32.0
26.438578070686237 31.0
26.44118132034844 32.0
26.449417043803674 32.0
26.456781790261555 32.0
26.46779411318087 32.0
26.467822894063037 32.0
26.493495147677304 33.0
26.627260177585512 32.0
26.666598527942156 32.0
26.67004729993938 32.0
26.685585261536918 32.0
26.70434184067755 32.0
26.7400719112555 33.0
26.789629401452103 33.0
26.79045008685647 32.0
26.822624979617817 32.0
26.833601432369083 31.0
26.956825697341245 31.0
27.003864524977775 32.0
27.05539734369993 32.0
27.077529933771377 32.0
27.10684256024537 32.0
27.116779784672545 31.0
27.125985712082663 32.0
27.1722932585192 31.0
27.177552645837032 32.0
27.187169800871406 31.0
27.236402517561388 31.0
27.29814664387609 31.0
27.324919066933017 31.0
27.364105605886913 31.0
27.372373569474767 31.0
27.374565414620157 31.0
27.456912043616757 31.0
27.48681947163289 31.0
27.514289718359606 30.0
27.520672297321948 30.0
27.537466391816405 30.0
27.58869140252428 31.0
27.597530037683715 32.0
27.599015272910588 33.0
27.61394578001052 33.0
27.645981899848643 33.0
27.713247132495642 33.0
27.718832672640232 33.0
27.799665131763263 33.0
27.802634452811912 33.0
27.804807592258996 33.0
27.810141721339026 33.0
27.83375855479545 34.0
27.841268255141294 35.0
27.90978506092815 35.0
27.98250759555637 35.0
28.026854119058125 35.0
28.05770261080754 35.0
28.12390199189308 34.0
28.13732336166849 35.0
28.23917354013606 35.0
28.244137706525812 34.0
28.251230350636927 35.0
28.31286483976214 35.0
28.31946679617169 34.0
28.339642753991697 35.0
28.382269422451653 34.0
28.386027411050776 34.0
28.41786751680984 35.0
28.427704065815565 36.0
28.48238382149302 36.0
28.48715903688411 37.0
28.490815437318275 37.0
28.503928475060874 36.0
28.51807003668076 36.0
28.520368843199144 36.0
28.537618938829326 35.0
28.53985048702482 35.0
28.624747554809865 36.0
28.646263875588925 37.0
28.73518748852673 36.0
28.74824092413472 37.0
28.82737014895491 38.0
28.858393173057586 39.0
28.876093726050758 40.0
28.897518162765724 39.0
28.953101007405824 40.0
28.990383023942044 41.0
29.057163690748375 41.0
29.059869292178064 41.0
29.073574715075196 40.0
29.077670606984164 41.0
29.08666210857046 40.0
29.109113335383803 41.0
29.149705320738104 42.0
29.182146459483008 43.0
29.410828864724017 43.0
29.45399141805316 44.0
29.48700734243323 45.0
29.48881178183656 44.0
29.493192221968624 43.0
29.53855139016934 44.0
29.57032775759726 43.0
29.618993997437943 42.0
29.66690827856055 42.0
29.685580096473096 42.0
29.713377865163576 41.0
29.774098044472634 42.0
29.83444085485583 43.0
29.91525074993885 44.0
29.91852737319543 44.0
29.9341678870865 44.0
29.94572697341584 43.0
29.988443417493666 42.0
30.013818793656153 42.0
30.048639105599605 41.0
30.079656538758577 40.0
30.088817439700527 40.0
30.09416021469951 41.0
30.09451444460945 40.0
30.0968635701269 41.0
30.107473924505502 41.0
30.140052860929398 41.0
30.177130345059407 41.0
30.20963286863108 40.0
30.24999462661041 41.0
30.31761353554396 41.0
30.372474982189278 42.0
30.39337214183447 43.0
30.426741903889685 44.0
30.514499876637178 43.0
30.544265762182544 42.0
30.584120390409154 42.0
30.5986634783937 43.0
30.610050233160223 44.0
30.613874698207745 43.0
30.645995273756935 42.0
30.656332786420872 42.0
30.660532334712023 43.0
30.678781477098756 44.0
30.704248975856217 44.0
30.71782151701675 44.0
30.883330644319173 44.0
30.947490307866374 44.0
30.953577618618514 43.0
30.99831949031168 43.0
31.00764312814859 44.0
31.037756545402512 45.0
31.039869465214817 45.0
31.04294352335658 45.0
31.043805554626466 46.0
31.05198245561463 45.0
31.070529093165003 44.0
31.07210588117826 44.0
31.120925352773703 43.0
31.137650430421274 42.0
31.158748511349796 43.0
31.16848005290448 44.0
31.184486396495412 44.0
31.190378201042822 44.0
31.198462023827123 44.0
31.201428207044763 43.0
31.239459983128032 43.0
31.264620805979312 43.0
31.27026459777201 44.0
31.299018368769314 43.0
31.350618405122393 43.0
31.35582938391562 42.0
31.366725909888757 42.0
31.38228034844717 43.0
31.39052534364466 44.0
31.40273446525663 45.0
31.427698088681275 46.0
31.47136776917499 46.0
31.4866912012751 47.0
31.530437384213954 46.0
31.54879589672167 46.0
31.608278808959334 46.0
31.62059191625579 47.0
31.65579086509041 46.0
31.693043627060128 46.0
31.694661126044547 46.0
31.70230698917563 46.0
31.715547076518046 46.0
31.80628078117029 47.0
31.865261561445465 48.0
31.905766015809434 48.0
31.978261082857973 49.0
32.03929329220959 48.0
32.04596605598973 48.0
32.046361347744494 47.0
32.04709856135666 47.0
32.05217518328781 47.0
32.066001742327266 46.0
32.19956206426366 47.0
32.21993167268431 47.0
32.28084504933448 47.0
32.3212186377205 47.0
32.370963750358854 46.0
32.38821728980046 47.0
32.52241920712981 48.0
32.534535812612816 48.0
32.54046253068073 47.0
32.54559196963212 46.0
32.55250343493281 45.0
32.5722801757756 46.0
32.57531517457897 46.0
32.58401062566949 47.0
32.624111633516904 46.0
32.6265432830114 47.0
32.629171708652365 48.0
32.65367658035372 47.0
32.66971920974125 46.0
32.67638648910662 45.0
32.68086848940182 45.0
32.71631733518676 46.0
32.753939368207796 47.0
32.76434679840337 48.0
32.78698412620121 49.0
32.81915766134205 48.0
32.84585876039583 49.0
32.88646347689884 48.0
32.939137636185535 47.0
33.00880935985913 48.0
33.02464331299959 47.0
33.039469459169176 47.0
33.124167778512316 46.0
33.24149545158683 47.0
33.26317681302331 48.0
33.2678974556291 48.0
33.28658875654056 47.0
33.298648117961356 48.0
33.31371196692665 48.0
33.39460675853682 48.0
33.403282353932404 47.0
33.40586479357657 48.0
33.40880963724352 49.0
33.41463764439507 49.0
33.424314120371015 48.0
33.44654877593615 49.0
33.46265905617513 48.0
33.49387594453038 49.0
33.590781975940075 50.0
33.64295812318657 50.0
33.64673860065188 49.0
33.64821439595689 48.0
33.73251491270092 49.0
33.74319189737828 49.0
33.78442563057616 50.0
33.82974475924854 49.0
33.83793059433589 48.0
33.85205646070076 48.0
33.860534163309104 49.0
33.89401107696525 49.0
33.957903191328555 48.0
34.01797273937697 48.0
34.032181843670664 48.0
34.059649861612925 47.0
34.09792502969501 46.0
34.12701664332689 47.0
34.14812557415076 47.0
34.15655631845856 48.0
34.20965463995978 49.0
34.302377211586034 48.0
34.33825902629871 49.0
34.34417064958577 48.0
34.406508401414115 47.0
34.42541664291287 47.0
34.430680119532646 47.0
34.45570219704221 47.0
34.460217250389825 48.0
34.460359089687145 47.0
34.50295903940991 47.0
34.508636348968935 47.0
34.52613767659077 48.0
34.55738425533424 47.0
34.637755188782975 46.0
34.64936088962086 47.0
34.668159765548914 48.0
34.69624965554 47.0
34.702089365825834 46.0
34.76055452823017 46.0
34.764328930129025 45.0
34.81510238127399 44.0
34.82826602528205 43.0
34.82845352623114 44.0
34.86006947102089 43.0
34.86842679910877 42.0
34.92340458059486 42.0
34.92986649284406 41.0
34.95754991498896 42.0
35.06103029077309 41.0
35.10757926795524 40.0
35.134645522193395 40.0
35.162727433190184 41.0
35.17966067867805 40.0
35.216432524477725 40.0
35.238717932277304 39.0
35.261688935858224 39.0
35.26552309533025 40.0
35.29709034527203 39.0
35.32781870969671 39.0
35.33799359405576 39.0
35.35105548460381 39.0
35.396019718970145 39.0
35.42991042548596 39.0
35.43187857425097 38.0
35.43513218571952 38.0
35.50636499357156 39.0
35.51089078255683 39.0
35.52022954831785 39.0
35.56527323458791 40.0
35.57819323339361 40.0
35.67804251427853 39.0
35.7021266389834 40.0
35.70221033293044 39.0
35.708357830914615 40.0
35.74382410327292 39.0
35.79367571966423 38.0
35.798153247044205 39.0
35.88712506353439 38.0
35.97184352510948 38.0
35.9733743517895 38.0
36.0047628130579 39.0
36.08651462684702 40.0
36.12171159192566 41.0
36.13371555533474 42.0
36.15405546113569 42.0
36.2292353670064 43.0
36.24774888917271 43.0
36.3422176010056 42.0
36.35314157633414 41.0
36.35736100861842 40.0
36.382579854006124 40.0
36.406812062299885 41.0
36.42634030174158 40.0
36.44730470659 41.0
36.48481904477264 40.0
36.528682759283974 41.0
36.52920750113739 41.0
36.54119149561375 40.0
36.625598869046975 41.0
36.68059184951388 42.0
36.70049859109365 42.0
36.728207835575084 41.0
36.789579831152196 40.0
36.88546650192476 41.0
36.88703259281726 42.0
36.98296394611971 41.0
37.0106052585506 40.0
37.02269480627426 41.0
37.08611988874298 40.0
37.0938017336353 41.0
37.1113834739318 41.0
37.154690675912896 42.0
37.167556080268106 43.0
37.171658368398994 43.0
37.183353595412584 44.0
37.19248224167577 45.0
37.27504202492253 45.0
37.290731895334986 45.0
37.40796026673644 44.0
37.51090881728841 44.0
37.551357374958 43.0
37.587995371692415 44.0
37.64915197753771 44.0
37.76104435145205 44.0
37.774342487672996 44.0
37.81147762613269 44.0
37.81163044961467 44.0
37.82623390121712 45.0
37.831662640707876 44.0
37.859563671364754 43.0
37.89607798717864 42.0
37.90783901163679 43.0
37.914125793621935 43.0
37.933078905921626 44.0
37.93458500955583 43.0
37.93847869596718 43.0
37.95529581749739 42.0
38.00098632138683 43.0
38.0271579455941 42.0
38.049652014889126 42.0
38.07132900078598 42.0
38.098886747801764 41.0
38.14077811093496 41.0
38.15955788528889 42.0
38.208968683762805 42.0
38.218732559075534 41.0
38.23129037146028 40.0
38.25687156407593 40.0
38.271456640437236 39.0
38.34710113633303 40.0
38.361294371048 39.0
38.39513382090421 39.0
38.416666276980195 40.0
38.461182238652235 40.0
38.470255612934146 40.0
38.47471609641335 40.0
38.50611051496327 39.0
38.513305303981085 39.0
38.52141219136545 40.0
38.52656758601227 40.0
38.60621455002488 40.0
38.61701760655774 41.0
38.64367531643552 41.0
38.6971848635337 40.0
38.766365430244356 39.0
38.804811240620474 38.0
38.826941162006506 39.0
38.92727217215979 39.0
38.95454873228452 38.0
38.99033905768003 37.0
39.03426768122179 38.0
39.03512498346745 38.0
39.05567991725079 39.0
39.07455166346936 40.0
39.075444396296895 41.0
39.08530644615298 42.0
39.08729184727146 42.0
39.17320895587877 41.0
39.269494207161074 40.0
39.27812140065998 40.0
39.30264377299583 41.0
39.415156565379746 42.0
39.43154181872356 41.0
39.44520981473921 42.0
39.46417491270787 41.0
39.473916731766074 42.0
39.573355943060946 41.0
39.63173940286484 40.0
39.71433854547638 40.0
39.762638689449616 41.0
39.766622479997 42.0
39.79195456611298 42.0
39.860233174587215 42.0
39.87091145213398 42.0
39.893023881867215 43.0
39.90349850965255 42.0
39.925399585424906 43.0
39.938093201176386 42.0
39.9401117905971 43.0
39.97722264124536 44.0
40.00828557845917 43.0
40.054325364651476 43.0
40.05972411963519 42.0
40.143807165748335 42.0
40.1472562369584 41.0
40.18592977815492 41.0
40.271812387399095 42.0
40.2953253720076 43.0
40.29917957236587 44.0
40.31911496028513 43.0
40.33527462100856 42.0
40.34257954709157 42.0
40.42192193059033 41.0
40.47076647954977 41.0
40.47404216624228 40.0
40.50551244503226 40.0
40.54431827860426 40.0
40.57710689041547 41.0
40.590130260320144 40.0
40.60419637000211 39.0
40.62900206017296 40.0
40.63553489266668 41.0
40.64812173864903 40.0
40.65850967760428 40.0
40.67056918138504 40.0
40.70462024665256 41.0
40.738095442578455 40.0
40.764789756611314 39.0
40.78241661030412 39.0
40.80704198985615 40.0
40.80718369160311 40.0
40.85505197534871 40.0
40.88500715062396 41.0
40.886697615281776 40.0
40.89040854082606 40.0
40.9259944797459 41.0
40.92611929466367 40.0
40.96724562189651 39.0
40.97367851798871 40.0
41.03341138046067 40.0
41.047752878056635 40.0
41.135549259827044 39.0
41.150473175938004 39.0
41.160560839600606 39.0
41.16944397642338 39.0
41.18395145579977 39.0
41.18919188855461 40.0
41.205857971147445 39.0
41.21501139231136 40.0
41.275804202189434 41.0
41.291631244772795 41.0
41.30717661560924 41.0
41.38383362113739 40.0
41.39137241524939 40.0
41.4456342291657 40.0
41.46246318231792 40.0
41.500612020567104 40.0
41.548012691803805 40.0
41.637438486374435 39.0
41.658901839966525 39.0
41.66339842287496 39.0
41.73192308118113 38.0
41.7595010178005 39.0
41.76214921003347 39.0
41.77269108246949 40.0
41.80699308801843 41.0
41.88038410973839 42.0
41.88781190630667 43.0
41.93493676195938 43.0
41.956921879143216 44.0
41.96113713739785 43.0
41.96938855511221 44.0
41.97859275270067 44.0
41.98911258914141 45.0
42.02770072160785 45.0
42.03693833136496 44.0
42.038931586808815 44.0
42.06296520067515 45.0
42.08697975980807 45.0
42.175493270341605 44.0
42.192322434274395 44.0
42.20901497151801 44.0
42.22115780297003 45.0
42.2238004373824 45.0
42.22802592153556 45.0
42.271727422202524 44.0
42.29070338753018 45.0
42.30406058364188 46.0
42.31327271146873 47.0
42.32610819876906 46.0
42.359483643584596 47.0
42.421424651750776 46.0
42.45578283258988 47.0
42.46376779623167 47.0
42.49470951085394 47.0
42.54474937026217 47.0
42.56677552686243 46.0
42.618270307858644 47.0
42.628019828669046 48.0
42.71564060439253 49.0
42.7348113393774 48.0
42.75945051839148 47.0
42.767262420535516 47.0
42.882400757526824 46.0
42.919153445395416 47.0
42.92699978381261 48.0
42.96652181152217 49.0
43.05103382754174 50.0
43.06117098504351 49.0
43.13950484596568 50.0
43.221155043935326 51.0
43.28157554431842 52.0
43.29920131044231 51.0
43.31738348010247 51.0
43.441463941325736 52.0
43.44514908985447 53.0
43.472115922472526 52.0
43.51436184511981 52.0
43.53379124415905 51.0
43.59558666620117 50.0
43.617573807943174 51.0
43.63218023667812 52.0
43.69172464398179 51.0
43.71006029762764 52.0
43.710530430053296 52.0
43.757158309806975 52.0
43.81540673951425 51.0
43.83188663925767 50.0
43.87106802894291 50.0
43.91369717317699 50.0
43.984478516139035 51.0
44.03739677849844 51.0
44.14476650664144 50.0
44.235102378293234 49.0
44.268398938433265 50.0
44.33335867252479 51.0
44.36548472285269 52.0
44.38108250188515 53.0
44.44315643035716 53.0
44.44439365315569 52.0
44.4737652489195 51.0
44.60428977396548 51.0
44.61706098842382 52.0
44.61727611515292 51.0
44.68148552059078 52.0
44.71134987145256 51.0
44.738266583904704 52.0
44.7784549549075 53.0
44.78099649306084 54.0
44.78482115194706 53.0
44.86261660818825 54.0
45.02994436016037 53.0
45.06742473801653 53.0
45.07587610650558 52.0
45.15290913618203 53.0
45.267597191472596 53.0
45.26880161582235 54.0
45.378859452072604 55.0
45.40882092963199 56.0
45.489707883618 57.0
45.520568755927535 56.0
45.582745024920456 57.0
45.670661358746635 56.0
45.674862254167 57.0
45.75367996318822 56.0
45.78038954635957 55.0
45.81311613581579 56.0
45.900496831364826 57.0
45.92747207468899 57.0
45.931327240752644 58.0
45.934143858593394 59.0
45.96922378765462 58.0
46.12718589177715 57.0
46.13589950730767 58.0
46.169747950897715 57.0
46.17118155325385 58.0
46.187762098907605 59.0
46.197589879058306 60.0
46.2731662499873 59.0
46.299035180295085 60.0
46.30957968206468 59.0
46.32464907141032 58.0
46.352108054513586 57.0
46.38731549406988 58.0
46.40764916252314 57.0
46.475989552410155 58.0
46.48818058548129 59.0
46.51634748398919 58.0
46.55612931721784 59.0
46.67192383931307 58.0
46.683579432807335 57.0
46.731539148302154 57.0
46.75606621868213 56.0
46.799310811880865 55.0
46.8333503613116 54.0
46.83662725659612 55.0
46.87888412335438 56.0
46.92087500873621 56.0
46.92819972867471 57.0
46.99371008731585 58.0
46.99386868174989 57.0
47.1455037875016 58.0
47.237962973068754 59.0
47.25407411009636 58.0
47.3095013032945 57.0
47.40347727169445 56.0
47.477268181111974 55.0
47.54286149070023 56.0
47.69515473281486 57.0
47.72366074130529 58.0
47.72582044603578 59.0
47.8092092182473 58.0
47.80936601464186 59.0
47.85597858720611 58.0
47.933372157446 58.0
47.969053797015235 57.0
47.98145741059181 57.0
48.00056344806574 58.0
48.05891202273096 57.0
48.15184054582343 56.0
48.16177833480118 57.0
48.16608839617179 56.0
48.16747561356485 56.0
48.219671283613785 55.0
48.22460018782838 54.0
48.22883024210249 55.0
48.28568240920548 55.0
48.302772894269566 54.0
48.32945578922768 53.0
48.36272613219289 52.0
48.42189978616515 53.0
48.45872593778183 54.0
48.488959507803706 53.0
48.50473559580875 54.0
48.50934751811097 55.0
48.53100448662962 56.0
48.5383137933249 55.0
48.55651091259381 54.0
48.568406519933454 55.0
48.61153846389749 56.0
48.72145622254739 57.0
48.72699235758271 56.0
48.744569175497084 57.0
48.81773972277791 56.0
48.991201807219525 55.0
49.05377654122644 54.0
49.05716572824156 54.0
49.09420799662061 53.0
49.102335772020695 52.0
49.14245448956887 52.0
49.14445249474229 51.0
49.16148210479799 50.0
49.21098075217513 51.0
49.23059405180566 52.0
49.237825060571474 52.0
49.25761504224246 53.0
49.52659910316897 54.0
49.5350794921246 55.0
49.550915799722965 54.0
49.557774467001344 55.0
49.5951347666268 56.0
49.603446614349465 55.0
49.63333204605734 54.0
49.80054496674628 55.0
49.82393629054196 55.0
49.85719976900292 56.0
49.85764446930928 55.0
49.86131491813077 54.0
49.94416301273924 55.0
50.05281325438593 54.0
50.07215519152088 55.0
50.108237596016444 55.0
50.186101904056954 54.0
50.237255809037116 55.0
50.23908395079818 54.0
50.23929621435886 55.0
50.2673487214891 54.0
50.31242429650022 55.0
50.341615304637784 56.0
50.419206830309555 56.0
50.42008351650359 57.0
50.52430205769281 56.0
50.558313646219204 55.0
50.56798159575094 56.0
50.62162364096919 55.0
50.63457795390565 54.0
50.66919189329451 55.0
50.72020675614063 54.0
50.80322049949934 54.0
50.811350947933406 53.0
50.882314067704 54.0
50.91253090703935 53.0
50.97845556258731 54.0
50.9833890421999 55.0
51.04738100193705 55.0
51.050625939822055 56.0
51.13641747231756 57.0
51.300172079504215 57.0
51.33490780485045 57.0
51.38981993658173 56.0
51.45490195290741 56.0
51.548347898988126 55.0
51.58763887623548 56.0
51.58858935904664 56.0
51.6110531068014 56.0
51.63811710191894 55.0
51.664455968007374 56.0
51.71969002924447 55.0
51.728143330320606 54.0
51.74863969894241 53.0
51.80990875186058 52.0
51.90709015268759 51.0
51.91031796453599 50.0
52.00505289567124 51.0
52.02685647233347 52.0
52.11060281230602 52.0
52.21755673101404 52.0
52.25750055608282 51.0
52.27309657742905 50.0
52.27776399354791 50.0
52.2905600199595 51.0
52.33013907016769 50.0
52.43222828112442 51.0
52.433602521430565 50.0
52.43772573952392 51.0
52.50481134129162 50.0
52.5742958982791 49.0
52.609589983277665 50.0
52.61759644546133 51.0
52.6212376891076 50.0
52.72521004623949 50.0
52.807998099371744 51.0
52.943097169532315 50.0
52.98402196075636 51.0
53.10775960531507 50.0
53.1123861805188 49.0
53.114789918557314 50.0
53.1489726757331 51.0
53.165838503651756 52.0
53.39299908286283 52.0
53.460563816842786 51.0
53.49003676176526 52.0
53.59010620789698 53.0
53.59870580147864 52.0
53.643814243754385 53.0
53.64623413235806 53.0
53.686586619804814 53.0
53.69200814299817 52.0
53.69538459134051 53.0
53.69942412893148 53.0
53.720850798490936 52.0
53.78771352059727 51.0
53.8003263840862 50.0
53.82599033273551 50.0
53.82861064929671 49.0
53.835390697599735 48.0
53.8454872742076 47.0
53.87795244212531 47.0
53.896897511929126 46.0
53.998872723124485 45.0
54.02874249355006 46.0
54.04743210210644 46.0
54.06015139838115 47.0
54.081104508700754 48.0
54.082896785234325 49.0
54.12402694118053 50.0
54.14198480297823 50.0
54.171120151285606 51.0
54.18337327639551 51.0
54.346040054174864 52.0
54.364471743612214 53.0
54.402998901376016 52.0
54.43095987354878 53.0
54.52037174924065 52.0
54.544607012986226 51.0
54.57763615332383 51.0
54.619703162306635 51.0
54.63167293758287 51.0
54.633365458896726 51.0
54.721962515272224 50.0
54.72718110300543 51.0
54.78418888785407 52.0
54.93947778784293 52.0
54.972982092226694 52.0
55.029409043447394 51.0
55.02944421824566 51.0
55.104868689069704 51.0
55.10755165379465 52.0
55.11404287139387 51.0
55.15011567142014 51.0
55.15267074974373 50.0
55.15580910687725 50.0
55.17760291810435 51.0
55.21039613176968 52.0
55.213124723246196 51.0
55.23920367723961 50.0
55.29234942839335 50.0
55.31979196013854 49.0
55.33810687831286 49.0
55.37403411005175 50.0
55.38295399345877 51.0
55.40973764533382 52.0
55.45619041594587 53.0
55.459962071606164 52.0
55.47591763453281 51.0
55.51790082551556 52.0
55.522179851456116 51.0
55.5575729084009 50.0
55.64855728580962 51.0
55.65347178999769 50.0
55.66542866006022 51.0
55.68921718433834 50.0
55.790934336907455 51.0
55.81340863873068 52.0
55.81449087854786 52.0
55.87462685858859 51.0
55.875347537871214 50.0
55.93854741306662 49.0
55.973688143601876 50.0
56.01688013829519 49.0
56.04247330228691 50.0
56.10870637686758 49.0
56.175232645312434 49.0
56.21716672908903 50.0
56.21805768651966 50.0
56.23433918565341 50.0
56.26612144030226 50.0
56.288610568842984 51.0
56.311199358571045 50.0
56.41879417351682 50.0
56.45479600435936 50.0
56.47478044693425 49.0
56.486782499851266 48.0
56.557601526363605 49.0
56.58580287210977 49.0
56.6530757567441 49.0
56.7937560678731 50.0
56.81814693325345 49.0
56.83393740910734 50.0
56.86564178196509 50.0
56.962630889097426 49.0
57.034012052124204 48.0
57.03472571416049 47.0
57.05138028101116 48.0
57.10060276456625 48.0
57.129005058133636 49.0
57.21254234600627 48.0
57.24728938374355 47.0
57.266392412208845 47.0
57.46473773275477 46.0
57.466481561781976 46.0
57.523727946020074 47.0
57.53544597399417 48.0
57.54683319282466 48.0
57.594702350229156 49.0
57.60005512137941 48.0
57.71303857993048 49.0
57.75931818763777 49.0
57.79095741480702 50.0
57.793771205296444 49.0
57.83573413900054 50.0
57.90899936343958 51.0
57.91993151463992 50.0
57.96122758394867 49.0
57.995064767090014 49.0
58.0443135462686 50.0
58.08387604963011 49.0
58.086552876680436 50.0
58.09245721617717 49.0
58.113178546198995 48.0
58.20019127721801 47.0
58.225683787367274 46.0
58.24075992295504 47.0
58.26214352891672 48.0
58.30865536421404 49.0
58.34388725647017 48.0
58.40506895329964 47.0
58.41558608188036 47.0
58.480569853336256 47.0
58.591611859606836 47.0
58.64612747216357 47.0
58.64896390967409 47.0
58.68586094139542 48.0
58.68965718980726 48.0
58.70336853367348 49.0
58.77415477013173 49.0
58.787462589656634 49.0
58.8193211722083 50.0
58.87133242115335 51.0
58.945626787170724 52.0
59.005762080943285 53.0
59.0329434481628 53.0
59.08200603068826 53.0
59.102614581024554 52.0
59.148187886011186 51.0
59.23060455627031 51.0
59.26404971187664 52.0
59.31978838122553 53.0
59.40076278259457 53.0
59.4840393914147 52.0
59.488636568052534 53.0
59.714826134465795 54.0
59.72600299089641 55.0
59.73110366562223 55.0
59.75322622402377 54.0
59.78327505167727 53.0
59.93656293336996 53.0
59.96106381644417 54.0
60.02284055485836 53.0
60.04477947466966 54.0
60.06896521202631 55.0
60.09012839077845 55.0
60.20329213927762 54.0
60.20550842300046 53.0
60.21398038033305 53.0
60.21756912294207 54.0
60.27590311945032 53.0
60.30183399329136 54.0
60.30517162273707 55.0
60.386798866628084 56.0
60.40086527707572 55.0
60.4070303793492 54.0
60.42575132278433 55.0
60.43435614008785 54.0
60.60597412277604 55.0
60.71337851108829 54.0
60.817906254107 55.0
60.833934639509366 56.0
60.85705220505144 55.0
60.89306600952573 55.0
60.938141518657645 56.0
60.94910773195045 57.0
60.9643177466624 56.0
60.97683971161973 57.0
60.98252193982003 56.0
61.10848341025419 56.0
61.145413107522764 55.0
61.17425543454595 55.0
61.182991825911024 54.0
61.22263062728495 53.0
61.236699022346315 54.0
61.2805717214001 53.0
61.29426363235447 52.0
61.31137782646431 52.0
61.32561958420686 53.0
61.34977453444103 54.0
61.37242524794463 53.0
61.38266796316418 54.0
61.41922335561751 53.0
61.59304741007824 53.0
61.602771587902254 52.0
61.64379470919578 53.0
61.665203256757366 53.0
61.677043877948584 54.0
61.70520876204549 55.0
61.70976569083346 54.0
61.77198276280277 53.0
61.773996331195555 54.0
61.78262535411303 54.0
61.78315385046938 54.0
61.81763374561618 54.0
61.87709910922627 53.0
61.909738863836594 53.0
61.9117764026005 52.0
61.95963096615548 53.0
62.00959013545704 52.0
62.01752916345474 52.0
62.033308935735924 52.0
62.18732691679681 52.0
62.22164193245334 51.0
62.4171880514677 52.0
62.431070660159904 53.0
62.47009189278972 53.0
62.490960691661876 52.0
62.51388551560213 51.0
62.517334181843516 52.0
62.5389974671167 53.0
62.55358906539304 54.0
62.57854075407354 53.0
62.68397877045092 52.0
62.698658612159086 51.0
62.72163552059495 51.0
62.83920871987198 51.0
62.866043698973705 51.0
62.89403946158125 52.0
62.90301978740854 53.0
63.04414547405213 52.0
63.08817859921328 51.0
63.12685514324549 52.0
63.18588374903304 51.0
63.212786600582646 52.0
63.32844781089301 53.0
63.35919007968464 52.0
63.365366105593424 53.0
63.46546240185484 52.0
63.478080003570376 53.0
63.51641280382031 52.0
63.54634486409654 52.0
63.56771391228235 51.0
63.591588387602066 50.0
63.59420928429679 49.0
63.646186072178686 49.0
63.72155106090637 50.0
63.72561080278249 49.0
63.83551549959673 48.0
63.9128361963456 47.0
63.99676262284146 47.0
64.03980303243885 46.0
64.05920752378537 47.0
64.06994939624373 46.0
64.08470879510392 47.0
64.11644430416297 48.0
64.1300264658195 48.0
64.19782202076027 49.0
64.20470298539118 48.0
64.26353177968355 47.0
64.37886725420259 48.0
64.39216483729466 48.0
64.4271562779841 47.0
64.48531567803272 46.0
64.58208530366592 45.0
64.59967213166613 46.0
64.60322687354001 45.0
64.68257471966028 46.0
64.68457868391418 47.0
64.70983644353846 48.0
64.7183031762448 49.0
64.77892328482358 48.0
64.91513927956757 49.0
64.93775599098272 50.0
64.99151404934105 51.0
65.01528439706917 50.0
65.01613863435745 49.0
65.13716049431193 48.0
65.17474185940965 49.0
65.18481335103422 48.0
65.1938984581622 49.0
65.20300495473408 49.0
65.21618039064575 50.0
65.2227899126331 50.0
65.26184731912582 51.0
65.29550536147921 50.0
65.33605369805308 49.0
65.3729503174462 50.0
65.39805796871143 51.0
65.41510606707668 51.0
65.51067261715407 50.0
65.57326868088396 51.0
65.61311425665319 51.0
65.62287771017765 52.0
65.69208333319271 53.0
65.77494890916992 52.0
65.79567869180559 53.0
65.82695110192323 54.0
66.04978164358299 55.0
66.08270842587282 55.0
66.16495041897286 55.0
66.22103897743617 56.0
66.26515019087299 55.0
66.2969865940488 54.0
66.4251567266107 53.0
66.48689412345213 52.0
66.51166268143244 53.0
66.52264700831148 52.0
66.53937290424051 53.0
66.63371945963982 54.0
66.7528479594344 53.0
66.7707333736673 52.0
66.78968178811498 51.0
66.80730082404871 52.0
66.81807565324733 53.0
66.83806409886816 54.0
66.83960615886251 53.0
66.8439938888463 53.0
66.93675111724377 52.0
66.96214465044567 51.0
67.0056766534239 52.0
67.01777956414114 53.0
67.11207080950633 52.0
67.15885750703433 51.0
67.18494215948756 52.0
67.18527971016661 53.0
67.19169702593246 53.0
67.26781831052634 52.0
67.30853088365862 53.0
67.3189670747874 54.0
67.35672706950642 55.0
67.38268901992713 55.0
67.38558227628232 54.0
67.50160170588896 53.0
67.55203385169618 54.0
67.57782777628228 53.0
67.6086358849297 52.0
67.64022823855093 51.0
67.71698301561419 52.0
67.77512088520575 53.0
67.79290399398407 52.0
67.80404657972736 53.0
67.90188098911364 53.0
67.95522621752573 53.0
67.95800094815593 54.0
67.96815442128072 53.0
68.10343659418659 54.0
68.11347756091628 55.0
68.2062852805499 54.0
68.22950741668718 53.0
68.23826683204786 54.0
68.28816163819269 54.0
68.30558932778257 53.0
68.30776594826764 54.0
68.31372626854692 53.0
68.35870036566203 54.0
68.3647125355137 53.0
68.3749033052158 52.0
68.46345011282997 53.0
68.47952839912467 52.0
68.53235940442941 52.0
68.53239507343106 53.0
68.53659669012133 52.0
68.55017638738713 51.0
68.64014477823186 50.0
68.65985338039805 49.0
68.70801449803366 50.0
68.75169633401511 51.0
68.85642952086596 52.0
68.87856036550377 53.0
68.93084444158215 53.0
69.02468617272405 54.0
69.08377574165699 55.0
69.12155576815343 56.0
69.15527519077934 55.0
69.16533227925827 54.0
69.17118961606104 53.0
69.21066318551485 54.0
69.28891360668948 53.0
69.31535255192131 54.0
69.32037860547422 53.0
69.37765198829064 54.0
69.4244269686945 53.0
69.51629348479673 53.0
69.62781944315229 52.0
69.64864095195283 53.0
69.6645714231701 54.0
69.73357230582528 55.0
69.74769026847238 55.0
69.81354884485665 55.0
69.83819299675439 55.0
69.86432597418855 55.0
69.90792337107663 56.0
69.98348407267088 57.0
69.99132893522663 56.0
70.03189199201591 57.0
70.24051551098982 58.0
70.28234978036137 57.0
70.2988030515112 56.0
70.3201634717665 57.0
70.3359251836357 58.0
70.42153836521783 59.0
70.51270418576043 58.0
70.55291233900779 59.0
70.56206782095106 58.0
70.59565133081077 57.0
70.61333305420719 58.0
70.63072007278095 59.0
70.6366278104162 58.0
70.65957060277098 59.0
70.771929265678 58.0
70.7719606198175 59.0
70.77267719700968 58.0
70.77668741932767 57.0
70.78048321619464 56.0
70.87699496570757 57.0
70.9175877829469 56.0
70.92732494464732 56.0
70.95771368090888 55.0
70.97418320018171 54.0
70.99008304685574 55.0
70.99572199156748 56.0
71.15082803726092 56.0
71.15244856590087 57.0
71.2471684705519 56.0
71.25058346156338 57.0
71.26921393403353 58.0
71.45683007571314 59.0
71.46228208201981 59.0
71.47570335788929 60.0
71.65299791922945 59.0
71.79572682580047 60.0
71.79914463245672 60.0
71.94875200921622 59.0
71.99595726658758 58.0
72.05197334410494 58.0
72.1039526424385 57.0
72.14593709725304 56.0
72.2100878475455 57.0
72.21844311771025 56.0
72.29811821227221 55.0
72.31668457327443 54.0
72.33499271433101 55.0
72.38992130842324 54.0
72.43927056672244 53.0
72.44708570495274 54.0
72.46410146987228 53.0
72.50401092546572 53.0
72.53318455320479 52.0
72.57482015338087 53.0
72.60113928881701 54.0
72.6219306085805 53.0
72.69049926011054 54.0
72.70294076037173 54.0
72.82506451104597 55.0
72.86887985497971 54.0
72.97034354854624 55.0
73.03682631692092 56.0
73.07733080668761 57.0
73.08319190783375 56.0
73.11874848069071 55.0
73.13933291144251 56.0
73.18441046117111 55.0
73.29539574094771 54.0
73.34029068546812 55.0
73.39734901540774 54.0
73.42598560679153 53.0
73.438826683135 54.0
73.44820169679893 54.0
73.47330483606561 53.0
73.55051818575984 54.0
73.59465059585098 54.0
73.66758312847205 54.0
73.68542990938997 53.0
73.6895491542043 52.0
73.7176614097575 52.0
73.7452469533075 52.0
73.77592199874225 51.0
73.87469803698895 52.0
73.88374878602791 51.0
73.9174142491139 52.0
73.92521049223969 52.0
73.95057415479637 51.0
73.9656506447383 50.0
73.96901484255378 49.0
74.01275148415775 48.0
74.0447641740029 49.0
74.06320606017238 50.0
74.12784909184059 51.0
74.14910443703717 50.0
74.25740645598927 49.0
74.31254688163514 50.0
74.36060096642225 51.0
74.37437095652916 52.0
74.37708456550186 51.0
74.37938637504854 52.0
74.44230082978481 51.0
74.52865374320119 52.0
74.55705945313196 51.0
74.57575961710846 52.0
74.59075476572491 53.0
74.649818134321 52.0
74.69510351451795 53.0
74.71006455431345 52.0
74.71053654707754 52.0
74.72889136325344 51.0
74.74752708133249 51.0
74.7739095711877 52.0
74.83807147970109 51.0
74.87005639675012 50.0
74.90901037883948 51.0
74.91233892563494 50.0
75.00322180748566 50.0
75.04465957708527 49.0
75.07731430843954 50.0
75.10613636896862 51.0
75.16065995129759 51.0
75.18890381981296 51.0
75.21097852705034 50.0
75.22417636129818 50.0
75.27192556146329 49.0
75.27673744648025 50.0
75.3700185147084 51.0
75.43046779268414 50.0
75.47719066850388 50.0
75.52140196993157 50.0
75.55819630685423 50.0
75.57843517079493 50.0
75.59183531787023 50.0
75.59465177693922 50.0
75.69091322748962 51.0
75.70271105249033 52.0
75.733611139198 51.0
75.74908353477132 52.0
75.8472685314267 51.0
75.87464273599825 51.0
75.88067981975226 50.0
75.90034239217216 50.0
75.9045228955897 49.0
75.97034992862291 50.0
75.98322241295902 51.0
76.00495908767506 50.0
76.0927888414666 49.0
76.17430776676511 50.0
76.18725186457615 50.0
76.19515389140892 51.0
76.2068542942065 52.0
76.23624972365243 52.0
76.2412372212702 51.0
76.26469654194963 52.0
76.35411845582735 53.0
76.35577463775395 52.0
76.3708623323874 52.0
76.40823244218146 52.0
76.40990701905672 53.0
76.41877682847844 53.0
76.47489523651244 53.0
76.50971486136247 52.0
76.53872433174745 52.0
76.54858215547087 51.0
76.5666102370494 50.0
76.62058814321601 49.0
76.65748741308585 50.0
76.67048848922043 49.0
76.78189594310979 49.0
76.78342838514624 48.0
76.79949953435916 48.0
76.8146795092407 49.0
76.82925687489353 50.0
76.87000073378573 49.0
76.90539027532714 48.0
76.99413028101597 47.0
77.03182848805896 46.0
77.04396459956855 46.0
77.06624181424488 45.0
77.09597973553441 46.0
77.15537071293224 47.0
77.17193944287742 46.0
77.34445917503801 45.0
77.34647148891783 46.0
77.44540958192789 46.0
77.5231318009243 46.0
77.58337322113329 47.0
77.59119604659169 46.0
77.61837993649871 46.0
77.63017342852373 47.0
77.6542296255996 48.0
77.66375193914195 49.0
77.72513637211593 48.0
77.74247568048956 47.0
77.77234015326314 47.0
77.77764802982406 47.0
77.7920501935337 48.0
77.80628039936657 47.0
77.85546552038309 48.0
77.85671304259013 47.0
77.90744196290866 46.0
78.11602560708864 47.0
78.13797108765512 46.0
78.1904258212184 47.0
78.22065682360969 48.0
78.24310738698469 49.0
78.40648682325026 48.0
78.41879042726598 48.0
78.55304597789618 49.0
78.55857398917502 48.0
78.62136360590405 47.0
78.63996920821384 48.0
78.65430723406485 47.0
78.66070416426554 48.0
78.70468323490167 49.0
78.70686821964537 48.0
78.7563435722782 48.0
78.82649215630076 47.0
78.90552694329828 46.0
78.90913714853768 46.0
78.98743982901509 47.0
78.99457838207212 46.0
79.01898699107946 45.0
79.03153103887206 46.0
79.03460459328227 46.0
79.27215854993882 47.0
79.30806661395904 46.0
79.31187712211396 46.0
79.44017173120544 47.0
79.44351824339049 48.0
79.44812484158875 47.0
79.46055913933677 46.0
79.50576963300627 45.0
79.5267747026526 45.0
79.58740157918908 46.0
79.61752062105859 47.0
79.63132228900889 47.0
79.64612111149297 46.0
79.69812270408129 45.0
79.74571798661574 44.0
79.76558984689693 43.0
79.88547473146744 44.0
79.94027636258971 43.0
79.94087862525271 42.0
79.94111018046081 41.0
79.94132392769478 42.0
79.95327894809228 43.0
79.99359271102139 43.0
80.01451647680814 42.0
80.01800644936384 42.0
80.02998668217654 43.0
80.16670036276417 43.0
80.17158178858318 44.0
80.17403597510356 45.0
80.27496818370203 44.0
80.2772586440222 45.0
80.30258970838413 46.0
80.35258581169232 47.0
80.35783535177396 47.0
80.37854983101936 48.0
80.38850142923624 47.0
80.40524624739818 46.0
80.49249403876553 47.0
80.49692999686405 48.0
80.56388937856465 48.0
80.64764325302494 47.0
80.71015772313372 47.0
80.73008376802416 47.0
80.73111467540518 48.0
80.73349840874218 47.0
80.74839806691602 46.0
80.76240973003944 45.0
80.80133201646093 44.0
80.8461774453272 43.0
80.8480800781028 44.0
80.86813629391128 43.0
80.94516889453055 43.0
81.00200057695714 43.0
81.01228161750912 44.0
81.0282455283891 45.0
81.13329697517437 45.0
81.13740201476104 44.0
81.14529592055833 44.0
81.2761403238148 44.0
81.32578908554544 45.0
81.34817333593593 45.0
81.43712629062894 45.0
81.45929183046329 46.0
81.47654059191845 45.0
81.50057417115602 44.0
81.53450798223153 44.0
81.60790210599245 43.0
81.64335089665674 43.0
81.66479861095642 43.0
81.66720675656447 42.0
81.72749707603109 43.0
81.77391817296555 42.0
81.77729613347795 41.0
81.77986777486115 40.0
81.8788064090584 39.0
81.91047144467572 40.0
81.94734062656764 40.0
81.97680111190242 40.0
81.99454641927962 40.0
82.0152931163519 39.0
82.03294180936086 40.0
82.0706840849497 41.0
82.07565780530757 40.0
82.09388928509138 40.0
82.09529546178307 40.0
82.10091064350536 39.0
82.16650952571432 38.0
82.19128658975865 39.0
82.1968258096154 38.0
82.20730838930727 38.0
82.21198683237252 39.0
82.23595744676506 40.0
82.27331456759838 41.0
82.28055883786055 42.0
82.33326784427776 42.0
82.38647883156257 42.0
82.41671867496109 43.0
82.42980540919436 43.0
82.4611286792662 42.0
82.53628773362249 43.0
82.57724922419074 43.0
82.64181136197399 44.0
82.64463707100211 43.0
82.65518600728622 44.0
82.65711618591985 45.0
82.74538252227507 44.0
82.77937655847771 45.0
82.78059324526468 44.0
82.80113433572711 44.0
82.81411921927652 43.0
82.84799647828939 42.0
82.8514207070358 43.0
82.85154612931417 44.0
82.88255320389645 45.0
83.01158721152964 44.0
83.08342683392956 45.0
83.11885482567074 44.0
83.12309292397325 45.0
83.13141116790538 44.0
83.15342673164373 45.0
83.1651082849144 45.0
83.17372708695784 46.0
83.19550123173548 45.0
83.3033454864679 44.0
83.35422447693425 43.0
83.40281157556485 42.0
83.432583290105 41.0
83.43887127988546 41.0
83.5384670267061 41.0
83.56487167790806 40.0
83.57296558618148 40.0
83.58517706526611 39.0
83.6048371424114 39.0
83.6222400604326 38.0
83.68278862047056 39.0
83.68384431056498 39.0
83.6883982407885 39.0
83.69070469946347 38.0
83.69082433292668 37.0
83.74025356371173 37.0
83.74214254441007 38.0
83.8035082703049 39.0
83.80489623246608 40.0
83.80710478718169 40.0
83.8360138496775 39.0
83.84548472323208 40.0
83.85901362449748 39.0
83.8615287382196 38.0
83.8686756522292 39.0
83.88616689012 39.0
83.94714727490671 38.0
83.97493293199798 38.0
83.99151172427486 37.0
84.00483959612478 38.0
84.00493936928285 39.0
84.09762574478938 39.0
84.13704439497693 39.0
84.15488832920468 40.0
84.21726831310151 39.0
84.28927224688023 40.0
84.29256302529087 41.0
84.31211346792342 41.0
84.38465976747447 42.0
84.40755515283382 42.0
84.4171690218063 41.0
84.43085257231957 42.0
84.45627367206053 41.0
84.53273080996047 42.0
84.5341196907727 42.0
84.53581267437511 42.0
84.56321281161044 42.0
84.58926339641073 43.0
84.61026021228751 43.0
84.63906476762129 43.0
84.64002413024672 44.0
84.66257360418108 43.0
84.68113061193965 43.0
84.6827422255468 42.0
84.68894429029241 43.0
84.73597420066335 44.0
84.8132639907907 43.0
84.81553929273124 42.0
84.84792011118267 43.0
84.89094569869857 44.0
84.90257795001023 44.0
84.90450779022346 43.0
84.95014597196433 42.0
84.95865162582326 43.0
84.96935203694456 44.0
84.97887611161765 43.0
85.06805096355482 43.0
85.11232040219396 44.0
85.118252587345 44.0
85.13065306285448 44.0
85.14165548672031 43.0
85.19179037433612 44.0
85.23096634750758 44.0
85.2341117958569 45.0
85.31608778056881 45.0
85.34513524809311 46.0
85.40822397325455 47.0
85.4569871598506 46.0
85.531841118685 47.0
85.55542203559858 47.0
85.557444404044 46.0
85.57518845467374 45.0
85.5935855918389 44.0
85.63181693260174 44.0
85.68513635072802 44.0
85.74509179891537 43.0
85.80996763811515 44.0
85.81621635015887 43.0
85.84096604400432 42.0
85.84632249258058 41.0
85.89080355957721 41.0
85.90100069804744 40.0
85.92774023381011 39.0
85.94245728573276 40.0
85.99310900246003 41.0
86.07539556463585 40.0
86.08108110603847 39.0
86.08544282425163 40.0
86.11595166032687 40.0
86.13354922804527 39.0
86.22095453820802 40.0
86.22911473054675 40.0
86.25841157944926 39.0
86.29794511390969 38.0
86.32198737094515 39.0
86.3519360535572 39.0
86.35859322702252 40.0
86.36137672102397 41.0
86.36273825650886 42.0
86.36306933922943 43.0
86.39284473695751 44.0
86.39464836688396 44.0
86.4269328848888 45.0
86.44178919773911 46.0
86.46601988839731 45.0
86.50613556281651 46.0
86.51439701674944 47.0
86.54401704445873 48.0
86.56557758440348 49.0
86.60217633170343 50.0
86.63563847537074 49.0
86.66726135934836 49.0
86.77093262094414 49.0
86.82703807282506 48.0
86.89517540095204 49.0
86.92302435234812 48.0
86.93744340437699 48.0
86.9407425418424 48.0
86.94110056071976 49.0
86.9572958413517 48.0
86.96452162799403 49.0
86.97245655425677 48.0
87.05887906841981 49.0
87.09381593207425 50.0
87.1368702805709 51.0
87.18401792495013 52.0
87.23939799715593 51.0
87.31101061607558 52.0
87.31332707443397 51.0
87.32782638936563 51.0
87.35979074819305 50.0
87.36152811169937 49.0
87.37936065975693 50.0
87.39263319345186 51.0
87.40940672897759 50.0
87.41150149830506 51.0
87.41159088947546 51.0
87.47184491103549 51.0
87.49024816949104 51.0
87.54128888044025 52.0
87.57413653804771 52.0
87.76174824279137 51.0
87.77408342498197 52.0
87.79927925021032 53.0
87.81883522976494 54.0
87.83776025754352 53.0
87.87802347026425 52.0
87.89791644973444 51.0
87.93310000081807 50.0
87.94198847727536 50.0
87.96168213067527 49.0
87.96366748728248 48.0
87.9798351555569 49.0
87.99162333397753 48.0
88.00165393289174 47.0
88.04047539872911 48.0
88.14462033101942 49.0
88.16806658106387 49.0
88.19553648753931 50.0
88.20634390556906 49.0
88.25473838882387 49.0
88.28478569210411 48.0
88.34488264963667 48.0
88.34765302424205 49.0
88.35234080745866 48.0
88.37902521436422 47.0
88.58846193145509 48.0
88.6032944197079 47.0
88.61173111214667 46.0
88.61379675402554 47.0
88.62327667542041 46.0
88.71152423680596 45.0
88.73264643946031 46.0
88.74213706018264 47.0
88.76716528607 47.0
88.81977971429704 48.0
88.87772165285672 47.0
88.8958164850262 47.0
88.919086892257 48.0
88.92493754624564 48.0
88.92710684700421 49.0
88.98227334140215 49.0
89.08215198481805 49.0
89.14829854710268 49.0
89.17013119192383 49.0
89.19396127101767 50.0
89.28088666855847 50.0
89.28121883063689 49.0
89.30883446196073 50.0
89.34659630266937 51.0
89.35935065373818 52.0
89.37726520343608 53.0
89.4774558535993 54.0
89.4801860828272 53.0
89.52874822178276 53.0
89.59728486122546 54.0
89.67398247139288 55.0
89.74316819399644 54.0
89.80565913824034 54.0
89.85481705533174 53.0
89.96154941970038 52.0
90.05714991930063 53.0
90.22382295217753 53.0
90.24297615276421 52.0
90.24670801415769 52.0
90.38074448940932 52.0
90.5476609184902 53.0
90.5971511241478 54.0
90.61967427461057 54.0
90.70453877239412 53.0
90.81678197789488 52.0
90.86245663160615 51.0
90.87749290115889 52.0
90.94244995627149 51.0
90.95189797458028 50.0
90.96249726047029 51.0
90.97546515722573 50.0
91.01652079079516 50.0
91.05074587127162 49.0
91.05635089415681 48.0
91.06375040172252 47.0
91.070147822904 46.0
91.11873748105788 45.0
91.13109946131488 45.0
91.22341485036148 44.0
91.24948474373842 44.0
91.28771991802675 43.0
91.43022609875301 44.0
91.4753623767291 44.0
91.49522139401034 45.0
91.51413045313899 44.0
91.57497778933237 44.0
91.60055408166002 43.0
91.62933563299276 44.0
91.63351617034719 44.0
91.65708994056324 44.0
91.66071550431346 45.0
91.77049875336408 46.0
91.77892078771345 47.0
91.79960828404153 48.0
91.80523835274994 49.0
91.80821221509794 48.0
91.84340903775421 47.0
91.85274205009222 46.0
91.86161141667645 47.0
91.87712853928768 48.0
91.96795691214702 47.0
91.98095065297424 48.0
91.99445543452062 49.0
92.01034721440504 48.0
92.0809067962516 49.0
92.21745421649835 49.0
92.23873441254737 50.0
92.23888012312877 50.0
92.34839827888064 50.0
92.36106818405328 51.0
92.4035933726753 52.0
92.44644660760657 53.0
92.50536834872952 52.0
92.59983619228697 51.0
92.6117405953977 52.0
92.65087914352608 53.0
92.66556832315125 52.0
92.67665883883386 51.0
92.67694329767829 50.0
92.72129292579874 51.0
92.7448460629867 52.0
92.76237864352632 53.0
92.8414817893107 52.0
92.88479144174643 53.0
92.91275549332937 54.0
92.93414719520807 54.0
92.95389523596747 53.0
92.9541319977889 54.0
92.9631635160229 55.0
93.02895833430497 56.0
93.10083486452093 57.0
93.1015631663891 58.0
93.17253250139547 58.0
93.17479943472944 57.0
93.21085765660777 57.0
93.217854969439 56.0
93.2197999142949 56.0
93.24082427772025 55.0
93.27316677285931 54.0
93.30403174080092 54.0
93.31593659861012 55.0
93.32507476585064 54.0
93.36597319786553 53.0
93.40952266475585 54.0
93.44427018221025 55.0
93.57945744694145 54.0
93.58409411727631 54.0
93.65471349343223 54.0
93.67145306636134 55.0
93.71801977650706 54.0
93.87823408299585 55.0
93.94057103667791 56.0
93.94862914870009 57.0
93.96264157637547 56.0
93.99381271715686 55.0
94.05933656534377 54.0
94.06060277614483 53.0
94.06167623490336 54.0
94.07227582144583 55.0
94.2365801800958 55.0
94.2632913919169 54.0
94.31904808143724 54.0
94.34116029817261 53.0
94.37436576562102 54.0
94.42300166070048 55.0
94.42657279426824 56.0
94.48415229933318 56.0
94.50581581782039 56.0
94.53006816703783 57.0
94.60008520312084 56.0
94.63528885220781 55.0
94.64204069832634 54.0
94.66605302309993 55.0
94.6712254244421 55.0
94.67219147407887 56.0
94.75283504849 57.0
94.77269517117512 56.0
94.78082713147725 55.0
94.79398376280302 56.0
94.81648715418996 55.0
94.81954623454864 54.0
94.86524523132921 55.0
94.92308383385499 54.0
94.98955760790425 55.0
95.06573130690812 54.0
95.08053516316465 53.0
95.23948095760313 54.0
95.3004632358468 55.0
95.39570044218915 55.0
95.40330328032587 54.0
95.42954709293419 54.0
95.43545864097786 55.0
95.4571504545974 55.0
95.47767883308819 54.0
95.52544343466622 55.0
95.5429679910676 54.0
95.58706266083128 53.0
95.59001788695983 52.0
95.59955868379775 51.0
95.63242148281344 52.0
95.63598373531808 53.0
95.66418484937346 54.0
95.67603076978224 53.0
95.72775851786656 52.0
95.76503641576869 53.0
95.83012468039104 54.0
95.88132718427914 53.0
95.88266672034553 54.0
96.08571705718211 53.0
96.13361391201303 54.0
96.13423505865929 53.0
96.13945919427653 52.0
96.19706004767428 53.0
96.20322458958361 53.0
96.21533594133916 54.0
96.26723166610527 53.0
96.28881659999021 52.0
96.35252595329257 53.0
96.35419701083295 53.0
96.37153173190897 52.0
96.37399758112788 51.0
96.4164168075589 52.0
96.45231321357603 52.0
96.57515450143809 51.0
96.57843656873334 50.0
96.5982750093865 51.0
96.63401819361385 50.0
96.73013544338554 51.0
96.81437784125696 51.0
96.82934577191996 52.0
96.83384282711738 51.0
96.95956402573235 52.0
96.9667399198586 51.0
96.99657767910323 52.0
97.0163181229249 53.0
97.02684455114282 54.0
97.04896898497175 53.0
97.06253985397716 53.0
97.07553648025382 54.0
97.08864213060158 55.0
97.0936548975485 55.0
97.11519772320904 56.0
97.11685768696724 57.0
97.1761304618538 56.0
97.19463569964917 55.0
97.30203719237169 56.0
97.31562953587996 57.0
97.46309405208504 57.0
97.48212231566283 56.0
97.59798840885186 56.0
97.61464318115699 55.0
97.61741825669147 55.0
97.64703066508288 55.0
97.71571997045699 54.0
97.77539538896305 54.0
97.84624409716075 55.0
97.93289193703613 56.0
97.95738233572284 57.0
97.98623980426605 58.0
98.02169619811241 58.0
98.08985563069525 57.0
98.10016265787176 56.0
98.11209746484329 55.0
98.11544047528933 54.0
98.16036912970927 55.0
98.2418811492909 54.0
98.2686654489613 55.0
98.27758327762747 56.0
98.36306305269396 57.0
98.3811296972413 58.0
98.38382345908089 58.0
98.39178987947693 59.0
98.39245993237671 59.0
98.41007460841283 58.0
98.4298262531756 58.0
98.44938308498774 59.0
98.47647266335302 58.0
98.48426698776464 57.0
98.49536857059555 58.0
98.49715983826741 57.0
98.53199850827656 56.0
98.5429420070163 56.0
98.55940779243544 55.0
98.64518243411233 54.0
98.65235047032547 54.0
98.65424382963506 53.0
98.65569806698895 54.0
98.6873737202103 55.0
98.70465226353517 54.0
98.74496948715172 55.0
98.74883134890301 55.0
98.801515570928 56.0
98.80247224832047 57.0
98.90356693823693 57.0
98.91683431738069 58.0
98.930989190749 59.0
98.98193766163284 58.0
98.99073591340816 58.0
98.99251022876915 57.0
99.0089248135734 56.0
99.04757156400122 57.0
99.05239919765941 56.0
99.06305662973745 57.0
99.10189296131111 58.0
99.17566117369213 58.0
99.19408972444056 57.0
99.21986014712436 56.0
99.2303227637729 57.0
99.26240066561955 56.0
99.26355730673242 57.0
99.28877854045372 56.0
99.28891502028486 55.0
99.31508543580732 54.0
99.31907349163896 55.0
99.34663347662465 56.0
99.38021338395583 55.0
99.54126887877905 54.0
99.55729658173402 54.0
99.56489736328416 54.0
99.64783577527984 53.0
99.66438114454785 54.0
99.66953235722411 55.0
99.71058815158591 56.0
99.7619383080214 57.0
99.7990534958385 56.0
99.84966841504274 57.0
99.89076506672262 57.0
99.900537344903 56.0
99.91166036069419 55.0
99.92561990645508 56.0
99.95456072643873 56.0
100.04645638370617 55.0
100.09406531532177 56.0
100.12702768557304 55.0
100.17932258565536 56.0
100.18077121683966 55.0
100.19755789644088 54.0
100.22761725680175 55.0
100.23446335987171 54.0
100.52739702571996 55.0
100.58610327408144 55.0
100.59205949828996 54.0
100.71574575784334 54.0
101.01903288462816 53.0
101.01990980157636 54.0
101.03755306280445 55.0
101.04520731594897 56.0
101.05843508261422 57.0
101.20662461655203 58.0
101.25868378152461 59.0
101.32775588871715 58.0
101.48867786723744 59.0
101.63490485672065 59.0
101.6788143854846 59.0
101.72719295366139 60.0
101.89827067158014 61.0