0.0 0.0
0.06060754145029886 1.0
0.06271645872726327 2.0
0.06533991216433091 3.0
0.1699581892884537 4.0
0.1780376058957488 5.0
0.19277242933998484 6.0
0.20037558742893946 7.0
0.2390347303623831 8.0
0.26001390095717114 9.0
0.34125776303258526 10.0
0.38054286982527674 11.0
0.38485833748070436 12.0
0.3945819926059456 13.0
0.39838367990140927 14.0
0.406466939281432 15.0
0.4299950561954145 16.0
0.4924410185921788 17.0
0.5084663804983087 18.0
0.519514691620792 19.0
0.5758808714558202 18.0
0.5824670549480003 19.0
0.6047516782389152 20.0
0.6176252574794534 21.0
0.6807760796594817 22.0
0.6990015527695369 23.0
0.7072266754817499 24.0
0.7192625359032379 25.0
0.7228661737828197 26.0
0.9373157876463762 27.0
0.9549508830691895 26.0
0.967554977022349 25.0
0.9784584965822086 26.0
0.9920486047177927 27.0
1.0046405192245427 26.0
1.0184824906773238 25.0
1.0309172374074735 26.0
1.0602275542183783 27.0
1.078119826608201 26.0
1.1011375711045186 25.0
1.1345435264074133 24.0
1.1466031215798544 25.0
1.1534963206034523 24.0
1.2018462586592433 25.0
1.2040924703183118 24.0
1.2260772970300702 23.0
1.235277377130762 24.0
1.29029709050524 23.0
1.3122333977402703 24.0
1.3192724940115448 23.0
1.3584827009839242 24.0
1.3881247232169698 25.0
1.4243895565901048 26.0
1.4493925755122625 27.0
1.550967816433232 28.0
1.6635016459086476 29.0
1.6653105099202303 28.0
1.6745982937542374 29.0
1.6950064192781191 28.0
1.7468466767644542 27.0
1.7620733620977773 28.0
1.7766496115187826 27.0
1.8087704058154825 26.0
1.8277931293033627 27.0
1.8343811461964488 28.0
1.954330236768304 27.0
1.9760956110726708 28.0
2.007293739970686 27.0
2.0080642175341277 28.0
2.015494300807055 29.0
2.0248071357716166 28.0
2.028953288681246 27.0
2.043193048789189 28.0
2.073001426035257 27.0
2.09139548545831 28.0
2.12045511389781 29.0
2.1234460560083033 28.0
2.2397342777003972 27.0
2.2618183323112815 28.0
2.3395232665276007 27.0
2.348179429844443 28.0
2.366659033548841 29.0
2.3811536980343693 30.0
2.3962482495732456 29.0
2.3994594878553173 28.0
2.4728734417324474 27.0
2.480278867951276 26.0
2.5027842982941535 27.0
2.5039217267936213 26.0
2.525172030258348 27.0
2.5706955046453674 26.0
2.57726738633792 27.0
2.599449820952492 28.0
2.620300230668042 27.0
2.6517458949889576 28.0
2.6678168279378665 29.0
2.8091912312243155 28.0
2.811348760129977 27.0
2.8243303875426804 26.0
2.8359149497225227 25.0
2.8486243989690543 26.0
2.926055659356405 27.0
2.9358158581225298 26.0
2.9441334868751503 27.0
2.962729189200153 26.0
3.017648349711724 25.0
3.0904645906633665 24.0
3.0955549366101334 25.0
3.10407721873591 26.0
3.1370712222013233 25.0
3.165113148788607 24.0
3.1686255919617197 23.0
3.1711150875626473 24.0
3.212201636588004 23.0
3.2153838443632363 22.0
3.2203586932930217 21.0
3.2294343162524926 22.0
3.313437618647261 21.0
3.3229891666353284 22.0
3.3235464824115843 21.0
3.3344140350358833 20.0
3.3485312631880486 21.0
3.3564240001210877 20.0
3.3732497110998483 19.0
3.381852672764228 18.0
3.562748020172321 17.0
3.575978722472105 18.0
3.579813452999815 19.0
3.597695365907551 20.0
3.5980532422798945 19.0
3.6981620843329748 20.0
3.7125379960983205 21.0
3.744336399792663 20.0
3.7554572790190726 21.0
3.820280329612973 22.0
3.8307628757066325 21.0
3.934760745752604 22.0
3.950308563333874 23.0
3.9511487111796537 24.0
3.988132935712969 23.0
3.994769305402477 22.0
4.063560451937276 23.0
4.091191656215738 24.0
4.108205569429918 23.0
4.179355291998178 24.0
4.188145671453368 25.0
4.235041288652404 26.0
4.265005922545938 27.0
4.30635321363438 28.0
4.309694708772263 27.0
4.372880865078834 26.0
4.373681629575344 25.0
4.377552355059808 26.0
4.3826994569407765 27.0
4.385237127598472 26.0
4.407207499676619 25.0
4.416608274696702 24.0
4.454200423167829 25.0
4.530501815002057 26.0
4.550752094710152 27.0
4.56252753544975 28.0
4.573704083986798 27.0
4.5932551276375495 28.0
4.620981556000346 29.0
4.680844848011736 30.0
4.722981500216569 31.0
4.726111419353419 32.0
4.826910594927852 31.0
4.912624144808412 32.0
5.058604300030744 33.0
5.065067633534232 34.0
5.0719632999692665 33.0
5.12736658677503 32.0
5.135146720201267 31.0
5.162520168761039 30.0
5.184360054093792 29.0
5.247265152985357 30.0
5.260673452872508 29.0
5.269739310036011 28.0
5.3481303936964455 27.0
5.34852975170018 26.0
5.384562281459446 27.0
5.390974665746538 26.0
5.392712595937232 25.0
5.394037712455385 26.0
5.407379823711033 27.0
5.4179415670317495 26.0
5.4399141808136715 27.0
5.4975014155325965 26.0
5.498463711294275 27.0
5.508769657825708 26.0
5.537515013649485 27.0
5.584313733151256 28.0
5.633743918564074 29.0
5.674080520503622 28.0
5.704509858791296 27.0
5.7078304787365 28.0
5.731446972030697 27.0
5.736123453536275 28.0
5.747186729891192 27.0
5.7526952266307285 26.0
5.775174482025951 25.0
5.7910617323431595 26.0
5.796529715748214 25.0
5.7965824937213455 26.0
5.8333158309890205 25.0
5.845998820607961 24.0
5.878432630304343 25.0
6.002023481519133 26.0
6.059525956180866 25.0
6.102093905012647 26.0
6.126171597471037 25.0
6.127607296426706 24.0
6.131010640602452 23.0
6.149063078713583 24.0
6.175170261814035 23.0
6.209183108164429 24.0
6.336067562707074 23.0
6.3474670829706055 22.0
6.393577990582316 21.0
6.415552008294586 20.0
6.456406773952556 19.0
6.549817406565457 18.0
6.607667891958308 17.0
6.6180393817326415 18.0
6.662834282012275 19.0
6.729382310115392 20.0
6.7370038218312684 21.0
6.75321953477976 22.0
6.757111986414274 23.0
6.764130796369524 22.0
6.765608863348243 21.0
6.811469579830061 20.0
6.835895397019828 21.0
6.937434363390654 22.0
6.93909537899443 21.0
6.940637830057748 20.0
6.94379451942471 19.0
7.047960865954524 20.0
7.050978743945994 21.0
7.089185491001606 20.0
7.091544498084926 21.0
7.133278081486106 22.0
7.173581632844921 23.0
7.177558569051687 22.0
7.227913076333287 21.0
7.263587947384882 20.0
7.274646892931041 21.0
7.29027748509966 22.0
7.3135937335864645 21.0
7.343620842037606 22.0
7.347904695307594 21.0
7.3858109701680155 20.0
7.407998674707133 21.0
7.4307922207777475 20.0
7.431873827851979 19.0
7.435893980254763 18.0
7.44068719092562 17.0
7.443520542821102 16.0
7.4546340083502525 17.0
7.473950198517806 16.0
7.478371530128368 17.0
7.47979288638748 16.0
7.504163521544961 15.0
7.620917947137257 16.0
7.627997012440398 17.0
7.726299253836937 18.0
7.735854383250512 19.0
7.762764483515444 18.0
7.823201662705207 19.0
7.84407189669437 18.0
7.844096699933235 17.0
7.896127943658655 18.0
7.896759210363217 19.0
7.91660413309579 20.0
7.935202155155805 21.0
7.949641651330482 22.0
7.985844475521989 21.0
7.996598538877348 22.0
8.00212077629745 23.0
8.057456466013841 24.0
8.069878809641871 25.0
8.088553844068565 26.0
8.154824544825608 25.0
8.16983976035734 24.0
8.218314984244683 23.0
8.238198250245736 24.0
8.260478904467472 25.0
8.26208053465793 26.0
8.285439603127738 25.0
8.288433817165112 26.0
8.295646306717263 25.0
8.29812707533617 24.0
8.331970034520786 25.0
8.358528716155485 24.0
8.36494066092703 25.0
8.38807958112374 24.0
8.404322417888336 25.0
8.408364199859369 24.0
8.426570758539729 23.0
8.432390814295271 24.0
8.454528177970047 23.0
8.49283380162047 24.0
8.537835113226421 23.0
8.590973908256055 22.0
8.614509193162268 23.0
8.650185207250097 22.0
8.684125117548398 23.0
8.707160023798536 22.0
8.712083252800946 21.0
8.749666003021076 22.0
8.777283047738589 23.0
8.809967564441882 24.0
8.832689920964444 23.0
8.848621671649457 24.0
8.855569427932855 25.0
8.894872481230186 24.0
8.89835040835134 23.0
8.936354701663761 22.0
8.960476465868638 21.0
8.961639485315816 20.0
8.988509343110179 19.0
8.98896210581838 18.0
9.03585796452516 17.0
9.119018138404643 18.0
9.136092856291308 17.0
9.174601532557338 16.0
9.18481058070968 15.0
9.216485849930056 14.0
9.220503548194724 15.0
9.233861109003863 16.0
9.254740861633305 17.0
9.298944546343531 16.0
9.328247417221553 15.0
9.356349114574934 16.0
9.363519723122835 17.0
9.406131810161565 16.0
9.430852160789508 17.0
9.439399939458593 16.0
9.45688106637313 15.0
9.475916283257384 16.0
9.480597313355359 17.0
9.48469298936717 18.0
9.52115777324829 19.0
9.528215942405188 18.0
9.540692145055893 19.0
9.545259686946228 20.0
9.548181565625171 19.0
9.592778476517283 20.0
9.596693342562906 21.0
9.606357607542506 22.0
9.613685155833458 21.0
9.670210301568577 20.0
9.67052052943924 19.0
9.731744157404055 20.0
9.75942449529938 19.0
9.770154375497103 20.0
9.8184588426336 21.0
9.873338469033254 22.0
9.8906019934111 23.0
9.910167546479556 22.0
9.923300996041078 23.0
9.943488317018941 24.0
9.999508410951838 23.0
10.030878377993808 22.0
10.033182405342407 21.0
10.038959441814702 22.0
10.061093802560894 23.0
10.112484144455136 22.0
10.116208576562114 23.0
10.160344243653467 24.0
10.163606088160114 25.0
10.255920367891072 26.0
10.277096094188812 25.0
10.278683979421967 24.0
10.291548809565512 23.0
10.295130111306456 24.0
10.301628527936696 25.0
10.5529921141365 26.0
10.581043689677395 25.0
10.585165087629832 26.0
10.655547425011745 25.0
10.797443422642019 24.0
10.831539690304416 25.0
10.877304808830477 26.0
10.910011734007062 27.0
10.923725538481005 28.0
10.92612322660745 29.0
10.95473203218682 28.0
10.957263074980917 27.0
10.979389363287437 28.0
11.006326252057733 29.0
11.057478565209573 30.0
11.076599004686706 29.0
11.131972957456812 28.0
11.152700204513172 29.0
11.217009911070607 28.0
11.220171830835364 29.0
11.330447139928516 28.0
11.360662198490587 29.0
11.361088042223331 30.0
11.38360790613585 31.0
11.398057284511719 32.0
11.412074504707535 31.0
11.419689936495487 32.0
11.421721188008261 31.0
11.423143288625138 32.0
11.435347268398086 33.0
11.556860567396793 32.0
11.614518420753923 31.0
11.647879981735661 30.0
11.65064425165999 29.0
11.67089139725211 28.0
11.67152509350833 27.0
11.674479804539105 26.0
11.688547439875345 25.0
11.696046146991984 26.0
11.788188447906673 27.0
11.804166624915538 28.0
11.827505251729209 27.0
11.832065877931768 28.0
11.855900320052191 29.0
11.863199017985188 28.0
11.870051048099588 27.0
11.90990172491271 26.0
11.917253454591913 27.0
11.985848192488636 26.0
11.996452107668071 25.0
11.99777304271536 24.0
12.023153557151971 23.0
12.07978252292438 24.0
12.088299531353849 25.0
12.12978923449207 24.0
12.16188179710492 23.0
12.17023733614536 22.0
12.197487960302906 21.0
12.235874591042824 22.0
12.268251401307154 21.0
12.280665435151072 20.0
12.304026537560402 19.0
12.305717222987873 18.0
12.333139690923106 17.0
12.404907672746676 18.0
12.409272198079117 17.0
12.428239677502026 18.0
12.458689506436981 19.0
12.551115637784797 18.0
12.55393935617095 17.0
12.565989470706633 18.0
12.60229425796296 19.0
12.661829642727445 20.0
12.688520032800652 21.0
12.717732695558801 20.0
12.762262873760037 19.0
12.818784084620505 20.0
12.833854103640093 19.0
12.844655125198509 20.0
12.938498628180886 21.0
12.93932879507402 22.0
12.93997917645483 23.0
12.999495706010228 24.0
13.003772543834753 23.0
13.031046910310216 24.0
13.032323918149679 25.0
13.064763927333281 24.0
13.279942974446634 25.0
13.291149771120184 26.0
13.352814152853078 25.0
13.393399557127816 24.0
13.41660168401919 23.0
13.43941007866884 24.0
13.445305433615045 23.0
13.502401856141814 24.0
13.519725094346692 25.0
13.523050170409132 26.0
13.623920259022773 25.0
13.62929188534596 26.0
13.686729776946887 27.0
13.720899862893468 28.0
13.726280336768673 29.0
13.771462210827822 28.0
13.796324380300256 29.0
13.802343291293182 30.0
13.806072137009615 29.0
13.807406684558542 28.0
13.838573736719058 29.0
13.863912531531433 28.0
13.869881712528409 29.0
13.876097003181696 28.0
13.923545162985068 29.0
13.92537271666627 28.0
13.947835742081596 27.0
14.035884447071325 26.0
14.044168547230482 25.0
14.070108434294283 26.0
14.119202044890903 25.0
14.122469638161908 26.0
14.166689785078875 27.0
14.255635071716329 26.0
14.26002579130838 27.0
14.260934366603873 26.0
14.271963456520295 27.0
14.278962866781704 28.0
14.326710332124236 27.0
14.388904122050507 26.0
14.3937645620091 27.0
14.490681325962958 26.0
14.507895115354515 27.0
14.55169742145205 26.0
14.581933831375217 25.0
14.631278657199532 24.0
14.663294900424585 23.0
14.673500016896725 22.0
14.776817959645344 23.0
14.777487273546894 24.0
14.793672324734363 23.0
14.79639220655383 22.0
14.819754302484018 21.0
14.830393375525016 22.0
14.850556667639315 21.0
14.861465106183964 22.0
14.9053210701706 23.0
14.905386825385067 22.0
15.02718009969531 21.0
15.038546630219018 20.0
15.056877013518802 21.0
15.070293741552092 20.0
15.099883258543993 19.0
15.152997971519124 20.0
15.159328611658458 19.0
15.18376255071194 20.0
15.198650537708211 19.0
15.216577412121405 20.0
15.221547727911485 21.0
15.245180258462648 20.0
15.267973147563321 21.0
15.27255658722588 22.0
15.292564522828293 23.0
15.298112269337768 22.0
15.306205313487885 23.0
15.316952225562183 24.0
15.319980803069816 23.0
15.381678977745489 24.0
15.400025529734462 23.0
15.41316253252234 24.0
15.428261808512987 23.0
15.530398610484943 24.0
15.549334039303044 25.0
15.657472775170621 26.0
15.678658219048854 25.0
15.696059970374883 26.0
15.713597355100326 25.0
15.734965506911479 26.0
15.811310511355853 27.0
15.843709197850544 26.0
15.919352983247963 25.0
15.923670234286462 26.0
15.945775647681572 25.0
15.962227758323154 24.0
15.963057457262709 25.0
16.00303385184807 24.0
16.0278686848378 25.0
16.037676183535588 24.0
16.094818926076094 23.0
16.12971453673418 22.0
16.13069610038889 21.0
16.132925872039678 22.0
16.141829321435427 23.0
16.26863549744811 22.0
16.28321686248993 21.0
16.285527581889806 22.0
16.28784332228833 21.0
16.296969920657776 22.0
16.329396921478672 23.0
16.33556817369076 24.0
16.355199764593838 23.0
16.423204446055266 24.0
16.444290804925963 25.0
16.448943427562167 24.0
16.449967064707604 25.0
16.451043400914713 24.0
16.46827186255454 25.0
16.491289791452612 26.0
16.50882791062046 25.0
16.51733810156845 24.0
16.542038374722225 25.0
16.552919117912193 26.0
16.571429321625665 27.0
16.58521048255676 28.0
16.609398938671063 27.0
16.655890749619445 28.0
16.659204966043248 29.0
16.676317548646274 30.0
16.694650447483173 31.0
16.72652654191964 30.0
16.72987471454003 31.0
16.79840830351565 32.0
16.848519348554625 31.0
16.858664000614322 30.0
16.896899986851164 29.0
16.926126970523168 28.0
16.927923447152057 29.0
16.93846415179813 28.0
16.98472835597705 27.0
16.993545750399154 26.0
17.000515539117657 27.0
17.017274178540216 28.0
17.072205661676573 27.0
17.149332143880745 26.0
17.161690191293527 25.0
17.23004697701438 26.0
17.27695443268313 25.0
17.291110052017725 26.0
17.299027854652127 25.0
17.404042357249864 24.0
17.419201476883615 23.0
17.425947809933795 24.0
17.44105115836479 25.0
17.45428799931477 24.0
17.47496356786511 23.0
17.492774583534466 22.0
17.500063100314076 23.0
17.53725120328671 24.0
17.575355362754664 23.0
17.692989294754923 22.0
17.75214641574478 23.0
17.76067759299711 24.0
17.768801936698132 23.0
17.780240210889982 24.0
17.79603395369053 25.0
17.806627899989685 24.0
17.844581138456622 23.0
17.90246718293239 22.0
17.90816523667579 23.0
17.924731231847137 22.0
17.947817070874546 21.0
17.97932348220163 20.0
17.98504575945416 21.0
17.99593404743075 20.0
18.074425232879936 21.0
18.0788846753777 20.0
18.091624648983704 19.0
18.10769846805468 18.0
18.130008574598364 19.0
18.153697316130188 20.0
18.21211503799424 21.0
18.231328046499183 20.0
18.274815845865923 19.0
18.353909850814535 18.0
18.380376965983213 19.0
18.486009092935657 20.0
18.525285864878082 19.0
18.584096617448356 18.0
18.62976392101292 17.0
18.639095845823924 16.0
18.66832389012236 17.0
18.684006039344457 16.0
18.694540143042513 17.0
18.704823717866727 16.0
18.7055111534198 15.0
18.799931996931797 14.0
18.888211916419614 15.0
18.90668413212157 14.0
18.914170823829476 15.0
18.94820649376804 16.0
18.94868217127323 15.0
18.978842945460972 14.0
19.068050129051862 15.0
19.077096895081457 16.0
19.11992296622148 17.0
19.126699734498036 18.0
19.156488919841113 19.0
19.186977764850344 20.0
19.22201078106784 21.0
19.23896812858656 22.0
19.249346042107717 21.0
19.25579540907809 20.0
19.284301503135904 19.0
19.387749165169183 18.0
19.437476640179028 17.0
19.460641089455454 18.0
19.462445481605393 19.0
19.503810967957442 18.0
19.619163469809013 17.0
19.68145449272046 18.0
19.698308035244573 19.0
19.700849403338502 18.0
19.733371549739164 17.0
19.7573537068895 18.0
19.759707942374124 19.0
19.775465973967354 20.0
19.77693663503103 21.0
19.785363960145876 20.0
19.86767248204076 19.0
19.871696765735585 18.0
19.895469135707415 17.0
19.89596966683664 18.0
19.923042722914968 19.0
19.93755400488192 18.0
19.94541490847647 17.0
20.050526777872395 18.0
20.05427439167077 19.0
20.111887439725 20.0
20.132880342424833 21.0
20.160118134532908 22.0
20.17166274052098 21.0
20.22650813799289 22.0
20.248038891230095 21.0
20.282126474436893 20.0
20.29176409687807 19.0
20.294299603649286 18.0
20.332688667053596 19.0
20.34675285626855 20.0
20.367252554962693 21.0
20.382681783239008 22.0
20.388564931025236 23.0
20.3941995623288 24.0
20.40385701239408 25.0
20.474607557229653 24.0
20.533066959384957 23.0
20.557897935745075 24.0
20.569130889576392 25.0
20.576117907276213 26.0
20.642843910536627 27.0
20.678033421667884 26.0
20.69311581967723 27.0
20.698133279161873 28.0
20.723237315642663 27.0
20.73144380729983 26.0
20.818698472044982 25.0
20.820452474718515 24.0
20.836370048455137 23.0
20.85115204488082 22.0
20.865936955914176 23.0
20.866873055590972 24.0
20.931022871551665 23.0
20.990692005758547 22.0
20.995394675936982 21.0
21.009098551122328 22.0
21.01669593571164 23.0
21.06904943084983 24.0
21.074615307727676 25.0
21.13483103712078 24.0
21.180077399718243 25.0
21.208533098993186 26.0
21.243373229958415 25.0
21.25822443909926 26.0
21.2925019612835 25.0
21.31226495214172 24.0
21.33910876119485 25.0
21.352942766445366 24.0
21.381168907804543 23.0
21.41153104795921 22.0
21.41965999618458 23.0
21.504732911605647 22.0
21.51527761720635 23.0
21.538599554104316 24.0
21.540525163131136 25.0
21.574697585688217 26.0
21.615553237586777 25.0
21.615785609328267 26.0
21.61754590460412 25.0
21.6407777500944 24.0
21.657953803061805 25.0
21.683545418615445 24.0
21.684543028736726 23.0
21.68715769277964 24.0
21.68833199576223 25.0
21.71703450497277 24.0
21.722872788866887 25.0
21.73136702599354 24.0
21.735957180275143 25.0
21.755289506486164 24.0
21.770784198793113 23.0
21.79009865667166 24.0
21.810123111722966 25.0
21.923270639909614 24.0
21.94394113896549 23.0
21.967538535479175 24.0
21.979908610125406 23.0
21.990611545017792 22.0
22.10866157678563 23.0
22.13375677348861 22.0
22.197688071859538 21.0
22.228959144664937 20.0
22.23681615239923 19.0
22.243467679855314 20.0
22.25339336086846 19.0
22.269995457077762 18.0
22.28737640087264 17.0
22.331088818120403 18.0
22.346619961682546 17.0
22.385675486939302 16.0
22.39250701226485 17.0
22.394679332332142 18.0
22.406693064935734 19.0
22.433655414351524 20.0
22.478108305510244 21.0
22.517649865501426 22.0
22.52965932768881 23.0
22.532531468441363 22.0
22.569558772494563 23.0
22.62009254860145 24.0
22.678365989842703 25.0
22.685014167200226 24.0
22.686122278611634 23.0
22.728375029625358 24.0
22.769918243630325 25.0
22.78083343255009 24.0
22.78549398533393 25.0
22.831873105604732 24.0
22.86234466073154 25.0
22.880873290575387 24.0
22.898043856378997 23.0
22.938794773845437 24.0
22.94854151339449 23.0
22.998582604187504 24.0
22.999818961602426 25.0
23.023006348122074 26.0
23.03496297271974 27.0
23.03598703717865 26.0
23.04037663628254 25.0
23.04094269641548 24.0
23.095804609475785 23.0
23.11222625346182 24.0
23.114927052578306 25.0
23.14656829592238 24.0
23.160204095507098 23.0
23.168732658474045 24.0
23.317609119790713 25.0
23.351620593585803 26.0
23.369202806231566 27.0
23.373636439759906 26.0
23.394093056736583 25.0
23.403434953447665 26.0
23.404794632666796 27.0
23.48804916046013 28.0
23.492593317172794 27.0
23.600024507589552 28.0
23.601446901917615 27.0
23.61432277852698 28.0
23.6243331034885 29.0
23.666199353835083 28.0
23.75041700295487 27.0
23.813953634188355 26.0
23.845666973601414 27.0
23.925473448922933 26.0
23.935288626091552 27.0
23.947700560687032 28.0
24.020109972014318 27.0
24.025695487372204 28.0
24.048572106468733 29.0
24.086630389824514 30.0
24.137692993780252 31.0
24.144602832887042 30.0
24.164396392704102 31.0
24.171111732839023 32.0
24.240705248209387 31.0
24.328313015163722 30.0
24.336066420871123 29.0
24.37112380125435 28.0
24.404205820502213 27.0
24.41186381837293 26.0
24.43015961538338 27.0
24.54347490638659 26.0
24.598311251666647 25.0
24.605681411768813 24.0
24.62735585977873 23.0
24.66112694160697 24.0
24.66320678112415 25.0
24.67743638150976 26.0
24.699451568879123 25.0
24.709317819226644 24.0
24.716501099491516 25.0
24.732315555180246 26.0
24.754137376656416 25.0
24.757539267423933 26.0
24.926940844820223 25.0
24.95459680908526 24.0
24.96670574686554 23.0
24.968415844436603 24.0
25.0104446787034 23.0
25.033674845817078 24.0
25.07326272387888 23.0
25.080613927425706 22.0
25.101306673420268 21.0
25.101361820223765 20.0
25.275035253949326 19.0
25.380795050613923 18.0
25.407487679127485 17.0
25.44733766320096 18.0
25.451263686631442 19.0
25.453414296841945 20.0
25.487878565534995 21.0
25.572437302563102 20.0
25.689242290963982 19.0
25.738060756738804 18.0
25.78642006900302 17.0
25.802729085037154 16.0
25.821137708638325 15.0
25.822928577469593 14.0
25.848360572553563 15.0
25.944902921716146 14.0
25.952242026484992 15.0
25.97092396394973 16.0
25.97121099886467 17.0
26.020740521186315 18.0
26.073734502652957 19.0
26.07693315152065 18.0
26.13553753692707 19.0
26.149378123341762 18.0
26.15112343647228 17.0
26.156612578695405 18.0
26.167612994952034 19.0
26.169267870599523 20.0
26.207015933854834 19.0
26.217275092212606 20.0
26.24707148113523 21.0
26.27790380709587 20.0
26.304257732012907 21.0
26.30898640680137 20.0
26.366057532040728 19.0
26.395622609022574 20.0
26.55738733490227 21.0
26.566911366078685 20.0
26.62219326220772 21.0
26.634616429421587 20.0
26.650498047149338 21.0
26.664170995552343 22.0
26.673517578460274 21.0
26.684543519557984 22.0
26.70393731453646 21.0
26.706941900042416 22.0
26.756402667659657 23.0
26.75727589632662 22.0
26.76284870411158 23.0
26.878764227187713 22.0
26.915903641036337 21.0
26.94557419767704 22.0
26.972227948328864 21.0
27.02048233029799 20.0
27.049359212447172 19.0
27.075172317012626 20.0
27.090690450216556 19.0
27.136569436487626 20.0
27.146247619002192 19.0
27.19050224039673 20.0
27.202693706799483 19.0
27.216036539561383 20.0
27.228011585904003 19.0
27.246207534227437 20.0
27.32973128332262 21.0
27.33945437245439 20.0
27.36401283421007 19.0
27.42350698337528 20.0
27.45860503979794 21.0
27.478958321027786 22.0
27.487048881670443 21.0
27.51305631931324 22.0
27.513436713123408 23.0
27.571650391767847 22.0
27.58421622840729 23.0
27.655662993364977 22.0
27.82747069833138 23.0
27.8776072657044 22.0
27.934827985430363 21.0
28.03546793105676 22.0
28.067719133745296 21.0
28.08904500450873 22.0
28.10413475317253 23.0
28.192725181150884 24.0
28.344595856162204 25.0
28.397573815197763 24.0
28.503442126552297 25.0
28.504377207371743 24.0
28.547846101585893 23.0
28.581909804523136 24.0
28.604616647432486 23.0
28.68208026037444 22.0
28.720313099174692 23.0
28.725794240201253 24.0
28.745168113670776 25.0
28.780886221273423 26.0
28.809651878112973 27.0
28.844178227084285 26.0
28.87557475290533 25.0
28.918656211319423 24.0
29.092165971172466 23.0
29.159407668412655 22.0
29.16537124174727 23.0
29.287771382320656 22.0
29.291385196053678 23.0
29.301211615943735 24.0
29.30762123339705 23.0
29.3142940573342 22.0
29.318930350834695 23.0
29.374055913576797 22.0
29.393801831791738 21.0
29.435945938500733 22.0
29.44242597713055 23.0
29.477655594291157 24.0
29.49422635291977 25.0
29.544388719326456 24.0
29.59953190376007 25.0
29.601164020437523 24.0
29.693879441233467 25.0
29.722352729118505 24.0
29.72570794456706 23.0
29.778151617850547 24.0
29.78308664746688 23.0
29.818795445690885 24.0
29.829992687326214 23.0
29.847791195538477 22.0
29.90330539649497 21.0
29.904504702893465 22.0
30.08394734501879 23.0
30.08733938808088 22.0
30.10276127916809 21.0
30.122086614028742 22.0
30.23214029421047 23.0
30.243180732093055 22.0
30.263048022297905 23.0
30.32341899619038 22.0
30.330352200984823 21.0
30.34145197541092 20.0
30.357307255341595 21.0
30.44192332724636 20.0
30.442673634770994 19.0
30.447582566162865 18.0
30.469156873921868 17.0
30.505930621361756 16.0
30.567834205506262 17.0
30.568737754869158 16.0
30.593991658472852 15.0
30.665952703194844 16.0
30.69632414928569 17.0
30.71306252204013 18.0
30.719287072004523 17.0
30.784345898860778 16.0
30.79436055115045 17.0
30.802144729977144 16.0
30.84444559423438 15.0
30.900727577256742 14.0
30.907154945558954 15.0
30.932743277145878 14.0
30.94572226500974 15.0
30.95929050288516 16.0
30.985388309979097 15.0
31.00168355245095 16.0
31.029837572555103 15.0
31.06351507337713 14.0
31.163654852282118 13.0
31.22972695881481 14.0
31.256739222877282 15.0
31.25875227864058 16.0
31.264599238744164 17.0
31.327012164697667 16.0
31.33084098344601 15.0
31.341065584047726 16.0
31.406922223435377 17.0
31.442063419677712 18.0
31.558097736492076 17.0
31.562880786488318 16.0
31.577122772825252 17.0
31.593717870854974 18.0
31.599307899975937 19.0
31.608443782672534 20.0
31.671252442493703 21.0
31.690455371640358 20.0
31.866119571617624 21.0
31.930940133764082 20.0
31.9320137581919 21.0
31.94906925623214 22.0
31.972072493507383 23.0
31.98545487759086 22.0
31.988835715317975 23.0
31.99713144360014 24.0
32.00243147694175 23.0
32.01534894864934 22.0
32.01912064048506 23.0
32.02801753028475 22.0
32.065030908122964 21.0
32.07059551452591 22.0
32.12201247668897 23.0
32.1613984504781 24.0
32.20315016471933 23.0
32.232768357523994 24.0
32.24868961493893 25.0
32.30134921811003 26.0
32.30488944468045 25.0
32.32385163837444 26.0
32.33416916217685 25.0
32.335880484922825 24.0
32.342248102027746 23.0
32.34295342336966 24.0
32.35219391382622 25.0
32.42221471953934 26.0
32.43214440481818 25.0
32.49446169734459 26.0
32.49767974921205 27.0
32.498909142337304 26.0
32.522733472543955 27.0
32.55453048338595 28.0
32.55988906992861 27.0
32.56865854729749 26.0
32.58545435766184 25.0
32.58837509565223 24.0
32.61941783056478 23.0
32.62094735996137 24.0
32.66718265808804 23.0
32.67069217527463 24.0
32.70160377699887 23.0
32.72902607306106 24.0
32.795359473320985 23.0
32.81574402110484 22.0
32.817584564861 21.0
32.84068676721272 20.0
32.84451500211504 19.0
32.865888225766184 18.0
32.967041585681486 19.0
32.99174439531313 18.0
33.24511517211995 17.0
33.25889341649503 18.0
33.264596942884 19.0
33.26579462929806 20.0
33.350511590131 19.0
33.373392308547636 18.0
33.45817614621405 17.0
33.462056647423104 16.0
33.50931268383083 17.0
33.519740660634305 18.0
33.52081455697429 17.0
33.57491860041028 18.0
33.57590890900328 19.0
33.6448738630671 20.0
33.684511390424866 21.0
33.696798521966066 22.0
33.705443875925994 23.0
33.7203731280936 22.0
33.73681940553387 23.0
33.74387181880654 24.0
33.75600134360537 23.0
33.8164235769758 24.0
33.86696643092685 25.0
33.89146655026215 26.0
33.90310365267561 27.0
33.93991169663063 28.0
34.04138065283439 27.0
34.05199768481305 26.0
34.14152958175388 25.0
34.14716156340963 24.0
34.18282141512228 25.0
34.219619800141004 24.0
34.23438254762937 25.0
34.24366013392331 24.0
34.24702104014412 25.0
34.26341795395047 26.0
34.29591449536217 27.0
34.35563361700948 26.0
34.35607201921904 27.0
34.36334198901215 26.0
34.39581883545957 25.0
34.4118386124775 26.0
34.46430339511059 27.0
34.47326317484447 28.0
34.525183101507224 27.0
34.56675718468565 28.0
34.575295088557546 27.0
34.67920413977311 26.0
34.7693957899494 27.0
34.83153450340348 26.0
34.8405031372514 25.0
34.84840033490651 26.0
34.8770496199268 25.0
34.90883649505514 26.0
35.00065963416258 27.0
35.08107736267811 28.0
35.091022350671786 27.0
35.17701362113838 26.0
35.22649553466175 27.0
35.29890049499774 28.0
35.34175565305437 29.0
35.350891610859165 30.0
35.37176998636095 29.0
35.42345995874223 30.0
35.42617137299157 31.0
35.44528102444966 30.0
35.46102247942087 29.0
35.48918391038173 28.0
35.5181361569812 29.0
35.565916742597445 28.0
35.577350805508345 27.0
35.5904234165128 26.0
35.59260220167445 25.0
35.595086038995575 26.0
35.60148138636734 27.0
35.68093125394684 26.0
35.71135999880077 25.0
35.723674724571744 24.0
35.76193177578436 25.0
35.78836073445774 24.0
35.82054709176522 25.0
35.922731812641416 24.0
35.93214367771251 25.0
35.95463319211388 26.0
35.967365224874825 25.0
36.05321314674346 24.0
36.060501693643744 25.0
36.12859177921493 24.0
36.13983898972853 23.0
36.14278934696475 22.0
36.143315270673874 21.0
36.20567081877912 20.0
36.226105181662035 19.0
36.23630165991425 18.0
36.249670859370646 17.0
36.345880958258114 16.0
36.34974628283955 15.0
36.44420541832373 16.0
36.4552415563626 17.0
36.46203814045106 18.0
36.594528537817574 19.0
36.607775485897434 20.0
36.61286129809878 21.0
36.628280310545456 20.0
36.645381533096256 21.0
36.67532148767759 22.0
36.694777278730584 23.0
36.70852835169542 24.0
36.74170591489564 25.0
36.75922997322691 24.0
36.842641473714934 23.0
36.86682241676938 22.0
36.95035767816792 23.0
36.97540740283371 22.0
36.977646532551105 21.0
36.98095983833834 20.0
36.988173647692975 21.0
36.995843347934084 20.0
37.041064625112526 19.0
37.07415078849692 18.0
37.08840250164988 17.0
37.10700600643974 16.0
37.11380759926816 17.0
37.20322593590986 16.0
37.23482258746448 17.0
37.2440662897315 16.0
37.269901243218264 17.0
37.28375163062625 18.0
37.2853193295388 19.0
37.28626721631315 18.0
37.28988555870648 19.0
37.32750733718596 20.0
37.32845268710014 21.0
37.34937354380372 22.0
37.36324165249615 21.0
37.390565889576656 22.0
37.43819022786129 23.0
37.48383911531295 22.0
37.590929745383356 21.0
37.62681330217388 20.0
37.669141942111274 19.0
37.676232769710765 20.0
37.69631154700186 21.0
37.735863846517034 22.0
37.7886027131359 23.0
37.84125113598 22.0
37.912404439139856 23.0
37.91773325558073 22.0
37.922127399659566 23.0
37.9724669578471 22.0
37.97325143456654 23.0
37.9798622760568 22.0
37.981292798310236 21.0
38.001483215439144 20.0
38.022288884541005 19.0
38.06267168340853 20.0
38.08105668313117 21.0
38.09376358358383 22.0
38.169920580864016 21.0
38.177153712747135 22.0
38.17751366097995 23.0
38.289298759973185 22.0
38.2999709323093 21.0
38.30943722984901 20.0
38.31995708930762 21.0
38.36266302922986 22.0
38.38888841632836 21.0
38.39582088752361 20.0
38.43997801582818 21.0
38.442054125561896 22.0
38.50114794156271 21.0
38.509957632182946 22.0
38.532933175879386 21.0
38.5713117222353 20.0
38.57370971838799 19.0
38.57914929914548 20.0
38.58290672595293 21.0
38.611270695764354 22.0
38.665933463996495 23.0
38.716537532748255 22.0
38.7282096327658 21.0
38.7415338383542 22.0
38.76461586601543 21.0
38.79822900783967 20.0
38.82083696761736 21.0
38.82985438275153 22.0
38.85550525631405 23.0
38.87341036186644 22.0
38.87354671767242 23.0
38.89381279096337 22.0
38.92961405385998 23.0
38.932696215816016 24.0
39.00613242624032 23.0
39.04510279827628 24.0
39.089411206221776 25.0
39.09415168431989 24.0
39.13849915156164 23.0
39.199143596378015 22.0
39.2096162551883 23.0
39.2135735390065 22.0
39.26339557965256 21.0
39.287209832050785 22.0
39.31345773802551 23.0
39.32114123206624 22.0
39.34818175578821 23.0
39.389623243358436 24.0
39.409418080376206 23.0
39.44616487234286 24.0
39.461068937444914 25.0
39.4733190837863 26.0
39.53792203531989 27.0
39.577684275425746 26.0
39.60018722080847 27.0
39.62853830800494 26.0
39.64972841718463 25.0
39.6655057486063 24.0
39.6677457307069 23.0
39.678343476461635 24.0
39.74198569920939 25.0
39.761666968724306 26.0
39.77617932595151 27.0
39.78204316497826 28.0
39.784678816610544 27.0
39.833952821207234 26.0
39.86320418518266 27.0
39.88809658000868 26.0
39.99538453457198 27.0
40.016591080950995 26.0
40.01714008851873 25.0
40.03515816557965 24.0
40.03697747833353 25.0
40.06425135969673 26.0
40.07687774535164 25.0
40.10578946824297 26.0
40.17450269319478 25.0
40.18831867779213 24.0
40.22018051967566 23.0
40.23272239503945 24.0
40.327491303311554 23.0
40.371570444367194 24.0
40.38267194697883 25.0
40.40303699812969 24.0
40.40826688542491 23.0
40.45384284175372 24.0
40.45894903123798 23.0
40.460025300509585 22.0
40.49355306111511 21.0
40.50427321495788 20.0
40.554711352323686 21.0
40.56034641379012 22.0
40.59790713900495 21.0
40.60142385387771 20.0
40.731866653693906 21.0
40.81476431779907 20.0
40.816953292981566 21.0
40.817249210537575 22.0
40.820468570215674 23.0
40.853034010608226 24.0
40.961446134229135 25.0
40.96480563938726 24.0
40.97329626046794 25.0
41.00878287732182 26.0
41.035967600068744 27.0
41.110714952318276 28.0
41.18358493220397 29.0
41.20182998529732 28.0
41.381379040695194 29.0
41.411826222338135 30.0
41.44753412533655 29.0
41.468144177657656 28.0
41.47263109489938 29.0
41.537812479054125 28.0
41.568594907382256 29.0
41.584309080552785 30.0
41.58605033327811 31.0
41.62066970549143 32.0
41.634627113839414 31.0
41.64957534303313 30.0
41.677451777205164 31.0
41.70383744647863 30.0
41.71205539683494 31.0
41.71617139617937 32.0
41.73685009269604 33.0
41.740018043299315 32.0
41.756903776318126 31.0
41.76164279828916 32.0
41.80763108745017 33.0
41.84958510377115 34.0
41.86957291829558 35.0
41.9305448586985 34.0
41.97128176006939 33.0
42.018822395896386 32.0
42.05152035952178 31.0
42.174503856467766 30.0
42.1777826038177 29.0
42.25948338224452 28.0
42.27155921218806 29.0
42.31679068194932 28.0
42.352285698015244 27.0
42.4040738614923 28.0
42.40788263795275 27.0
42.46078698057925 26.0
42.474379529081396 27.0
42.48797824385607 28.0
42.50912608846011 27.0
42.5579369007171 28.0
42.57132570298783 27.0
42.60334912545521 28.0
42.6160138604003 27.0
42.640094790261074 26.0
42.68416343505278 27.0
42.702512571932374 26.0
42.70516987402069 25.0
42.74772625254515 24.0
42.7946057407089 23.0
42.810049462480755 22.0
42.886172251543215 21.0
42.910701725680696 20.0
42.936042769240856 21.0
42.946925282771474 20.0
42.96042576713962 21.0
42.967741077225305 22.0
42.97600173203103 21.0
42.98781332811274 20.0
43.005464563315684 21.0
43.02478195198835 20.0
43.030266222870864 19.0
43.08275048121945 18.0
43.144956016789465 17.0
43.165405356101864 18.0
43.19865109112977 19.0
43.206214352131305 18.0
43.270766909286635 19.0
43.278138472697876 18.0
43.325845528087456 19.0
43.327120413622865 18.0
43.34644596763096 19.0
43.36871864887531 18.0
43.38873126172962 17.0
43.39295558984812 16.0
43.40612300245364 15.0
43.407805862526324 16.0
43.45195715244405 17.0
43.494199870859326 16.0
43.52336831473864 17.0
43.56168194862433 18.0
43.58775852148318 19.0
43.647057044752636 18.0
43.656988371512504 17.0
43.660982521180955 18.0
43.667708216120694 19.0
43.702778219579876 18.0
43.76871055611909 17.0
43.809438160457525 16.0
43.83519467933909 17.0
43.931196784103214 16.0
43.9322712149228 15.0
44.057547428178516 16.0
44.06227804765716 15.0
44.10545711710742 16.0
44.120749272988064 17.0
44.13518090481446 16.0
44.156588617492226 15.0
44.16719009563811 16.0
44.20780275389486 17.0
44.22602024427389 18.0
44.249827897533514 19.0
44.29583287614021 20.0
44.34192437460495 21.0
44.34849691973525 22.0
44.37410187679142 21.0
44.385014180870414 20.0
44.53267324341412 21.0
44.56790702667068 22.0
44.58657634901548 23.0
44.6144568876541 24.0
44.677428227415696 25.0
44.68888543499079 26.0
44.70308642764968 27.0
44.74447306624273 26.0
44.7505801322666 25.0
44.766540125339745 24.0
44.841177830149626 23.0
44.856562167342496 22.0
44.92278394030798 21.0
44.9253194450272 22.0
44.9325708608528 23.0
44.93452417468171 24.0
44.93866954719786 23.0
44.95060516709465 22.0
44.95693108873009 21.0
44.97737940128959 20.0
44.99931973442798 19.0
45.032550689638754 18.0
45.10333207469808 17.0
45.115751382608344 18.0
45.1274435652118 17.0
45.22784507698543 18.0
45.287706504650245 19.0
45.30068311953003 20.0
45.31766515638788 19.0
45.36329740258053 20.0
45.39311315937607 21.0
45.47258500586172 22.0
45.47893951967425 23.0
45.49312511710908 22.0
45.496898220371975 23.0
45.49931095269708 24.0
45.52597073746346 23.0
45.530788284599744 22.0
45.54267340161607 21.0
45.56336803269812 20.0
45.57106567295704 21.0
45.59194696273788 20.0
45.62782972686517 21.0
45.62850060437818 22.0
45.63127321236992 23.0
45.63178322056099 24.0
45.63263055033459 25.0
45.685366485421 26.0
45.68640245863829 27.0
45.69615579033388 28.0
45.7140335178785 29.0
45.715922766202354 30.0
45.75825376633392 29.0
45.80431460617528 30.0
45.850254550127694 29.0
45.85416492324034 30.0
45.864268757441636 31.0
45.87558674611366 30.0
45.88429856245518 29.0
45.94201781427389 28.0
45.95638344154182 27.0
45.9716477291288 26.0
46.01126541047051 27.0
46.06534211258347 26.0
46.09028892537139 25.0
46.11587939562183 24.0
46.13777960996709 23.0
46.18158172865251 24.0
46.2063001370103 25.0
46.254934049587305 26.0
46.27326592993958 27.0
46.28746743624116 28.0
46.29362927324588 29.0
46.314845908762436 30.0
46.33148251279985 31.0
46.388968141948666 30.0
46.39557073214845 29.0
46.40556071305154 28.0
46.427538848513066 29.0
46.535764039961826 28.0
46.567739067831766 27.0
46.568154786082346 26.0
46.576256261479436 25.0
46.58949408035328 26.0
46.62232431644157 25.0
46.698961666317665 24.0
46.72085192541728 23.0
46.74110115744102 24.0
46.76108184542536 25.0
46.76241814680867 26.0
46.7932739104742 25.0
46.81356864698764 26.0
46.84635795210438 25.0
46.89851915441335 24.0
46.90362808273294 25.0
46.93857817245274 24.0
46.956675240221074 23.0
46.96026154870244 22.0
46.96977719876723 21.0
47.00014201448441 22.0
47.036157645923375 21.0
47.059194730311596 22.0
47.10231457588072 23.0
47.104393265561946 24.0
47.10705334948824 25.0
47.11476265787465 24.0
47.186477883116744 25.0
47.22040209051286 24.0
47.2249306465502 23.0
47.23105164948974 24.0
47.23261365712288 25.0
47.240898422483205 24.0
47.28570539381673 23.0
47.33773176804049 24.0
47.341921197664284 23.0
47.43536573653717 24.0
47.43730392452335 25.0
47.47784518488908 26.0
47.479788244873966 27.0
47.48556592917194 28.0
47.4921890355856 27.0
47.498246514687935 26.0
47.52575240516315 25.0
47.53451841684981 24.0
47.562257818748584 25.0
47.570501863554675 26.0
47.59152045864633 27.0
47.617690016192945 28.0
47.62018594258303 29.0
47.65713314692786 30.0
47.70214705279757 29.0
47.72219128473034 28.0
47.72994270941805 27.0
47.79785900138078 26.0
47.8139581471594 27.0
47.82776786825033 26.0
47.842688994506055 25.0
47.903091243128316 26.0
47.909280739751516 25.0
47.92197425402903 26.0
47.92747504331666 27.0
47.93424944100563 28.0
47.985896918696234 27.0
47.994130173190634 26.0
47.99889444234316 27.0
48.062490664203395 28.0
48.06896588635447 27.0
48.09614222072089 26.0
48.09912173737116 25.0
48.10210431644762 26.0
48.10383854562785 27.0
48.11309733870016 26.0
48.11821197795985 27.0
48.11895626064733 26.0
48.135422607464754 27.0
48.15532801545073 28.0
48.24403810293583 29.0
48.30377389277915 30.0
48.43161965356861 29.0
48.47224614954636 30.0
48.50880246319611 29.0
48.55568818905716 30.0
48.57777899377384 29.0
48.61334887138016 30.0
48.660442248557665 29.0
48.67302405016114 30.0
48.736758613496 29.0
48.81201480595636 28.0
48.819693659909504 29.0
48.85342983611715 28.0
48.8808328363857 29.0
48.89655690831731 30.0
48.89750649862901 29.0
48.932577696547014 30.0
48.940326617453984 29.0
49.06679554413994 28.0
49.09521744947305 29.0
49.13350757866672 28.0
49.137037046537515 27.0
49.25603332686665 26.0
49.27504644325984 27.0
49.296544915081 28.0
49.29846153662194 29.0
49.298743377804755 30.0
49.34730920667252 29.0
49.37937195039988 30.0
49.390171134342694 29.0
49.42033950237214 30.0
49.51755040176268 31.0
49.54542987046374 32.0
49.55977513217194 31.0
49.564510845600815 30.0
49.62602461183327 29.0
49.626302234016784 28.0
49.631901803461766 29.0
49.69267751123253 30.0
49.72715108024307 31.0
49.8408613552628 32.0
49.84310529276282 33.0
49.880007003995594 34.0
49.894818642540834 33.0
49.92063524146886 32.0
49.92091152226582 33.0
49.97222883710151 34.0
49.975530169051964 35.0
49.99887962796956 36.0
50.05443611987618 35.0
50.07963260976689 34.0
50.094017847784556 33.0
50.0946271449221 32.0
50.1059705594115 31.0
50.11557138445612 32.0
50.14284333646352 31.0
50.14406907983581 30.0
50.17704814134933 31.0
50.19059379603596 30.0
50.206557349857135 29.0
50.24858418756383 28.0
50.268088811482606 27.0
50.31848911296124 28.0
50.351849059252665 29.0
50.39005393247085 28.0
50.40361446093415 29.0
50.40926697738862 28.0
50.426298442699526 29.0
50.50629168812771 30.0
50.54549922522957 29.0
50.56511616676613 30.0
50.650319187338454 31.0
50.65486303433459 30.0
50.67745175988811 29.0
50.73324268998578 28.0
50.762118931201634 29.0
50.81325466375348 30.0
50.869196660511456 31.0
50.89304648401006 32.0
50.9193756878223 31.0
50.963328203171706 32.0
50.99517827383021 33.0
51.048066478856605 32.0
51.04876542305011 33.0
51.05489220890139 32.0
51.06077690469111 31.0
51.13264072712309 30.0
51.16748267406454 29.0
51.20965279926521 30.0
51.24226362489181 31.0
51.2811407264897 30.0
51.288649694979064 29.0
51.29157761738469 28.0
51.30805606429988 29.0
51.33076862689046 28.0
51.47930477807132 29.0
51.49703945812794 30.0
51.522140172699196 29.0
51.53246327598612 30.0
51.57747392049246 29.0
51.61648923850081 28.0
51.65294568577131 27.0
51.675645756428764 26.0
51.69649745323533 25.0
51.69976380613828 24.0
51.72488651602374 23.0
51.73048709932451 22.0
51.768468170088305 21.0
51.80035188054448 20.0
51.81412999433949 19.0
51.823958979805106 20.0
51.85182830455951 21.0
51.86114839225252 22.0
51.86946152290146 21.0
51.87087484570369 22.0
51.9147986306007 21.0
51.91668492010683 22.0
51.921679282469896 21.0
51.92670559182031 20.0
52.041703694245456 19.0
52.06306108619408 20.0
52.069368609418916 21.0
52.093590872814616 22.0
52.12303777330302 21.0
52.13434652554867 20.0
52.13467045400109 19.0
52.14652674193771 18.0
52.20237822426636 19.0
52.2412568407221 18.0
52.28783597853861 19.0
52.32578779729316 20.0
52.32660577204268 19.0
52.381609849332555 20.0
52.392446734175124 21.0
52.401359222071704 22.0
52.41885305792749 21.0
52.455154969866726 22.0
52.474127187424756 21.0
52.560007472772604 22.0
52.60138748565756 21.0
52.60381868852613 20.0
52.657877537499324 19.0
52.66102633852891 18.0
52.681293935958415 19.0
52.69808089880343 20.0
52.7742419788005 21.0
52.796055195198 22.0
52.82703229369054 23.0
52.850761080171324 24.0
52.9442886178158 25.0
52.99485077252903 26.0
53.05212379251718 27.0
53.079582066951 28.0
53.15176104209471 29.0
53.15460342863456 28.0
53.16860627788627 29.0
53.19419354599894 28.0
53.21948539600333 27.0
53.23630773625439 28.0
53.25240020458404 27.0
53.304486996219374 28.0
53.30906095741933 27.0
53.3120736897901 28.0
53.31443363701005 27.0
53.34093256047014 28.0
53.3632085251808 27.0
53.39858817818125 28.0
53.40021681960506 27.0
53.40253446125396 26.0
53.42746848811161 27.0
53.44521304584681 26.0
53.44908489633568 25.0
53.45787164226793 26.0
53.48174046091699 25.0
53.48265130662034 24.0
53.52621120338582 23.0
53.570927050942416 22.0
53.62511530144802 23.0
53.637117614895146 24.0
53.660136470426416 23.0
53.6719331449983 22.0
53.70336016790389 23.0
53.76526913274667 22.0
53.766583609920296 21.0
53.777630724892745 20.0
53.78191871185481 19.0
53.833972104000416 18.0
53.85910759148813 17.0
53.86317094689577 18.0
53.870251169465966 19.0
53.88434846758618 20.0
53.88987476726319 21.0
53.965680428638024 20.0
53.9694238259888 19.0
53.969752492650855 20.0
54.024798854298076 21.0
54.07831613997649 20.0
54.090549673340945 21.0
54.10572646595177 22.0
54.192109687271476 21.0
54.19577685285368 22.0
54.21266823311961 23.0
54.24864010133465 22.0
54.28749562421603 21.0
54.303817867863856 22.0
54.30735801235914 21.0
54.351032497361324 22.0
54.366201476636355 21.0
54.39454544947871 22.0
54.4015665389459 23.0
54.460620816103464 22.0
54.47670742176244 21.0
54.49098048586086 22.0
54.56910698556339 21.0
54.57312114600638 20.0
54.605363388036004 21.0
54.6376273238229 20.0
54.637808529464664 21.0
54.65408561755635 20.0
54.655268394862965 19.0
54.65613225265491 18.0
54.70429652630199 19.0
54.74266271904078 20.0
54.745936101114694 21.0
54.80417498637175 22.0
54.86748641844571 21.0
54.915631864951415 20.0
54.93214298050256 19.0
54.96387394590254 18.0
55.01890562950329 19.0
55.022040683188614 20.0
55.03513233029169 21.0
55.048068613433394 22.0
55.05029049807393 23.0
55.05318591275851 22.0
55.06229177889702 23.0
55.07867239164861 22.0
55.09845307534089 23.0
55.114187430579214 24.0
55.21304126646963 25.0
55.25219495624914 24.0
55.26756301663819 25.0
55.29152976019627 26.0
55.31178703538051 25.0
55.357883190920354 24.0
55.36127338956424 23.0
55.415379382586934 24.0
55.43988673059556 23.0
55.44282979728371 22.0
55.47067906348301 21.0
55.47638445081543 22.0
55.48507362977833 21.0
55.529000568509424 22.0
55.53830022976758 23.0
55.57201019306492 22.0
55.63297827430946 23.0
55.67757773191828 22.0
55.69090621651969 21.0
55.69848530248263 20.0
55.705448526153305 21.0
55.70677023774032 22.0
55.72397484776757 23.0
55.7341237611269 24.0
55.7416277379458 25.0
55.76306722037816 24.0
55.950330586259305 25.0
56.075207952314706 26.0
56.08124836718843 27.0
56.09486775444583 28.0
56.10567401360514 27.0
56.20408789043326 26.0
56.242841357347224 25.0
56.24378008932586 24.0
56.249777787569364 25.0
56.27315728802715 24.0
56.28655608388022 23.0
56.29725727992214 24.0
56.31243407739108 23.0
56.33112752620361 24.0
56.341681210222994 25.0
56.54116012826187 26.0
56.55008183177989 25.0
56.58684854943103 26.0
56.62479725085852 27.0
56.62636110159559 26.0
56.656749737528756 27.0
56.69742593250439 28.0
56.837847277903165 29.0
56.87928572287743 28.0
56.8945680490285 27.0
56.998810260407105 26.0
56.99957353780431 27.0
57.01520434515613 26.0
57.12881256634547 25.0
57.12916623194062 26.0
57.139489758955634 27.0
57.14484449734313 28.0
57.16303571876068 27.0
57.180791844142426 28.0
57.29476042952358 29.0
57.30560542514784 28.0
57.362152607268484 29.0
57.36416241133936 28.0
57.448973671843 27.0
57.453389794004835 28.0
57.49526281577164 27.0
57.506283407446595 26.0
57.511766999428595 25.0
57.51309473182207 26.0
57.515858107651 25.0
57.52441728786768 26.0
57.538408764842735 25.0
57.557773761123556 24.0
57.575523668315014 23.0
57.6126097842648 22.0
57.61277655373214 23.0
57.619221694794454 24.0
57.62994648190576 25.0
57.64470436761126 26.0
57.706117245649516 25.0
57.723197490307676 26.0
57.79843427302324 27.0
57.81400503692878 26.0
57.825438293749116 25.0
57.84354859986501 26.0
57.900091786278345 25.0
57.91261042546825 24.0
57.926131144181646 23.0
57.93899864392097 22.0
57.96627990522685 23.0
58.04642354745741 22.0
58.05611269210891 21.0
58.119083998190625 20.0
58.13115222215192 21.0
58.162643808254735 20.0
58.21288184341733 21.0
58.218306919091035 22.0
58.21987739810308 23.0
58.230594949371685 24.0
58.26835566901017 23.0
58.27162177759287 22.0
58.29440718102031 21.0
58.35096538384439 22.0
58.36630534032458 21.0
58.36782138897338 22.0
58.37464424442406 23.0
58.39533064336317 24.0
58.4488813507312 25.0
58.45084483664585 24.0
58.45341748272072 25.0
58.48996709624408 24.0
58.49489292337046 25.0
58.53834369917772 26.0
58.54069866740701 25.0
58.55075137916041 26.0
58.564571857966335 27.0
58.598085907950065 26.0
58.608227246767676 25.0
58.61665811215643 24.0
58.63224559979604 23.0
58.64520547633739 22.0
58.670899441379426 21.0
58.71890414848634 22.0
58.72159446356129 23.0
58.72215434441778 24.0
58.72303040480025 25.0
58.75667612258547 24.0
58.81469636543861 23.0
58.82481662043802 22.0
58.86392933259926 21.0
58.89547588321818 20.0
58.935469997455186 21.0
58.94519446754426 20.0
58.968441572430656 19.0
58.97160197142669 18.0
58.9801978147272 19.0
58.98363326944214 20.0
58.98684201053077 21.0
59.02420876167431 20.0
59.04136322833 19.0
59.062879880652815 20.0
59.07844620458551 21.0
59.08115382720965 20.0
59.115065360788456 21.0
59.140752083326724 20.0
59.155989331177246 21.0
59.166169144923344 22.0
59.17894538702308 23.0
59.18079238093682 22.0
59.19480374374305 21.0
59.19660929978551 20.0
59.23277399067913 21.0
59.24065439192034 22.0
59.277093265037855 23.0
59.28133595043864 22.0
59.32821017634193 23.0
59.347536024179256 24.0
59.3596130891185 23.0
59.387412290794316 24.0
59.4510376472127 25.0
59.467256448668735 24.0
59.489680185711336 23.0
59.54105847782011 22.0
59.6245585058663 23.0
59.65920802528336 24.0
59.671857095808136 25.0
59.69446206647694 26.0
59.700202513475645 25.0
59.74509722674419 24.0
59.76479309450564 23.0
59.9093899694796 22.0
59.932444703766315 21.0
59.940287585405635 22.0
59.96363529090576 23.0
60.00912390083077 22.0
60.05812752851483 23.0
60.06781202102879 24.0
60.06892307748437 23.0
60.11080613723221 22.0
60.13237115992447 23.0
60.168921787671714 24.0
60.17944316603602 23.0
60.186454653284734 24.0
60.18809858739623 25.0
60.21080767535752 24.0
60.242846303112564 23.0
60.25133782564285 24.0
60.27209586600537 25.0
60.30591707494647 26.0
60.3092886160239 25.0
60.31679366199552 26.0
60.3253470941786 25.0
60.38576407201811 26.0
60.39368238454978 27.0
60.40005572447908 26.0
60.40519328800239 25.0
60.42069670958079 26.0
60.47050673358512 27.0
60.47619101761159 28.0
60.66195212008311 27.0
60.68150740107533 26.0
60.71176821995739 27.0
60.73406174285761 28.0
60.759069037781266 29.0
60.76584949528388 30.0
60.797676080651065 29.0
60.83677803674366 28.0
60.85466127221436 27.0
60.8737210305254 28.0
60.9134960735317 27.0
60.92531397444554 28.0
60.94034931404441 29.0
60.96816891567254 30.0
60.98550246387484 31.0
61.06380120906076 32.0
61.11589558288017 33.0
61.225050065238605 32.0
61.252540561465864 31.0
61.27192271174135 32.0
61.273844761711715 33.0
61.28057761602649 32.0
61.31043757307637 31.0
61.316697715849216 30.0
61.31686397655043 31.0
61.551793132819114 30.0
61.63036736440799 29.0
61.67646323880209 30.0
61.704031209812854 29.0
61.7092960103813 28.0
61.74047542458116 27.0
61.74306751121539 26.0
61.75163480231177 27.0
61.77888600508043 28.0
61.85365843648172 27.0
61.92666634065476 28.0
61.979136807409766 29.0
61.99974570010008 30.0
61.999988695956034 29.0
62.0017486802053 30.0
62.01253520022479 29.0
62.04766676065815 30.0
62.05502709997126 29.0
62.081317037842545 28.0
62.15083655625687 27.0
62.155731202672726 28.0
62.18165536502181 29.0
62.23021957239377 30.0
62.239403069565846 29.0
62.239638253393075 30.0
62.25169912966344 29.0
62.29181164898888 30.0
62.29962015020141 31.0
62.31944772139826 30.0
62.39536160436224 29.0
62.437019329503116 28.0
62.437178274217764 29.0
62.49309445710107 28.0
62.497800172674346 27.0
62.57879086188627 26.0
62.67966587780662 25.0
62.76035219542245 24.0
62.78082474610406 23.0
62.7829837678235 22.0
62.79648821027039 23.0
62.800864266263886 24.0
62.86028436376159 25.0
62.88717278249703 24.0
62.916805483517585 25.0
62.989232632849294 24.0
62.991776054811154 23.0
63.034305888748555 24.0
63.125183042363034 25.0
63.23157629848325 24.0
63.235721803066724 23.0
63.27339405864231 24.0
63.29349328518796 23.0
63.347486510963684 22.0
63.34902259244572 21.0
63.37085793699494 22.0
63.39233975032132 21.0
63.41652243902494 20.0
63.43511409367176 21.0
63.44339756625856 20.0
63.5181122171859 21.0
63.54143535057321 22.0
63.58491222332997 21.0
63.60073975022302 22.0
63.604462334262195 21.0
63.66587449888839 20.0
63.666452617462625 21.0
63.724205568799114 22.0
63.746352187783806 23.0
63.78032472985467 24.0
63.7850928126629 23.0
63.797110425704595 24.0
63.845377791253 25.0
63.85833053336482 24.0
63.87606736950951 23.0
63.909825096535464 22.0
63.92981274552959 23.0
63.95403094355644 24.0
64.00176753977325 23.0
64.02143580807221 24.0
64.02386804014816 23.0
64.04566384025874 22.0
64.05767153252644 21.0
64.06474662969451 20.0
64.07898581373522 21.0
64.07929792480547 22.0
64.12925494358409 23.0
64.14945211936626 24.0
64.21412752746545 25.0
64.25148117773847 24.0
64.2792772135455 25.0
64.2830572947123 26.0
64.29259841788087 27.0
64.31870073786183 28.0
64.31937302522236 29.0
64.34299130985968 30.0
64.35658268407896 31.0
64.37921003342979 30.0
64.3946937404445 29.0
64.410910394159 28.0
64.42791161378368 27.0
64.42804015843956 26.0
64.45523339390641 27.0
64.46048709096439 26.0
64.46723974630669 27.0
64.48731393008983 26.0
64.49346496206387 25.0
64.51443096136447 24.0
64.52259204991445 25.0
64.55118095022323 24.0
64.58341889884636 25.0
64.58454215699922 26.0
64.6093333535006 27.0
64.62847631198164 28.0
64.6299326776187 27.0
64.64648923709011 26.0
64.67607262370278 25.0
64.6886103700286 26.0
64.7337897132047 25.0
64.75390824347103 24.0
64.82091441582125 23.0
64.83020596720897 24.0
64.84822034046846 23.0
64.85040637329261 24.0
64.90648382779285 25.0
64.93567215383322 26.0
64.9599041300131 25.0
64.9618527424318 24.0
64.96434157906323 25.0
65.05270218684666 24.0
65.05674979075374 25.0
65.09218041364954 24.0
65.12994672231774 23.0
65.160779604023 22.0
65.17373672841063 23.0
65.19301311327283 22.0
65.21466470336 21.0
65.22718416004457 20.0
65.2352191303246 21.0
65.24632316812543 20.0
65.251927535979 21.0
65.31970125564688 22.0
65.3743900201263 21.0
65.3761176218631 22.0
65.4122611347344 21.0
65.42617168368511 20.0
65.4942730973255 19.0
65.50537988297967 18.0
65.51625421738858 17.0
65.5500836563932 16.0
65.59461560706987 17.0
65.60585083132075 18.0
65.6261531562624 19.0
65.64206551566296 18.0
65.75231401198434 19.0
65.75392000680195 18.0
65.79482458873089 19.0
65.80107686876231 20.0
65.83130054695083 21.0
65.83275858946139 22.0
65.83331573851795 23.0
65.85774743730809 22.0
65.85803501068756 23.0
65.89131375206541 22.0
65.91452279610402 21.0
65.92889443824882 20.0
65.9457919723101 19.0
65.97503302250651 20.0
65.98410221423994 21.0
66.09684533264891 20.0
66.12875016270253 19.0
66.2061661191252 20.0
66.21486803707806 21.0
66.23785744853934 20.0
66.25260218831264 19.0
66.29383094773227 20.0
66.30494697956439 19.0
66.50106483967843 20.0
66.50889400895066 19.0
66.51145485032688 18.0
66.54572672790306 19.0
66.5713280136865 18.0
66.62647996816844 17.0
66.64471042840816 18.0
66.65302761311976 19.0
66.67183417656928 18.0
66.69551776999798 19.0
66.76685191184708 18.0
66.8186694160925 17.0
66.92402897723161 18.0
67.01819064250417 17.0
67.03665595675045 16.0
67.0614116169969 17.0
67.11702739854745 16.0
67.12083224861894 17.0
67.19752983223266 18.0
67.20953496845166 19.0
67.23041303758013 20.0
67.26120116952123 21.0
67.35915800816404 22.0
67.38270690948482 23.0
67.39422022467124 22.0
67.41597835908685 23.0
67.43042036071623 24.0
67.43933800201617 23.0
67.47577713314135 22.0
67.49198730138077 23.0
67.51516618406244 22.0
67.5854878347321 21.0
67.64878265390749 20.0
67.65410715695181 21.0
67.70065062530068 22.0
67.71582878281717 21.0
67.71628165470501 20.0
67.72798284808275 21.0
67.77553829524396 20.0
67.79116697130016 19.0
67.81020882555786 18.0
67.81800919668459 19.0
67.82041042216179 20.0
67.86968367396518 19.0
67.88839051362385 18.0
67.93373235310425 19.0
67.98529225619659 20.0
68.07023528266446 21.0
68.13978752759633 22.0
68.21546979104069 21.0
68.22226925084182 22.0
68.30328896965635 21.0
68.32694700854668 20.0
68.36063384518587 21.0
68.37957256076774 22.0
68.39246379194829 23.0
68.4688857355199 22.0
68.47048522216976 23.0
68.50078978006374 24.0
68.57131110939778 23.0
68.57735881268808 22.0
68.58441582518516 21.0
68.61514683652602 20.0
68.67121927068544 21.0
68.67447920547718 22.0
68.71620969328191 21.0
68.71935738135558 22.0
68.74278122099263 21.0
68.8382018217606 20.0
68.8394809998145 21.0
68.84497145136635 20.0
68.85029747678173 21.0
68.90359936715136 20.0
68.94139628991462 21.0
68.94605702808126 20.0
68.96386542983535 21.0
68.9974178939916 22.0
69.00384306046557 23.0
69.04446946314333 22.0
69.05127644118166 21.0
69.05495047005516 20.0
69.06970646216934 19.0
69.07492910096563 20.0
69.11495454990063 19.0
69.1855168118443 20.0
69.19427165267344 21.0
69.21593619341049 22.0
69.24099663702795 21.0
69.26142171926757 20.0
69.30484261102005 21.0
69.30940083075461 22.0
69.30995134540365 21.0
69.31072418691383 20.0
69.32438587800051 19.0
69.36808434155004 20.0
69.3894394591172 19.0
69.43828199340042 20.0
69.44459440146618 21.0
69.49386188465186 22.0
69.55704018103451 23.0
69.56229275060068 22.0
69.57876518987862 23.0
69.58099807815509 22.0
69.61718571188159 21.0
69.61737239313018 20.0
69.64973718565118 19.0
69.67733250680858 18.0
69.7123601870584 19.0
69.74550157313243 20.0
69.75001342700186 21.0
69.78450814248802 22.0
69.80828980154925 21.0
69.86243753220909 22.0
69.86906260835293 23.0
69.97785770441719 22.0
70.05430362166283 23.0
70.07818393760955 24.0
70.09046469709457 23.0
70.10815913884701 22.0
70.11721462052923 21.0
70.14921741992762 20.0
70.18696422207756 21.0
70.2108021009807 20.0
70.24690283678227 19.0
70.25653805505523 20.0
70.2567850981061 21.0
70.3032502586526 20.0
70.32000114170562 21.0
70.41348974037753 22.0
70.48814687424907 23.0
70.51647837082815 24.0
70.61658281437369 25.0
70.65295243435698 24.0
70.69026267927113 23.0
70.70243231402067 24.0
70.72038070767798 23.0
70.72528867803126 22.0
70.76667470620454 23.0
70.78427786815867 24.0
70.83402082725402 25.0
70.84599664476323 24.0
70.87908852858135 23.0
70.90508769416064 22.0
70.91994845956864 21.0
70.92134008123357 22.0
70.97796592010502 21.0
71.17359869542945 20.0
71.19295573018312 21.0
71.21915391610003 22.0
71.22613048913728 23.0
71.23301708985319 22.0
71.27135224016378 21.0
71.29275472227182 22.0
71.31508607207728 23.0
71.32861278365887 22.0
71.34702917054261 23.0
71.3710969892455 22.0
71.43938232488347 21.0
71.4529311396471 20.0
71.47019249062448 21.0
71.55391885831986 22.0
71.60147340847621 21.0
71.63759276615924 22.0
71.64951150254618 21.0
71.68469827771622 22.0
71.68763388508751 23.0
71.72834365955468 24.0
71.73415359628316 23.0
71.77918501252701 24.0
71.84683429442269 25.0
71.90652682640035 24.0
71.93598554052015 25.0
72.09888212924263 24.0
72.10194325431465 25.0
72.12491869413836 24.0
72.15092564659273 25.0
72.26502795024803 26.0
72.32820536292657 27.0
72.34546573351433 26.0
72.36692072227196 25.0
72.36904092085302 24.0
72.40800328473365 25.0
72.41122955582095 24.0
72.45230439690178 25.0
72.46803597818446 24.0
72.50219846556544 23.0
72.53169650726687 24.0
72.54931584083462 23.0
72.59984034610238 22.0
72.63026186922046 23.0
72.66396855007208 24.0
72.74080070369631 23.0
72.75020772327315 24.0
72.76124900878284 25.0
72.78103182015093 26.0
72.81297630626952 27.0
72.9211646764808 28.0
72.97729847913438 29.0
73.02051905707289 28.0
73.02657826166174 27.0
73.0446703975895 28.0
73.05960448503801 29.0
73.12516717203397 28.0
73.15349889358056 27.0
73.15545297894465 26.0
73.15755808676487 25.0
73.17356006528871 24.0
73.19358678583077 25.0
73.24129526850699 24.0
73.33492557280199 25.0
73.3355125692065 24.0
73.34562049597616 23.0
73.36432960751976 22.0
73.38019795232593 21.0
73.3930070580252 22.0
73.42651316692775 23.0
73.4465362372394 24.0
73.4713063312279 25.0
73.49284880102098 26.0
73.51268548739907 27.0
73.57339710821861 26.0
73.61848448577025 27.0
73.7357643872138 28.0
73.78483664236956 27.0
73.7911898189983 28.0
73.81970465017861 27.0
73.82373215529478 28.0
73.8804506255286 29.0
73.90976590945277 28.0
73.92995474375454 29.0
73.93198663384688 28.0
73.94775429337867 27.0
73.96005327817667 28.0
73.96101758310111 27.0
73.96139134127672 26.0
73.9621136230206 25.0
73.99687503286665 26.0
74.04354342388179 27.0
74.06568481775632 26.0
74.07249981450799 27.0
74.0817297908896 26.0
74.08396094244485 25.0
74.10840242141957 24.0
74.12489206449177 23.0
74.14387486652284 22.0
74.1704108633085 23.0
74.21985926825839 22.0
74.24879298291633 21.0
74.26463689418289 20.0
74.29773730573969 21.0
74.29874600775443 22.0
74.30999734833301 21.0
74.31397808362551 20.0
74.45979093802853 21.0
74.4698112997665 22.0
74.52886137520932 21.0
74.54208963567338 20.0
74.59159009193748 21.0
74.6027109990883 22.0
74.61280235708846 21.0
74.6605820405513 22.0
74.66071221969446 23.0
74.67134082936091 22.0
74.7041221524323 21.0
74.8347862047956 22.0
74.84495172404648 21.0
74.90899426097764 22.0
74.9123211036641 23.0
74.93185890312502 24.0
74.93932285390063 25.0
74.95066235639273 24.0
74.98550683381093 25.0
74.99963015640108 26.0
75.03455194683802 27.0
75.0814512903711 26.0
75.0845247926905 27.0
75.11191132727183 26.0
75.14156991807673 27.0
75.16984046115583 26.0
75.19843174429806 27.0
75.19867536936621 28.0
75.24517482781077 29.0
75.27555932960388 28.0
75.31734256715157 27.0
75.3253768465214 26.0
75.33240495392349 27.0
75.33583987546659 26.0
75.38342664525184 25.0
75.4055324662649 26.0
75.406902032175 25.0
75.47234676806815 26.0
75.55210093147163 27.0
75.56237986433804 28.0
75.6230337305823 29.0
75.66302315155548 28.0
75.70283600681344 29.0
75.76667007729351 30.0
75.78790773238006 29.0
75.92665399445073 28.0
75.93504107395223 29.0
75.93683288011698 30.0
75.9401306412303 31.0
76.02903322917821 30.0
76.10558951338244 29.0
76.3776410253678 30.0
76.44350735008344 29.0
76.49104541969142 28.0
76.49331025838558 27.0
76.53837995006293 26.0
76.6481705209862 25.0
76.69046985902945 26.0
76.72515617339712 25.0
76.78047256256642 24.0
76.78220779323843 25.0
76.86921777565651 26.0
76.91155073440503 27.0
76.94992509457245 28.0
77.00279232558552 27.0
77.11403033120328 28.0
77.1293329223717 29.0
77.13359893534147 28.0
77.1616651230116 27.0
77.17961852676243 28.0
77.19820664534704 27.0
77.20316330909675 28.0
77.21530245495478 29.0
77.2727020299025 30.0
77.29366025552324 31.0
77.29944943459816 32.0
77.45693587696263 31.0
77.46466503843101 30.0
77.46777497185744 29.0
77.51064231127731 28.0
77.5184293414998 27.0
77.51930139036712 28.0
77.52137202403273 27.0
77.5465058771515 28.0
77.57037560695167 27.0
77.63027456140738 26.0
77.63033657401662 25.0
77.6352357814038 26.0
77.65178183707684 27.0
77.72284518699927 26.0
77.72865227928006 25.0
77.73021800154157 24.0
77.73825914757387 25.0
77.75176556547393 24.0
77.79148996224386 23.0
77.82837886898243 22.0
77.88357676864521 21.0
77.89049998164263 20.0
77.93039606794198 19.0
77.93062088766364 18.0
77.93876467125551 17.0
77.94151496728247 18.0
77.96227346497227 17.0
77.97961791056561 18.0
78.00194384593712 17.0
78.0039143055283 16.0
78.01047895811877 17.0
78.02127247145926 18.0
78.02843907175043 19.0
78.058941914733 20.0
78.10268507172071 19.0
78.11462618271906 20.0
78.13947437700266 19.0
78.1473925870323 20.0
78.17593172258066 19.0
78.21705990053073 18.0
78.23691330544743 19.0
78.23782920685014 20.0
78.25810718985359 21.0
78.2849476879835 20.0
78.29255471182573 19.0
78.358284927961 20.0
78.39637649146249 19.0
78.4459649671512 20.0
78.4950656469752 19.0
78.53394234301632 20.0
78.55731427889552 21.0
78.57540328772151 22.0
78.6720451148507 21.0
78.69398309182958 20.0
78.7043477319304 19.0
78.70499415597023 20.0
78.7092373587438 21.0
78.8119176390641 22.0
78.85022997936208 21.0
78.90308185283232 22.0
78.93156413279011 23.0
78.94438670848636 24.0
78.96447394430048 25.0
78.99703691621967 24.0
79.08481904071776 25.0
79.08584898022515 24.0
79.18414510027696 25.0
79.20684541663975 26.0
79.22130952028147 25.0
79.32147358248406 26.0
79.34617443456013 27.0
79.34699184003769 28.0
79.37407384757493 27.0
79.41858767682719 28.0
79.42942681491185 27.0
79.44736958922749 28.0
79.45522300597501 27.0
79.47397882727067 28.0
79.49604527458452 27.0
79.49915835605944 26.0
79.5026496000879 25.0
79.59189217049793 24.0
79.63027646366797 25.0
79.63323459284281 26.0
79.68298037941123 27.0
79.71352424769577 26.0
79.71578929044315 25.0
79.75521053611259 24.0
79.76045099417604 23.0
79.76094884112875 22.0
79.8426612258302 21.0
79.84975032685497 20.0
79.91812035701575 19.0
79.98063058675123 18.0
80.00964054338415 19.0
80.01704264555438 20.0
80.0333026469497 21.0
80.06423450042873 20.0
80.06820544368622 21.0
80.11687419158494 22.0
80.13484184316756 23.0
80.13532412959144 24.0
80.15897446079465 23.0
80.17639431189144 24.0
80.17730706749308 25.0
80.20949638144063 24.0
80.22767134923953 25.0
80.23317451871246 26.0
80.23532661320955 27.0
80.31534215915777 28.0
80.33423878943721 27.0
80.34692094899559 26.0
80.37201042653896 27.0
80.41469483287547 26.0
80.45032114735724 25.0
80.4620721083717 24.0
80.46504406559785 23.0
80.46776029873124 24.0
80.53151389437697 23.0
80.53350210312543 24.0
80.53555150182216 25.0
80.56420521532486 24.0
80.58211314568035 25.0
80.60254749618404 24.0
80.60646045184698 25.0
80.64666956956488 24.0
80.67860797382504 23.0
80.68737514157718 24.0
80.70773013582325 25.0
80.75543736537354 26.0
80.78460161988684 25.0
80.88142318196992 26.0
80.88773774810906 27.0
80.89497610448542 26.0
80.89512181676834 25.0
80.90164518939757 26.0
80.91523694158838 25.0
80.91598290950517 26.0
80.93465359986713 25.0
81.02629308983674 24.0
81.03704717385455 23.0
81.08497764555115 22.0
81.09565624022956 21.0
81.09771528318916 20.0
81.14237982533632 19.0
81.15154532332191 18.0
81.20484844281677 17.0
81.33774268777928 16.0
81.37536370919022 15.0
81.41033498503204 14.0
81.42403716441892 13.0
81.50029562989803 14.0
81.52383886720304 13.0
81.53141839105086 12.0
81.53265318967395 13.0
81.53699653954416 12.0
81.55732685600982 13.0
81.5812013620134 14.0
81.60641876928105 13.0
81.69542751584325 14.0
81.74775144827264 15.0
81.77341993694766 16.0
81.8439578111586 15.0
81.8927960415998 16.0
81.94138192535029 17.0
81.94464113061464 16.0
81.9578434868298 17.0
81.97068805768512 16.0
82.01248461526355 17.0
82.03902914759091 18.0
82.0561063276564 17.0
82.07347740277953 18.0
82.10097172242843 19.0
82.11960826669875 18.0
82.1633983356898 17.0
82.18536813345372 18.0
82.2226558930758 19.0
82.25444110692597 18.0
82.28721685030041 19.0
82.32795575381604 20.0
82.43331181514195 19.0
82.44603139774098 18.0
82.45382130839057 19.0
82.52044907818834 18.0
82.53857704873874 19.0
82.68021197219346 18.0
82.6850053304832 19.0
82.73643128690935 20.0
82.79551122586601 21.0
82.79831285013363 20.0
82.812490480726 19.0
82.81342429686062 18.0
82.89576889174381 17.0
82.91168819597397 16.0
82.94098308493028 17.0
82.98609494053436 16.0
83.00232966576299 15.0
83.02767358091117 14.0
83.03070177992821 15.0
83.04644499465091 16.0
83.04650536226876 15.0
83.0507735322091 16.0
83.05733271746666 17.0
83.06762343656428 18.0
83.11627858922786 19.0
83.16107481597913 20.0
83.19864467975631 21.0
83.21118079955743 22.0
83.25731776951937 23.0
83.30526939909772 22.0
83.43488299494595 21.0
83.47580400186675 20.0
83.5077450167808 21.0
83.53480661950056 22.0
83.54746765002763 23.0
83.60577123936312 24.0
83.68093980845424 23.0
83.70164258675547 22.0
83.7036516937617 23.0
83.70785561096565 22.0
83.77925817333528 23.0
83.77947962834139 24.0
83.79227242670876 25.0
83.81294499341202 24.0
83.83314537355838 25.0
83.88177727980839 24.0
83.92323389578328 25.0
83.95212444111306 24.0
83.96227334696991 25.0
83.98097493366133 24.0
83.98187898619413 23.0
83.9824942012839 22.0
84.04424518710657 21.0
84.04932687672228 20.0
84.07194320082864 19.0
84.14816360731483 20.0
84.15414139674652 19.0
84.20082921690994 20.0
84.21333589384432 19.0
84.22220374092736 18.0
84.22700884113074 19.0
84.22705797073624 20.0
84.2303115015377 21.0
84.2398663326437 22.0
84.24880350917049 23.0
84.2607311629364 24.0
84.34825173414033 23.0
84.38369722778641 24.0
84.40788167580934 23.0
84.42000832455567 22.0
84.42314433317843 23.0
84.43173346000883 22.0
84.44320114642902 21.0
84.46259371146999 22.0
84.46810558025166 21.0
84.47562515068853 20.0
84.49145815382923 19.0
84.49174699932455 20.0
84.57344042894941 19.0
84.57705435582645 20.0
84.67831146751384 21.0
84.69363726994973 20.0
84.70920002820512 19.0
84.74860401705506 18.0
84.7523785659017 17.0
84.77871401774505 16.0
84.79014095746697 17.0
84.79561285856036 18.0
84.82536790471507 17.0
84.84371388631686 18.0
84.85740366450335 19.0
84.89675882081447 20.0
84.94221017051869 19.0
84.9708961911506 20.0
85.04330987484396 19.0
85.06148514140008 20.0
85.06552932842261 21.0
85.08350026427945 22.0
85.13092556568085 21.0
85.19363243207903 20.0
85.21813959002573 21.0
85.26912015222138 22.0
85.30419982791577 23.0
85.32529402824456 22.0
85.38048892796998 23.0
85.41999958986021 24.0
85.42072915671636 23.0
85.44771721963957 24.0
85.52714118394603 23.0
85.55618174545648 22.0
85.57094822831682 21.0
85.59908152769505 20.0
85.61346991778638 19.0
85.62136542883931 18.0
85.73625513089019 17.0
85.75157523733363 18.0
85.78648453031222 17.0
85.79465179143065 18.0
85.82175913803749 19.0
85.8771216214798 20.0
85.90678674468433 21.0
85.90949056966649 22.0
85.91005013075792 23.0
85.93284279345055 22.0
85.95804678850025 21.0
85.98709864772236 20.0
85.98838674170288 19.0
86.03854608678895 18.0
86.06747183564383 19.0
86.08866064934912 18.0
86.09940552006572 19.0
86.10698235807676 18.0
86.18650425079892 19.0
86.21854250459552 18.0
86.24729240034276 19.0
86.2527575454549 18.0
86.28236710719175 17.0
86.38631378959113 16.0
86.44782577199614 17.0
86.45657376949853 16.0
86.5569456173008 17.0
86.56501422853017 18.0
86.57318328690461 19.0
86.61435914015861 20.0
86.61546828639385 21.0
86.6715519800977 22.0
86.68470987734015 23.0
86.6880874036852 24.0
86.7486846674506 23.0
86.79540932001666 24.0
86.85414068228901 25.0
86.87411165730991 24.0
86.90147617028515 25.0
86.91048887801021 26.0
86.92723289565282 27.0
86.94796703758216 28.0
86.97383109072 27.0
86.98873829930453 26.0
86.99249586738024 25.0
87.11558623243809 26.0
87.12062816614542 27.0
87.13171809008907 26.0
87.16508679082855 25.0
87.1819025907032 24.0
87.20581060504078 23.0
87.22414155652777 22.0
87.2249509236123 23.0
87.32183052355798 24.0
87.32500292587861 25.0
87.36607630765505 26.0
87.38277829444968 27.0
87.41434697069629 26.0
87.41557256201406 25.0
87.41996610668252 24.0
87.44670867907823 23.0
87.44973573409813 24.0
87.45688015274354 25.0
87.49589101837195 26.0
87.58443664300893 25.0
87.6195559801531 26.0
87.63885552867704 27.0
87.64341056267655 28.0
87.64666928389639 27.0
87.76315654495357 26.0
87.860162747701 25.0
87.86952502358739 24.0
87.89443920393992 23.0
87.89967136217574 22.0
87.90571062761416 21.0
87.91721146402473 22.0
87.96533507933059 23.0
87.98296141233568 22.0
88.01090894855054 23.0
88.0488748847602 22.0
88.05327567960927 21.0
88.10675123094657 20.0
88.12264302739106 21.0
88.15342224220953 20.0
88.20889845975249 19.0
88.26477761068087 18.0
88.28336155323339 19.0
88.32770986013547 18.0