0.0 0.0
0.044338327392782026 1.0
0.24070641866158332 2.0
0.3118175431545056 3.0
0.35412951822614286 4.0
0.3757105774295163 5.0
0.4111921212743707 6.0
0.4168896255087011 7.0
0.44168365989331476 8.0
0.45969842968583474 9.0
0.48381908706952925 10.0
0.5173741421915674 9.0
0.5750613321833359 8.0
0.5781560935693748 7.0
0.5943649059859606 6.0
0.6033118401068905 7.0
0.6239801925250607 8.0
0.6374446844420137 9.0
0.6399120352735609 10.0
0.6433482856845344 11.0
0.6581416855005182 12.0
0.6882278855381391 11.0
0.6945939992939969 12.0
0.71664821409365 13.0
0.7520937055451217 14.0
0.7526361965355339 15.0
0.7528739361822429 16.0
0.7623162124777347 17.0
0.802714450224093 16.0
0.8124213680962107 17.0
0.8183951288650696 16.0
0.8377667103594854 17.0
0.9610871088640927 18.0
1.0226011539053959 19.0
1.0647917641822695 18.0
1.0866402037122078 17.0
1.1025747822477547 16.0
1.1061389608869707 17.0
1.1072653579613712 16.0
1.1091932518282792 15.0
1.1695385917487735 16.0
1.2007394200872572 17.0
1.219573720869183 16.0
1.2862153288543061 17.0
1.3013849558492954 18.0
1.3205194884397773 19.0
1.3590568421482752 20.0
1.4541180600444892 21.0
1.4578935018215613 22.0
1.461244695679382 21.0
1.4898888978750766 22.0
1.5686764162245233 23.0
1.5761770997115405 24.0
1.5832104138603804 23.0
1.6499939165829007 22.0
1.6801834678016467 21.0
1.7325929104407918 22.0
1.7358374912072643 23.0
1.7508295184527662 22.0
1.7652543356855344 23.0
1.76777293791608 22.0
1.7727869618021066 23.0
1.8020508053905138 24.0
1.8151047569676753 23.0
1.8252383830330168 22.0
1.8480321318299224 21.0
1.9531910405045512 22.0
1.9624363469237753 21.0
1.995849443783857 22.0
2.058868756320219 21.0
2.125286756577484 22.0
2.1598205165291553 23.0
2.1770328328595894 22.0
2.190104161259149 23.0
2.2011391809324192 22.0
2.2297022519952927 21.0
2.2395179888872705 20.0
2.279465425026596 21.0
2.2973296319414835 20.0
2.310991932651411 21.0
2.418375461053213 22.0
2.426165137035969 23.0
2.4301138453436297 24.0
2.4770163064026285 25.0
2.484428488453905 26.0
2.5596501176398667 25.0
2.5685811155849767 24.0
2.5889432294261705 25.0
2.5924969395301147 26.0
2.617680683786622 25.0
2.6215677842291627 24.0
2.6373807694102505 25.0
2.6780327547655607 26.0
2.742557756059622 25.0
2.7606097204558577 24.0
2.906303750115866 23.0
2.907092012358352 22.0
2.9152088710763255 23.0
2.9365380314772263 24.0
2.9834928991319223 23.0
3.003179039302505 24.0
3.0972976681277955 23.0
3.1489077633562705 22.0
3.1683694280765655 23.0
3.2501010844109546 24.0
3.2632732903816293 23.0
3.361782236620468 24.0
3.3664750752293218 25.0
3.5120093376670156 24.0
3.5174361462968995 23.0
3.5793926359822077 22.0
3.6020024396546595 21.0
3.647841628964177 22.0
3.648566879636997 23.0
3.666074550354478 22.0
3.669364185477935 23.0
3.75703993385484 24.0
3.764135753438778 23.0
3.773775363208016 22.0
3.7792221650531626 23.0
3.8163320841536077 24.0
3.8166876845030293 23.0
3.884074037215217 22.0
3.889125286446976 21.0
3.920654872814089 20.0
3.967588138993249 19.0
3.969726838622202 18.0
3.9989388156744394 19.0
4.092839175910395 20.0
4.108299639240791 21.0
4.134766394408933 20.0
4.147810716683117 21.0
4.1494489354990405 20.0
4.149629945078828 21.0
4.152591113049835 20.0
4.204799962852227 21.0
4.233441430644129 20.0
4.247134591327087 19.0
4.258291830364849 18.0
4.335239830999921 17.0
4.381611219259697 18.0
4.381806009394054 19.0
4.392460500955595 18.0
4.4230673726130085 19.0
4.423866748768084 18.0
4.444734342406936 17.0
4.456697209687755 18.0
4.459856067335778 19.0
4.470003363891249 20.0
4.545464799491949 19.0
4.55463995907012 18.0
4.5563346184977584 17.0
4.5839317599133365 18.0
4.613904545623795 17.0
4.6167283619411466 18.0
4.701325522588837 19.0
4.72557860825955 18.0
4.7267860738748215 17.0
4.744145233314606 18.0
4.747895020118265 19.0
4.781021468752165 20.0
4.786461043038582 21.0
4.826822714018301 20.0
4.842791976219547 19.0
4.9565977020363405 18.0
5.029106306839625 17.0
5.080574408435187 18.0
5.1295955145519185 17.0
5.159410159747278 16.0
5.191498289671425 15.0
5.209333271428914 14.0
5.221574147010057 13.0
5.360839263432613 14.0
5.365809626419331 15.0
5.373927675240127 16.0
5.414757747120629 17.0
5.4859143820478815 18.0
5.495522048333378 17.0
5.512380337547516 18.0
5.539243389556923 19.0
5.570129061953624 18.0
5.65450620304857 19.0
5.655275521101096 18.0
5.679354263682384 17.0
5.706785480051179 16.0
5.712901241576066 15.0
5.754652276179824 16.0
5.766487485165491 17.0
5.774924599295923 18.0
5.780632298205197 17.0
5.795794430230619 18.0
5.809260994262068 19.0
5.845740820205751 20.0
5.913031248804743 19.0
5.914803652492436 20.0
5.925992775165852 21.0
5.944541829980086 20.0
5.964723882718118 21.0
5.973883802403729 20.0
6.028760154458742 19.0
6.030623734964371 18.0
6.068910743623921 17.0
6.112758118731903 18.0
6.12359091224865 17.0
6.192512346958522 18.0
6.246510638716445 17.0
6.2683838956661875 16.0
6.2823668537262725 17.0
6.3234435736284675 16.0
6.449370951344635 17.0
6.472335838726125 16.0
6.502984660275674 17.0
6.505607432031318 16.0
6.565076542526596 17.0
6.65126005919924 18.0
6.697167249145194 17.0
6.7224452569114295 16.0
6.7342346537878885 17.0
6.809616844057363 18.0
6.851139826780913 17.0
6.885347996449864 16.0
6.977680078291353 17.0
7.005890160485641 18.0
7.011790684949081 17.0
7.041453344355582 18.0
7.144003912845083 17.0
7.15306254341058 16.0
7.223147183735934 15.0
7.241224114198887 16.0
7.24380682313594 17.0
7.291706403709536 16.0
7.30305167936799 17.0
7.305061194207734 16.0
7.375246855512894 15.0
7.379685842037224 16.0
7.450950703272061 15.0
7.4572536327370385 16.0
7.46447628496763 17.0
7.484155084648918 18.0
7.49108212128713 19.0
7.491227375511266 20.0
7.4934967738571885 21.0
7.527559460571466 20.0
7.530857198443115 21.0
7.546129299546479 22.0
7.5783705988655825 21.0
7.58682600758886 22.0
7.590563345704012 21.0
7.616152740237591 20.0
7.635531092825176 19.0
7.661307868800923 20.0
7.666081776201477 21.0
7.673208457029036 22.0
7.734303435707696 23.0
7.791399410309236 22.0
7.838163038641405 23.0
7.8483303849989925 22.0
7.8604257984371975 23.0
7.860634070768537 22.0
7.868894647577463 21.0
7.91158615107989 20.0
7.917347487634559 19.0
7.9256239896932845 20.0
7.935807609099535 19.0
7.940608259631953 18.0
7.943666368684332 19.0
7.94518462856994 20.0
7.948831257103362 21.0
8.021184851046002 22.0
8.023107015024932 23.0
8.027940522094859 22.0
8.067795608691513 21.0
8.082795138141666 22.0
8.100332705090576 23.0
8.1127266949679 24.0
8.125563336675992 25.0
8.144079998612394 24.0
8.156772197713979 25.0
8.159753085166356 24.0
8.227405269429424 23.0
8.229772004093796 22.0
8.24669009092704 21.0
8.248002814439186 22.0
8.277624818688873 21.0
8.309652731441917 22.0
8.377016252695741 23.0
8.381470838384272 22.0
8.41145868516763 21.0
8.48498278486792 22.0
8.494414585119094 21.0
8.557728275284038 20.0
8.565605755951001 21.0
8.57416972394262 20.0
8.579940965795993 19.0
8.6440343519939 20.0
8.647171268596667 21.0
8.65523287282231 20.0
8.668198666520649 21.0
8.714905065498574 20.0
8.728372832901547 19.0
8.76465011593392 18.0
8.779415458218924 17.0
8.789276045803597 18.0
8.873012515169368 19.0
8.879900882143572 18.0
8.883880410136403 19.0
8.907331601685156 20.0
9.008592263527088 19.0
9.014631223826685 20.0
9.039350287101389 21.0
9.075962258600743 22.0
9.080111435922008 23.0
9.207856914146166 22.0
9.304496290888721 21.0
9.367385886979532 20.0
9.372958331809395 19.0
9.3941067922066 20.0
9.395540095490734 19.0
9.447742746319165 20.0
9.504434128670196 21.0
9.514019688160785 22.0
9.58450465511929 21.0
9.615860515439328 22.0
9.624078154241124 21.0
9.710210495161558 22.0
9.795396570288286 23.0
9.829478042226178 24.0
9.830485296425376 25.0
9.88316543452264 24.0
9.909269846575086 25.0
9.937899524578542 26.0
9.947838172757217 27.0
10.037989937300036 28.0
10.044031879300379 27.0
10.076113467834526 26.0
10.135574676838408 25.0
10.145575922450965 24.0
10.198558132144136 25.0
10.201906968540214 26.0
10.213411684060029 25.0
10.257181673211402 24.0
10.269776867108998 23.0
10.297680742183397 24.0
10.30012788347621 23.0
10.378744657385596 24.0
10.39846722381884 25.0
10.407637951795534 26.0
10.414369219147442 25.0
10.417354604281266 24.0
10.4209960293129 25.0
10.485128584129352 26.0
10.488405079245961 27.0
10.55427583405018 28.0
10.555148440600481 27.0
10.57203393946116 26.0
10.625745142557722 25.0
10.635349713291406 24.0
10.658103415668046 25.0
10.678043169172199 26.0
10.678386423805817 27.0
10.68551016326198 26.0
10.692989243016756 25.0
10.756533975024734 24.0
10.76776377661483 23.0
10.842463639334733 24.0
10.945896215461916 25.0
10.952312172082188 26.0
10.966673718340065 27.0
10.977612243126345 26.0
11.019048295012833 25.0
11.051339805779616 26.0
11.062124377898023 27.0
11.129554854911332 28.0
11.163997378405343 27.0
11.202267651628063 28.0
11.298702742379207 27.0
11.312357072259703 28.0
11.364899785275835 27.0
11.366254194644913 28.0
11.37820932209286 29.0
11.410636273730061 28.0
11.421563589014177 27.0
11.511568517205625 28.0
11.515389432789382 27.0
11.519691603972015 28.0
11.546571380612995 27.0
11.590525171991631 26.0
11.604925863728061 27.0
11.610909144001997 28.0
11.668351579029185 29.0
11.672026020998103 28.0
11.678832320661467 27.0
11.701669301535077 28.0
11.74967268261224 29.0
11.755807007256394 28.0
11.770028664463611 27.0
11.860995528765477 26.0
11.88222122498901 25.0
11.883779083040567 24.0
11.9292744807304 23.0
11.992932138458256 24.0
11.997049167566566 23.0
11.99705801990917 24.0
12.07464720817185 25.0
12.119033103935694 24.0
12.127532682253182 25.0
12.149573448571104 26.0
12.175056486392485 27.0
12.214498373852834 26.0
12.252315717397407 27.0
12.30856072132064 26.0
12.405578944567324 25.0
12.436474532403004 24.0
12.501845742256416 25.0
12.522163405805024 24.0
12.536827325547192 23.0
12.550624873449062 22.0
12.572351494255697 23.0
12.62798533919681 22.0
12.663584823322315 21.0
12.671351467978567 22.0
12.67870862555895 23.0
12.697494806462515 22.0
12.735160526378882 21.0
12.737076956178473 22.0
12.772319634250525 21.0
12.79443030229119 20.0
12.815595102801172 21.0
12.83951847352602 22.0
12.859743545130817 21.0
12.90894390251315 22.0
12.926050419912212 23.0
12.963049334057253 22.0
13.02709226063355 21.0
13.169913716702824 20.0
13.36110029988128 19.0
13.376622831978965 20.0
13.5278483640455 21.0
13.535596409216957 20.0
13.53636487854834 21.0
13.562917900845228 22.0
13.587190623983334 21.0
13.600810735756054 22.0
13.68209972088998 21.0
13.721820354835222 22.0
13.77530084255913 23.0
13.777400571024152 24.0
13.834095806373957 25.0
13.840785119221305 24.0
13.849123025146167 23.0
13.877991424470283 24.0
13.918891462990363 23.0
13.975427819973874 24.0
13.979499136178116 23.0
14.037014731696942 22.0
14.046395616491957 23.0
14.053285597534721 22.0
14.095630786465442 23.0
14.1184986264132 24.0
14.143357816939073 23.0
14.175510159246898 24.0
14.180149504757273 23.0
14.21762729143704 24.0
14.236928357120592 23.0
14.282751883279222 22.0
14.296932468331375 21.0
14.385629643032205 20.0
14.426220245013784 21.0
14.459812231717375 20.0
14.509167538164105 21.0
14.584840148875825 22.0
14.59255983268784 23.0
14.644899381027736 24.0
14.64674212007903 25.0
14.662792495770807 26.0
14.671042049571238 25.0
14.673796190141289 24.0
14.694952935309294 23.0
14.705534496435506 24.0
14.72477346196317 23.0
14.745241391415023 24.0
14.759946252818503 25.0
14.760900794674415 26.0
14.769679793045572 25.0
14.786575551607456 24.0
14.839103028697547 23.0
14.940756141120461 24.0
14.980434426817519 23.0
15.028880958651598 24.0
15.109725844730553 25.0
15.130965913071082 24.0
15.17981810162213 25.0
15.211728467909316 24.0
15.264618462388421 25.0
15.298895620442904 26.0
15.314340706350459 25.0
15.332700619001837 24.0
15.473552107454141 25.0
15.507326571645416 24.0
15.53298487134614 25.0
15.555185196374724 24.0
15.564964639354852 25.0
15.60252026649996 26.0
15.643560535163829 27.0
15.684066501954696 28.0
15.733630417209309 29.0
15.737367930890064 30.0
15.76628975952154 31.0
15.781189557221332 30.0
15.79229640166064 31.0
15.800381147532608 30.0
15.800828134012294 29.0
15.835957680226997 28.0
15.855933108607486 27.0
15.857046943381482 28.0
15.871302433749912 27.0
15.893025835646668 28.0
15.89566560373394 29.0
15.89978137528097 28.0
16.01747556485952 27.0
16.02560750175861 28.0
16.11722266910657 29.0
16.15019400833687 28.0
16.17888505572207 29.0
16.21046739808192 28.0
16.272284444594234 27.0
16.298474375485764 26.0
16.34827139576117 25.0
16.38451845570908 26.0
16.42501586107939 25.0
16.459040552070878 24.0
16.487520651665907 23.0
16.4915289945285 24.0
16.498199210587277 25.0
16.607699700177605 24.0
16.62063143042614 25.0
16.630700426318167 26.0
16.63410230625785 25.0
16.63518503112256 24.0
16.644122492728883 25.0
16.649669087686103 24.0
16.660078768882933 25.0
16.672284674243123 24.0
16.693393268581794 25.0
16.74295681153295 24.0
16.767382468117187 23.0
16.835352970541976 24.0
16.850185180243322 25.0
16.931986777919615 26.0
16.964548712722817 27.0
16.98161824456493 28.0
16.992964888540506 27.0
17.015053699170526 26.0
17.16288423150607 27.0
17.171665334211205 26.0
17.176362257004175 25.0
17.200439081580345 26.0
17.20216135499117 27.0
17.213781583778697 28.0
17.21385652646243 27.0
17.22039687974247 28.0
17.22357506046471 29.0
17.23285473913699 28.0
17.24892100181469 29.0
17.381340256746324 28.0
17.392372866508406 27.0
17.40372569030177 28.0
17.436340577829377 27.0
17.441165795657692 26.0
17.457328845758774 25.0
17.470866075945676 26.0
17.486560813792153 27.0
17.534815521952318 28.0
17.605702718163815 27.0
17.646670912293477 28.0
17.652383173814265 27.0
17.689560184388995 26.0
17.742461886618152 27.0
17.753372281519333 26.0
17.764576565247275 25.0
17.852014181147926 26.0
17.85893744245169 27.0
17.9499682080365 28.0
17.963178533197585 29.0
17.988905386414704 28.0
17.999706642571887 27.0
18.03709085301228 26.0
18.11488813585358 25.0
18.12556856179979 24.0
18.13736158360389 25.0
18.138431671370853 26.0
18.166057533222865 27.0
18.186025839734047 26.0
18.20344381497126 27.0
18.242128200779334 26.0
18.27028932466349 25.0
18.275943128364794 24.0
18.367316089827668 23.0
18.464000562480283 22.0
18.52406603559927 21.0
18.609849697007796 22.0
18.616779296873023 21.0
18.62059751840312 20.0
18.623395420922733 21.0
18.666246350334855 22.0
18.689967364508345 23.0
18.70411245260673 22.0
18.752341963734498 21.0
18.75911303120186 20.0
18.770355276536044 19.0
18.788864483683252 20.0
18.81149399994088 21.0
18.82793677114154 20.0
18.85959991980613 19.0
18.900562074380577 20.0
18.921795007323166 19.0
18.93089568612876 20.0
18.9997371617994 21.0
19.05360351948205 20.0
19.079147248112324 19.0
19.15249938631263 20.0
19.17299584532451 19.0
19.1796388674504 20.0
19.191878875949715 19.0
19.197987751178054 20.0
19.256885969625333 19.0
19.277235733259836 18.0
19.300406244548704 19.0
19.316854054169784 20.0
19.351528496970726 21.0
19.38907450210352 22.0
19.400277785226887 21.0
19.414166409845226 20.0
19.432206035480608 19.0
19.438076783069793 18.0
19.471080949904955 17.0
19.511856147129485 16.0
19.523792027905838 17.0
19.52735424444081 18.0
19.556349436917106 17.0
19.56343712587161 18.0
19.58767722497364 19.0
19.599595809507907 20.0
19.623502674665975 21.0
19.62473441164022 20.0
19.628430132610536 19.0
19.635336298667497 18.0
19.675542253350226 19.0
19.705260041930465 20.0
19.711830700920075 19.0
19.793287597875743 18.0
19.81082506614014 17.0
19.853721074009684 18.0
19.90992980877363 19.0
19.968679252910327 18.0
19.992947626402973 19.0
19.99554045034862 20.0
20.03638472427887 19.0
20.04789305139635 18.0
20.181224403567896 19.0
20.192962356527214 18.0
20.19298592774978 17.0
20.201632436364978 16.0
20.20831236716573 15.0
20.22171729485349 14.0
20.236453435075152 13.0
20.25939298040371 14.0
20.288400622222586 15.0
20.33537303970539 14.0
20.363470664845114 13.0
20.4341287802093 14.0
20.487517044498393 15.0
20.57087713422349 16.0
20.578518958137593 17.0
20.61572658359456 16.0
20.638776539019066 17.0
20.650083001371797 16.0
20.6628450993105 17.0
20.664737694378168 16.0
20.670582485606424 17.0
20.67213913892192 18.0
20.703367398516544 19.0
20.836549583054936 18.0
20.84568794499453 19.0
20.877795064099693 18.0
20.92502530035815 17.0
20.96497281100504 18.0
20.965057310812522 19.0
20.97668437399909 18.0
20.99610455067586 19.0
21.01174401166039 20.0
21.050873902715086 19.0
21.069640931944967 18.0
21.1407926716869 17.0
21.14750281961013 18.0
21.156153594995327 19.0
21.164637525569898 18.0
21.169573594550847 19.0
21.187789879740755 18.0
21.191770809034562 19.0
21.214436609907565 18.0
21.260666337954802 19.0
21.26152210700958 18.0
21.272825835991508 19.0
21.273505140808822 20.0
21.32276513269696 21.0
21.343233541205635 20.0
21.34635859861026 19.0
21.423421905554473 20.0
21.448388967292683 19.0
21.477361316741234 20.0
21.523030101576353 19.0
21.53552658772724 20.0
21.555773755443973 21.0
21.603890587143596 20.0
21.654391650828824 21.0
21.656178325635032 22.0
21.682368403159934 23.0
21.6979453409493 22.0
21.71088785574375 21.0
21.737295896493112 20.0
21.739101258561245 21.0
21.764130780717615 20.0
21.774362055528677 19.0
21.799420044561572 18.0
21.832407749182526 17.0
21.844124078026546 16.0
21.856694374824354 17.0
21.923882827351537 16.0
21.93911780708773 17.0
21.96432143037122 18.0
21.99831539697159 19.0
22.006587106464806 20.0
22.060873760778385 19.0
22.064725832437283 20.0
22.073726776971853 19.0
22.106398653013226 20.0
22.113934493875878 19.0
22.149115427409967 18.0
22.195507670938728 19.0
22.231111694866463 20.0
22.32739740068665 19.0
22.391711670590958 20.0
22.507836125204726 21.0
22.591423665606623 22.0
22.5984993966214 21.0
22.601900097409914 20.0
22.623233530406768 19.0
22.626901822778642 20.0
22.682612654735106 19.0
22.697067801905607 20.0
22.792938100499143 19.0
22.797722445176067 20.0
22.83859065777275 19.0
22.85098489945577 18.0
22.871654284136042 19.0
22.902619056308158 20.0
22.916303544719256 21.0
22.948636498308552 22.0
22.95316735292269 23.0
23.012534178571023 24.0
23.14229140794953 23.0
23.14422305985933 24.0
23.20088787272334 23.0
23.202695176456093 24.0
23.203677506435948 25.0
23.220642226603303 26.0
23.2792787059684 27.0
23.33659796212703 26.0
23.35972819269259 27.0
23.398976903326446 26.0
23.47821426534843 27.0
23.549871397224713 26.0
23.567877500882357 27.0
23.608503681568642 26.0
23.62255294650244 25.0
23.625685420660215 26.0
23.642878140784774 25.0
23.700881355616556 24.0
23.707345321291047 25.0
23.813590165756978 26.0
23.828694344976704 25.0
23.844505458140112 26.0
23.865775711437987 27.0
23.871862312551006 28.0
23.91964794976856 27.0
23.928730359340772 28.0
23.93808651459035 29.0
23.946250966361397 30.0
23.979351793266527 29.0
24.017693398970053 28.0
24.06936392543105 27.0
24.096546859342617 26.0
24.127944906500257 25.0
24.186217303155217 26.0
24.248497348492382 27.0
24.25273766896452 26.0
24.27895693435161 27.0
24.36330026323876 26.0
24.43711299445863 27.0
24.45352007069733 28.0
24.478047064288646 27.0
24.497426059146758 26.0
24.50156568212881 27.0
24.514092933677972 26.0
24.525536785361208 27.0
24.528483435802137 26.0
24.54166993042396 27.0
24.6589899931725 28.0
24.676217454324984 29.0
24.68443130147786 30.0
24.718252951994817 29.0
24.771221851296854 30.0
24.81553471791597 31.0
24.836003698351877 32.0
24.865050742446286 31.0
24.912815486229025 30.0
24.91338918074549 29.0
24.979457434913137 28.0
24.98291852782288 29.0
25.000590117273013 28.0
25.013870701061155 27.0
25.03967386210096 28.0
25.071228822118716 27.0
25.094152863250603 26.0
25.12228060932215 25.0
25.160529287428226 26.0
25.171090279564424 27.0
25.21383868864031 26.0
25.224155167267497 27.0
25.24451190646473 26.0
25.26800016710098 25.0
25.278584437345025 26.0
25.302196650861465 25.0
25.322866821418096 24.0
25.323406079936603 23.0
25.34379805583384 22.0
25.395520506065463 21.0
25.395592591438735 20.0
25.44009471640752 19.0
25.497387310050055 20.0
25.549958372748083 21.0
25.621079815708246 20.0
25.6384718717724 19.0
25.64279388866345 18.0
25.7400523776743 17.0
25.744380682102335 16.0
25.76920495021895 17.0
25.77766042633352 16.0
25.799228177210306 15.0
25.800898564080068 16.0
25.87705625503501 17.0
25.88312456037011 18.0
25.886381510240685 17.0
25.88916584897506 16.0
25.927681403931103 17.0
25.938770702900495 16.0
25.949084037300405 17.0
25.96904215786496 18.0
26.006071159768023 19.0
26.03175046583351 18.0
26.039349346779762 19.0
26.224668556071386 18.0
26.27301597556428 17.0
26.30100589295973 18.0
26.353530965273926 17.0
26.358583154306825 18.0
26.425358674245064 19.0
26.464378591260974 20.0
26.54084518862566 21.0
26.608134751748707 22.0
26.634351954325 23.0
26.641864680301854 24.0
26.648397719917014 23.0
26.651425683533617 24.0
26.660727762877958 23.0
26.698938919900854 24.0
26.897269123192874 23.0
26.91406439060696 24.0
26.963611948959404 23.0
26.964855689793062 22.0
26.972875428931683 21.0
27.06408416393353 22.0
27.087107585952428 21.0
27.096752734243214 22.0
27.097990346725048 21.0
27.098286890724555 22.0
27.11976774276302 23.0
27.17520518887295 24.0
27.242696508187237 23.0
27.245524325640126 22.0
27.254932269494965 21.0
27.286270292645586 22.0
27.29842726692793 21.0
27.32370754370816 20.0
27.33535827696826 21.0
27.384018675029616 22.0
27.40118302050857 21.0
27.446213346791424 20.0
27.457221897504954 21.0
27.470010249496674 20.0
27.526583370469957 21.0
27.557033754138484 20.0
27.576797122793177 21.0
27.833907525177057 22.0
27.88556809633927 23.0
27.939026963938712 24.0
28.025395503492966 23.0
28.126999711540215 24.0
28.162416533162183 25.0
28.171773629970218 26.0
28.231484247838424 25.0
28.23804676053045 24.0
28.283323768366486 25.0
28.295900817994276 24.0
28.314680231026788 25.0
28.346292928478213 24.0
28.365490351021833 23.0
28.371241222258742 22.0
28.40282093871881 23.0
28.428984169370935 22.0
28.433685604579324 21.0
28.502093092591394 22.0
28.52393355409966 23.0
28.561028251056953 22.0
28.56565463618883 23.0
28.596813448530412 22.0
28.59844982224985 23.0
28.682223995099815 22.0
28.74226191058649 23.0
28.79474877785661 22.0
28.85208910551391 21.0
28.93188828999806 20.0
28.988653084866495 21.0
29.03504985207094 20.0
29.065135858252702 21.0
29.098683270538775 22.0
29.107407344114215 21.0
29.108116050154834 20.0
29.16756140324162 19.0
29.275984594721802 20.0
29.282517683294838 19.0
29.301455119611198 20.0
29.34167159408813 21.0
29.351027322798682 22.0
29.419869302545244 23.0
29.453298059358065 22.0
29.47271686569951 23.0
29.49144844469347 22.0
29.510511996629514 23.0
29.53947220641564 22.0
29.55900315693899 21.0
29.585835281233543 22.0
29.651260932582282 23.0
29.688365096836268 24.0
29.761868087529074 25.0
29.771533992350598 26.0
29.787422815283236 27.0
29.795616353498318 28.0
29.84753329636478 27.0
29.88389464808603 26.0
29.91504184312603 27.0
29.917644639310463 26.0
29.955891842541416 25.0
29.967680013802674 26.0
30.01955640404048 27.0
30.057673283035676 28.0
30.068447111670086 29.0
30.08745324814093 30.0
30.089578730028073 29.0
30.123845063904483 30.0
30.165196849526886 29.0
30.201703234903682 30.0
30.245619379931178 29.0
30.398515009014265 30.0
30.442988492490507 31.0
30.472548404556886 32.0
30.482892290486014 31.0
30.49349086456287 32.0
30.506743511308056 31.0
30.518748009677203 30.0
30.549339395557393 31.0
30.59868244786793 32.0
30.645671047660674 31.0
30.688237865542124 30.0
30.732312798054107 29.0
30.732743761707674 30.0
30.756466858926412 31.0
30.803758699449077 30.0
30.847680130050726 29.0
30.962553136605504 28.0
30.964178111773954 27.0
30.99359670396021 26.0
31.126009868272586 25.0
31.162436339801594 24.0
31.176196053328994 23.0
31.236253772503996 22.0
31.31299192686948 21.0
31.352050785296417 20.0
31.368796744898173 19.0
31.385782214211382 20.0
31.40092629077819 21.0
31.40230306105661 20.0
31.409469886234813 21.0
31.41402975514277 22.0
31.425762890931544 21.0
31.522127933404548 20.0
31.526296445578247 19.0
31.547890489996053 20.0
31.55222109959582 21.0
31.574868122461325 20.0
31.591470576914272 19.0
31.60424635873382 20.0
31.634523157100997 19.0
31.669844194262133 18.0
31.685667554140927 17.0
31.753397328756684 16.0
31.817874624464288 17.0
31.819910751145063 16.0
31.86429567839161 17.0
31.913858737610813 18.0
31.92724851148032 19.0
31.939460326283346 20.0
31.95308834659452 21.0
31.960520040097986 20.0
31.97946717857201 21.0
31.998756283554734 22.0
32.00518438427463 21.0
32.026080064744505 20.0
32.03433649895681 21.0
32.042073814184334 22.0
32.05620242546061 23.0
32.09058604895571 22.0
32.12525901881541 23.0
32.16182668412323 24.0
32.18263840526011 25.0
32.19897282669999 26.0
32.2042205751568 25.0
32.29907853895931 26.0
32.32357295990682 27.0
32.33297693269521 28.0
32.386013306226474 29.0
32.45726086519774 28.0
32.468652877101825 29.0
32.482757517387476 28.0
32.555286777941745 27.0
32.636389977839734 28.0
32.69931823493212 29.0
32.77715379272971 28.0
32.79332528061947 29.0
32.79673548978408 28.0
32.85629114591203 29.0
32.85956625058039 28.0
32.881475411777494 27.0
32.92462018622165 28.0
32.93504898691104 27.0
32.940275834859705 26.0
32.97658455459386 27.0
33.06088570745229 26.0
33.06734015946236 25.0
33.06802613660585 26.0
33.089111256982285 27.0
33.16357312406636 28.0
33.18843087346857 27.0
33.21025101858535 26.0
33.22140285941239 25.0
33.27538150122344 24.0
33.27897880260563 23.0
33.2802593582478 24.0
33.30637793336254 23.0
33.30989870890962 22.0
33.31074600309768 21.0
33.32729471610969 22.0
33.35435676406788 21.0
33.36264678765248 22.0
33.38599606589771 23.0
33.3896053093493 22.0
33.40237354908546 21.0
33.403768124892444 22.0
33.40808429732031 21.0
33.409575781129305 20.0
33.42203386195241 19.0
33.443066285288324 20.0
33.48022056057051 21.0
33.55195399102636 22.0
33.57000770407372 21.0
33.63083321243545 22.0
33.702759164140566 21.0
33.71914339725056 22.0
33.844306413732546 21.0
33.866978319585435 22.0
33.894869996136265 21.0
33.89849417622389 20.0
33.93160489664928 19.0
34.00163817034345 18.0
34.00444437398076 19.0
34.027658508535616 20.0
34.034709415594094 21.0
34.043141519009154 20.0
34.060004284468334 19.0
34.156942905390046 18.0
34.180696189149074 19.0
34.18942066789581 18.0
34.202441770258815 19.0
34.27594414862799 18.0
34.28207084958975 17.0
34.344027289904595 16.0
34.35165836717149 17.0
34.36273406680223 16.0
34.43478669677749 17.0
34.45748848673776 16.0
34.462057364545245 15.0
34.52357793043785 14.0
34.52417081650692 13.0
34.582782912066854 12.0
34.59703056962433 13.0
34.7124508011558 14.0
34.76318499145732 15.0
34.78415478946922 16.0
34.80210744578825 15.0
34.81860926146999 16.0
34.89152490469936 15.0
34.93336574285559 16.0
34.95929024652497 17.0
34.986304542658644 16.0
35.01662970717596 15.0
35.091165796959125 16.0
35.10895382193542 17.0
35.194593169296446 16.0
35.22361480463752 17.0
35.25806498565596 18.0
35.27735122600333 17.0
35.32708062823951 18.0
35.3435761002458 17.0
35.348141810636875 18.0
35.43219924068434 19.0
35.440453508433514 18.0
35.4624691345782 19.0
35.51056611135206 20.0
35.55005312283357 19.0
35.62648024567418 20.0
35.63869258152457 21.0
35.642724339889114 22.0
35.66749037384615 21.0
35.69615575766373 22.0
35.76964908848057 23.0
35.77942161507959 24.0
35.86472732914823 25.0
35.91692067271591 26.0
35.93768400386583 25.0
35.93988764678547 24.0
35.94266067889628 23.0
35.95150261334315 24.0
35.955230250583554 23.0
35.9684319245632 24.0
36.02570620961714 23.0
36.050923829310626 24.0
36.111559098349005 25.0
36.12658737951332 26.0
36.13164750849062 25.0
36.15175905067469 24.0
36.18456184769385 25.0
36.242673941948915 24.0
36.25972383232671 25.0
36.2601452828207 26.0
36.279474142549795 25.0
36.300252814414904 24.0
36.31088099494724 23.0
36.33517255550654 22.0
36.34658437368783 21.0
36.39136863525855 20.0
36.40171168986548 21.0
36.408153090877114 20.0
36.44692933534159 21.0
36.492029149607355 22.0
36.50809890474134 23.0
36.51509036569257 22.0
36.522678901991775 21.0
36.537630638856456 20.0
36.613761884259816 21.0
36.66800475714824 22.0
36.67269538732621 21.0
36.69145347163342 20.0
36.70731861943578 19.0
36.744758998178455 20.0
36.798260868791736 21.0
36.81497616321573 20.0
36.82646779104074 19.0
36.84820248384655 18.0
36.84909458418001 19.0
36.882315237149136 20.0
36.89566860213835 21.0
36.941924070649435 22.0
37.0690290041878 21.0
37.098382869373395 22.0
37.11257297531432 23.0
37.19216673972168 22.0
37.221684147322925 21.0
37.230596468136575 22.0
37.28180986768383 23.0
37.347024232278144 24.0
37.39047910859371 25.0
37.412843443488015 26.0
37.447505812045065 25.0
37.51525548659466 26.0
37.52399539605658 27.0
37.64544942805562 26.0
37.68167726779696 27.0
37.700522354107186 26.0
37.72237796822412 25.0
37.75046802881115 24.0
37.7535960643605 23.0
37.76945959388074 24.0
37.83221510309649 23.0
37.84863571420515 24.0
37.856623254044884 23.0
37.88190597359165 22.0
37.91093853943591 21.0
37.938362169900394 22.0
37.98528601004732 23.0
38.00589169524183 24.0
38.04084807407515 25.0
38.04543586662333 24.0
38.06998382037782 25.0
38.08563698328896 26.0
38.105191116167966 25.0
38.11157580512779 26.0
38.19026341464387 27.0
38.19180991546073 28.0
38.19550821242392 29.0
38.230619767689625 28.0
38.24372913432734 27.0
38.25195267277731 26.0
38.257809159164836 25.0
38.31747343724483 24.0
38.37648069790516 23.0
38.39220190288826 24.0
38.4354028863782 23.0
38.48651469669775 22.0
38.48784601300629 21.0
38.49524033471552 22.0
38.509340649792506 21.0
38.51561672631645 22.0
38.51889475719217 23.0
38.523515084490235 24.0
38.606492041215645 23.0
38.63036461662988 24.0
38.635674572427696 23.0
38.66684494269493 22.0
38.81206687622943 21.0
38.81892623847328 22.0
38.84688943873319 21.0
38.858957763370334 20.0
38.964234388163156 19.0
38.980982314613975 18.0
38.99103491049931 17.0
38.99312163373351 18.0
39.07097268218831 17.0
39.07983324608474 18.0
39.15605086166621 19.0
39.16054687380625 18.0
39.165330083097196 19.0
39.191712081468104 20.0
39.29807121720251 21.0
39.35251750513944 22.0
39.38715478183015 21.0
39.46870600829778 22.0
39.506377331060584 23.0
39.507040000982414 24.0
39.531423203585305 23.0
39.53885159304625 24.0
39.5576647529222 23.0
39.58470787209063 22.0
39.590507364607674 23.0
39.61266870808528 22.0
39.61611487084482 21.0
39.61623564845465 22.0
39.63077512919814 23.0
39.65685347871491 22.0
39.668057573572106 21.0
39.669476123165076 20.0
39.67172856240396 21.0
39.68765288710267 20.0
39.69704848999664 21.0
39.73183661768228 20.0
39.737079110000366 19.0
39.75604249080803 18.0
39.78518138281415 17.0
39.8243460774261 16.0
39.850827151045614 17.0
39.85432054611635 18.0
39.85465027401883 17.0
39.868794686954175 18.0
39.89019585457292 19.0
39.903952723089475 20.0
39.923826829472596 19.0
39.930144200518484 20.0
39.98818490356905 19.0
39.997160891399204 20.0
40.02505967008641 19.0
40.09073465068789 18.0
40.15920404358398 19.0
40.31973056863974 20.0
40.400453463904135 21.0
40.40058587053029 20.0
40.42654352208842 21.0
40.43246734308481 22.0
40.451721277925394 23.0
40.47019329611248 22.0
40.50850184140227 23.0
40.527333149149534 22.0
40.606528777047416 23.0
40.615491957295404 22.0
40.625284166930825 21.0
40.64244621769914 22.0
40.64800685814828 23.0
40.66008588038952 24.0
40.6784942727858 23.0
40.72700368006262 24.0
40.72809205109911 25.0
40.7844883938182 24.0
40.88175959255057 23.0
40.94955587220776 24.0
40.96502324529534 25.0
40.9894920137397 24.0
41.000143550749996 23.0
41.01085822732778 22.0
41.01830213927463 21.0
41.02903420974222 22.0
41.041740304557706 21.0
41.131343364132505 22.0
41.13187404566458 23.0
41.14421457475994 22.0
41.18447941799109 21.0
41.18716258253135 22.0
41.31764736323062 21.0
41.33386094518378 22.0
41.34188909106259 23.0
41.34356113005951 22.0
41.35500347791732 21.0
41.38235686148611 20.0
41.400436119426196 21.0
41.42059023405661 22.0
41.57418386992832 21.0
41.584660512586346 22.0
41.65290127890253 23.0
41.676063493532574 24.0
41.680343064435824 25.0
41.68456290507028 24.0
41.7030966252423 23.0
41.72684426073493 24.0
41.805580214386644 25.0
41.82067787681085 24.0
41.83420591968762 25.0
41.86460790051914 24.0
41.87930360453749 25.0
41.88282703161223 24.0
41.90169131309561 23.0
41.92589734016633 22.0
41.95127571697693 21.0
41.993700784536806 20.0
42.01563681366554 19.0
42.07016429024367 18.0
42.08428272260847 19.0
42.15907150943839 20.0
42.171174993911116 19.0
42.20871471753542 20.0
42.23248867340423 21.0
42.2472779059234 20.0
42.26960737080264 21.0
42.30212391944954 22.0
42.314124118796556 23.0
42.32590489238634 24.0
42.39995318413759 25.0
42.422908685345874 26.0
42.42371834636221 25.0
42.49451351485492 24.0
42.552683233047574 25.0
42.568030503020545 26.0
42.574663369170665 25.0
42.592079073375096 24.0
42.77662016271586 23.0
42.81329139780736 22.0
42.822235880372034 23.0
42.82564849559812 24.0
42.850273168436885 25.0
42.86828250075018 26.0
42.87184167529141 25.0
42.893224199931346 26.0
42.91834361953216 27.0
42.934990881023445 28.0
42.972332075106 29.0
43.06003678866831 30.0
43.066051693456885 31.0
43.09630685502604 32.0
43.11260043359205 31.0
43.14634190032937 30.0
43.24171260103504 29.0
43.25581796949597 30.0
43.26719049029268 29.0
43.281848592645126 28.0
43.28452852510261 27.0
43.28623756905856 28.0
43.29835587957523 29.0
43.32557186673537 28.0
43.386450357223325 27.0
43.39213221950404 28.0
43.421280023345645 27.0
43.459696386190025 26.0
43.46973196727696 25.0
43.47383650420155 24.0
43.479679943676146 25.0
43.59739867762645 24.0
43.647710440701765 23.0
43.65762634861329 22.0
43.669940449210024 21.0
43.711412490160136 22.0
43.73586914609536 23.0
43.787213798494705 22.0
43.79678787687145 23.0
43.801790434533565 22.0
43.81895657557407 23.0
43.846250045631066 22.0
43.85699347759993 23.0
43.867748068775754 22.0
43.878017748069986 21.0
43.88280982015523 20.0
43.88908790893253 19.0
43.896077145051386 18.0
43.92688418024129 19.0
43.940168833854834 20.0
43.989560053425436 21.0
44.05245360175203 20.0
44.08642674619164 19.0
44.09791000082637 20.0
44.177953871713626 21.0
44.194149404662895 20.0
44.19626602226901 19.0
44.25648142726935 18.0
44.25766295657851 19.0
44.27122285239649 20.0
44.27955942405822 21.0
44.301163856591295 20.0
44.31597026865313 19.0
44.32657239100109 18.0
44.411293805136985 17.0
44.42886722391243 16.0
44.44104998965536 15.0
44.526984193000594 16.0
44.52957863506675 15.0
44.55316197199018 16.0
44.58051831991963 17.0
44.6212025885562 16.0
44.66380583011567 17.0
44.66479327517953 18.0
44.665787101174544 17.0
44.673352316737365 18.0
44.68965568614074 19.0
44.70512021335092 20.0
44.72381775050171 19.0
44.78977443037068 18.0
44.810624714041865 17.0
44.83046033827613 18.0
44.85780942043196 19.0
44.87268968889867 20.0
44.89271107736117 19.0
44.905550948843434 20.0
44.912406453959065 21.0
44.915650725361814 22.0
44.917521837162916 23.0
44.91801333737382 24.0
44.921723521945296 23.0
44.95348344636532 24.0
44.96445441898921 25.0
45.13017069084255 26.0
45.13671097850359 27.0
45.1646022733608 28.0
45.19898451191417 27.0
45.224518935121495 28.0
45.225008593255716 27.0
45.262017675232364 26.0
45.279959476481174 25.0
45.280148893800686 26.0
45.30967292102479 25.0
45.318317794169886 26.0
45.36243976885645 25.0
45.38097030484011 24.0
45.39752773361318 23.0
45.41626101193499 22.0
45.44057916728089 21.0
45.47835427879563 20.0
45.49663262748257 19.0
45.6092392127962 18.0
45.661429553478264 17.0
45.68802058880235 16.0
45.69863265249093 17.0
45.75280725943147 18.0
45.75884173139694 19.0
45.76996271383384 20.0
45.78386980569388 21.0
45.802419588967346 22.0
45.84276889453056 21.0
45.85324405900422 22.0
45.88713351496006 23.0
45.93231093792779 24.0
45.943503632912595 23.0
45.94782283063544 24.0
46.010117320263824 23.0
46.01821271808217 24.0
46.02100965251229 25.0
46.05144890631326 26.0
46.069998302221116 25.0
46.083026805828624 24.0
46.18146086638333 25.0
46.19747184115373 24.0
46.21131390402058 23.0
46.21981266246509 22.0
46.29776307095885 21.0
46.3040993715521 20.0
46.31452869337605 21.0
46.3185079475 22.0
46.35784395963339 21.0
46.455575824164235 20.0
46.47710837284555 21.0
46.526471786776064 20.0
46.54162200384817 21.0
46.55840031827459 20.0
46.726182792498065 21.0
46.746294761326595 20.0
46.75631552697583 19.0
46.78462479657839 18.0
46.7973257316618 19.0
46.84361670645942 20.0
46.946258502123364 19.0
46.97321400015825 18.0
46.98099449080596 19.0
46.99263970452706 18.0
47.055857896245875 19.0
47.07372608987353 18.0
47.220492929328465 19.0
47.24581003675248 20.0
47.280519711936456 19.0
47.28351774810331 18.0
47.30645813597493 19.0
47.347329002529605 20.0
47.39612353814978 21.0
47.434788803596255 22.0
47.51412966184253 23.0
47.59878555763048 22.0
47.622431334057545 21.0
47.64673160859979 20.0
47.67260012858039 19.0
47.7537122133546 18.0
47.786716772214604 17.0
47.824774605284475 16.0
47.86240678345238 15.0
47.92519499085474 14.0
47.93659806565059 15.0
47.93737980641755 16.0
47.94041720252637 15.0
47.95170360247028 16.0
48.04304055100618 15.0
48.048432340371505 16.0
48.07469832756368 15.0
48.08225436340815 14.0
48.09910205408516 15.0
48.11254581729326 14.0
48.1594588934444 15.0
48.19119458771643 16.0
48.19881369576237 17.0
48.24135401425278 18.0
48.253816350507556 17.0
48.26393936521986 16.0
48.431676230425424 17.0
48.44146509262207 18.0
48.474292944036016 17.0
48.48894224376658 16.0
48.51009830899955 15.0
48.63235334619326 16.0
48.63724376946418 17.0
48.651511907553115 18.0
48.66836741703791 17.0
48.72901051568032 18.0
48.79461154583717 19.0
48.80539796154041 20.0
48.82128417442557 19.0
48.83186808016653 20.0
48.85895983844545 21.0
48.86170839716258 20.0
48.889903687387545 19.0
48.93705031498766 18.0
48.98749536913957 17.0
49.102383360249256 16.0
49.130240987614584 17.0
49.150342920592045 16.0
49.171709513646796 17.0
49.22037694657866 18.0
49.354234873918706 17.0
49.38540836070711 16.0
49.39515320279398 15.0
49.44507715030603 16.0
49.48272462764329 15.0
49.49249867993887 16.0
49.50537524117064 17.0
49.5310450402832 18.0
49.55069928220211 19.0
49.56492528471536 20.0
49.589600184819 19.0
49.62658977304089 18.0
49.668478053250205 17.0
49.69014872588498 16.0
49.70197134700938 17.0
49.72935865058146 18.0
49.756269407504924 19.0
49.79389404942567 18.0
49.80260681835793 17.0
49.82622380075947 18.0
49.827565263192994 19.0
49.83057189168721 18.0
49.86992468930656 17.0
49.941855178773686 16.0
50.000914378781054 17.0
50.02194589661718 16.0
50.08048129834643 15.0
50.0843213281304 16.0
50.10620877642955 15.0
50.155424454860416 14.0
50.16714278320285 13.0
50.19149609563783 14.0
50.22534313496248 13.0
50.23472079930393 14.0
50.25049221349138 15.0
50.30716321186867 16.0
50.32758078094961 17.0
50.374421180019596 18.0
50.442172103737704 19.0
50.44617268473006 18.0
50.49864176396141 17.0
50.532855771387105 18.0
50.57088752017956 17.0
50.57252301321029 18.0
50.651472804242324 17.0
50.705256029773835 16.0
50.74496510102447 17.0
50.784716958168026 18.0
50.83345485467119 17.0
50.96297205174858 18.0
50.99723977174659 19.0
51.112488314791484 18.0
51.12376827363105 17.0
51.152745285690635 18.0
51.17176170388403 19.0
51.18787964853049 18.0
51.27941505234187 19.0
51.317813854671556 20.0
51.32533012754221 21.0
51.3422064591345 20.0
51.37388785545385 21.0
51.389426965281864 20.0
51.42542404777117 19.0
51.479304866819575 18.0
51.480977005619216 17.0
51.48390413626141 18.0
51.49153433392994 19.0
51.60507553701135 20.0
51.6148118721946 21.0
51.66435401157725 22.0
51.74982004445039 21.0
51.771296097033996 20.0
51.847082984553374 21.0
51.88787453267307 20.0
51.89485678695407 19.0
51.89525992989964 18.0
51.96633502881728 17.0
51.97067553543593 16.0
51.99116426396372 17.0
52.00357187613928 18.0
52.02212952568522 19.0
52.029804999722955 18.0
52.11112647419686 17.0
52.11806802176841 16.0
52.12771271220083 15.0
52.16259063867304 16.0
52.18796690725066 17.0
52.21669347545677 16.0
52.24880787054717 15.0
52.30043513567604 16.0
52.339440470875445 17.0
52.39717673756868 18.0
52.401890242563674 19.0
52.42899224272531 18.0
52.44032858938407 19.0
52.45361554861928 20.0
52.45617630456334 19.0
52.457031287215536 18.0
52.50777956249762 17.0
52.54236735803419 16.0
52.625708747605195 17.0
52.66911082856537 16.0
52.674821857849096 17.0
52.68030215359732 16.0
52.69435744063686 17.0
52.717163682381525 18.0
52.726024054087475 19.0
52.74393699986193 18.0
52.76778463673138 19.0
52.774001083823165 18.0
52.77437552359146 17.0
52.785993778102416 18.0
52.886561657975015 17.0
52.91159213930324 16.0
52.91213752204667 15.0
52.91483618608852 16.0
52.99730366299252 17.0
53.02043951198789 18.0
53.06259035922826 17.0
53.07899482429032 16.0
53.08782455646428 17.0
53.08989205261463 18.0
53.123473685037254 19.0
53.16055429501528 20.0
53.16068611234028 21.0
53.2278776093157 20.0
53.250357680636114 21.0
53.261337352240915 22.0
53.29496503725571 23.0
53.304043318086194 22.0
53.36117625102567 21.0
53.40765891235311 20.0
53.408755506251715 21.0
53.53796726444899 22.0
53.56696045654871 23.0
53.59375230131854 22.0
53.59508201370297 21.0
53.61442773669806 20.0
53.68201007959613 19.0
53.71455029814284 18.0
53.730365238780934 19.0
53.75866860458011 20.0
53.8134985399351 19.0
53.82038721799285 20.0
53.848241740459244 19.0
53.93816738816376 18.0
53.938200809624355 19.0
53.938887745071455 20.0
54.0277913319194 19.0
54.15715697245523 18.0
54.17840891863418 17.0
54.25535877475595 16.0
54.26474190623454 15.0
54.35954509545104 16.0
54.37929572054695 17.0
54.432967373285614 18.0
54.49038799005599 19.0
54.49954612060333 20.0
54.50037728255845 21.0
54.528547538070555 20.0
54.536977684705896 19.0
54.5499240153788 20.0
54.56327930108348 19.0
54.604362437749884 20.0
54.64428059757868 21.0
54.64915099673508 22.0
54.65848059576206 21.0
54.67744833124778 20.0
54.67774728163994 21.0
54.72291122375357 20.0
54.7537047390673 19.0
54.777347520310286 20.0
54.79561014836867 19.0
54.867630275893816 18.0
54.867820117515464 17.0
54.88022401853524 16.0
55.00495000634378 17.0
55.020938470446346 16.0
55.04950442999857 15.0
55.05266997809889 16.0
55.060853222927264 17.0
55.10458877717447 16.0
55.13252858836101 15.0
55.15696806965799 14.0
55.15826988127224 15.0
55.16362355211526 14.0
55.18021625074249 15.0
55.227698121194365 16.0
55.24102737242011 17.0
55.247501564169674 16.0
55.28422851271334 17.0
55.40091906753745 18.0
55.437528438460426 17.0
55.457814777007805 16.0
55.473329994973696 17.0
55.52205004704331 18.0
55.52698112206338 17.0
55.53362210167708 18.0
55.630332237135356 19.0
55.73151542279645 20.0
55.83057115823969 19.0
55.85331305349362 18.0
55.859446061106496 19.0
55.92921873664747 18.0
55.96724166051691 17.0
56.03772906867693 18.0
56.04450962244672 19.0
56.1352694613072 18.0
56.135865168732046 17.0
56.13815773592657 18.0
56.18886251269928 17.0
56.195783013479534 18.0
56.23767445270434 17.0
56.251550812764734 18.0
56.33262833050187 19.0
56.33749562026599 18.0
56.36601332812979 17.0
56.44140609091659 18.0
56.45080531589124 19.0
56.450892249389696 20.0
56.457664563109866 21.0
56.5412433431593 22.0
56.6060305797341 23.0
56.61551374831691 24.0
56.65530052590868 25.0
56.68096055219729 26.0
56.70948035977177 25.0
56.709616184003146 26.0
56.72165009933865 25.0
56.74757385474353 24.0
56.79309541532793 23.0
56.83979286155916 22.0
56.91887075775174 23.0
56.966670271165974 22.0
56.9669217254365 23.0
56.98115074090419 22.0
57.03097310037183 21.0
57.05509407571028 20.0
57.11833761765607 19.0
57.13395782172322 20.0
57.14498679188503 19.0
57.16444057906649 20.0
57.19155079851948 21.0
57.197573684128834 22.0
57.26054433090198 21.0
57.27982412884694 20.0
57.429965571106216 19.0
57.44068181926188 18.0
57.525863595439596 17.0
57.633805837787236 16.0
57.71969145531653 17.0
57.876619340021904 18.0
57.903834749112846 17.0
57.93432172200452 18.0
57.95369991058591 17.0
57.97005529357401 16.0
58.01243762715502 15.0
58.032093582377904 14.0
58.131853348361375 13.0
58.170051141652024 14.0
58.2094794031736 15.0
58.226529387585224 14.0
58.28268724517634 13.0
58.291217854663664 14.0
58.390894379647655 15.0
58.45377348614613 14.0
58.456914460073584 13.0
58.502501904683 14.0
58.55415938868666 13.0
58.56540842018156 14.0
58.57249361286039 15.0
58.57875126865865 16.0
58.62382081932758 15.0
58.63908987540592 14.0
58.659227119320605 15.0
58.86434896758236 16.0
58.87925553661419 15.0
58.945866028198076 14.0
58.98335883358 13.0
58.98867194505251 12.0
59.11221765983589 13.0
59.1737844751927 12.0
59.31030974438258 13.0
59.32367148008762 14.0
59.35988202516555 15.0
59.36708594009063 14.0
59.36832782123027 13.0
59.39204009269878 14.0
59.39704059833705 13.0
59.46169825677352 14.0
59.47313217029798 13.0
59.566249681339585 14.0
59.593218612852034 15.0
59.618768813322234 14.0
59.660948449700676 13.0
59.686176896878884 14.0
59.732648187870595 15.0
59.74122685296403 16.0
59.76064185596322 17.0
59.86397973975683 16.0
59.89869305150051 15.0
59.90626330493445 16.0
59.94929256660667 15.0
59.961314685399415 16.0
59.98120120481706 15.0
60.000055671909884 14.0
60.01574240680838 13.0
60.015989038859765 14.0
60.09130780270409 15.0
60.16772454118672 14.0
60.20926314224862 13.0
60.2093333160936 14.0
60.21737711235778 13.0
60.432232742681066 14.0
60.46512912137825 15.0
60.55421887333642 16.0
60.590620066904165 15.0
60.59472413970198 14.0
60.60263211863351 15.0
60.618047275956584 14.0
60.648632417788725 15.0
60.722835772979394 16.0
60.72804640076307 15.0
60.77036287934466 14.0
60.78241948334355 15.0
60.88045822559203 16.0
60.91529307273761 15.0
61.00189530657136 14.0
61.01653668022696 15.0
61.01964451566491 14.0
61.084865836536544 15.0
61.108083682796604 16.0
61.11018601251346 17.0
61.11505422358633 16.0
61.2074352031015 17.0
61.21823714622377 18.0
61.22926481382379 17.0
61.34284294933316 16.0
61.347596867066535 15.0
61.4288552980011 16.0
61.467279196462414 15.0
61.48323581801046 16.0
61.515129867574956 17.0
61.52015140940292 18.0
61.52667588106828 19.0
61.63425421291994 18.0
61.785484333567624 17.0
61.795246556624186 16.0
61.803229804070895 17.0
61.937408714524004 16.0
61.96925131574694 15.0
61.98414234088709 14.0
61.988219109704765 13.0
62.141155545569305 14.0
62.15247195780452 13.0
62.16035674510245 14.0
62.184296964941666 15.0
62.218973298263265 16.0
62.25093967019102 17.0
62.31047132168336 18.0
62.365059441356735 19.0
62.37024027306259 20.0
62.39968590855144 19.0
62.41260587314228 20.0
62.41370973659569 19.0
62.4657108962357 18.0
62.597108913791715 19.0
62.60967596966058 18.0
62.627362278419916 17.0
62.635611165296496 18.0
62.639481236208816 17.0
62.64088927455424 18.0
62.64683095009679 19.0
62.701644527216516 20.0
62.707059489385976 21.0
62.71035818124461 20.0
62.720158822600844 19.0
62.73930340587301 18.0
62.7412918937417 19.0
62.75654367103439 20.0
62.75872779075672 21.0
62.83593114416336 20.0
62.83639232624114 19.0
62.86617172901855 18.0
62.99349254528946 19.0
62.994646743827666 18.0
63.011051357223366 17.0
63.02642628102446 18.0
63.09277991206137 17.0
63.24363759739763 18.0
63.25564268459893 17.0
63.256153813973796 18.0
63.30571851746441 19.0
63.39360677700309 18.0
63.39500318479721 17.0
63.40114291080473 18.0
63.42082454789851 17.0
63.42262795796561 16.0
63.431365731811205 15.0
63.45489713600236 16.0
63.460801891374615 17.0
63.48730364097212 18.0
63.580488814473526 17.0
63.60093338185097 18.0
63.63371353947902 19.0
63.66349610025726 18.0
63.66453123782799 17.0
63.71640296043392 18.0
63.727710412058684 19.0
63.75623181928985 18.0
63.762316594772926 19.0
63.76792393539861 18.0
63.80775677381715 19.0
63.843167887247304 18.0
63.872738041556325 19.0
63.87870520770508 20.0
63.8907334464278 21.0
63.91856099036693 20.0
63.9601365516273 21.0
63.96097058527343 22.0
64.0047412939149 21.0
64.03741216457892 22.0
64.06837125185291 21.0
64.09678010261823 22.0
64.10466815157943 21.0
64.19875927865672 22.0
64.20484387533206 21.0
64.23078515003559 22.0
64.34855446770959 21.0
64.41129082111786 22.0
64.41443970087532 23.0
64.56610297159756 24.0
64.58340702316326 25.0
64.61208569611144 24.0
64.61773827001761 25.0
64.62682934845047 26.0
64.62731348807733 25.0
64.63316774225629 26.0
64.65716329058657 27.0
64.70805553885164 28.0
64.7177043148491 29.0
64.7204633919688 30.0
64.76667643671463 31.0
64.78343560734528 30.0
64.79159922554805 31.0
64.86198151484692 32.0
64.86385798925183 33.0
64.8710905655275 32.0
64.92751844239831 31.0
64.93116495972396 32.0
64.9764483337052 31.0
65.03647658701671 30.0
65.10052443976863 31.0
65.10114910836438 30.0
65.11884796042544 29.0
65.1391963127194 28.0
65.25895657153123 27.0
65.30578525630457 26.0
65.32623026947596 25.0
65.33124136123324 24.0
65.34460649037175 23.0
65.38208652904606 24.0
65.4017780780192 23.0
65.50233293225723 22.0
65.52725886080482 21.0
65.53983510519919 20.0
65.60230955977066 21.0
65.61944458723981 22.0
65.62881297592712 21.0
65.63015265232127 20.0
65.64139729834511 21.0
65.65236884155506 20.0
65.7170192542086 21.0
65.72420860864122 22.0
65.72470397983184 21.0
65.72771824299929 22.0
65.76037885783859 21.0
65.76311809268266 22.0
65.81177486084833 23.0
65.81656153754582 22.0
65.83243724875868 21.0
65.92136665822268 20.0
65.9826317817574 21.0
66.03883144218737 22.0
66.03955251163023 21.0
66.04484636526041 20.0
66.05184226973189 21.0
66.06218815271137 22.0
66.086263602012 23.0
66.09826230843915 22.0
66.1175243231844 23.0
66.15104434023159 22.0
66.16591653749825 21.0
66.18788816347923 20.0
66.2156552192207 21.0
66.21774441046908 22.0
66.27989490806833 21.0
66.29090923107555 20.0
66.30387358349465 21.0
66.31456753859287 22.0
66.32570344378684 23.0
66.32989414686976 22.0
66.37818617589153 21.0
66.39200803862121 22.0
66.40274463039667 23.0
66.40918179818988 22.0
66.42404532454584 21.0
66.43738895712038 20.0
66.50134466632944 21.0
66.57591245441698 20.0
66.67141398522519 21.0
66.72289185012437 20.0
66.76346132611624 19.0
66.79415114251411 18.0
66.87466915520385 19.0
66.88050285644827 20.0
66.91012628299252 19.0
66.91303143535187 18.0
66.9443094276824 19.0
66.97257069131413 18.0
67.01010677135652 19.0
67.07740654837147 20.0
67.09061884939574 21.0
67.10190579875963 22.0
67.12150040788029 21.0
67.22940435139166 20.0
67.25929603973445 21.0
67.27553021012808 22.0
67.29148782205598 21.0
67.34510182639933 20.0
67.3957429917084 19.0
67.42149226029733 18.0
67.44787017955449 19.0
67.50775920757644 18.0
67.51164348947631 17.0
67.51623138709873 18.0
67.56698360563044 17.0
67.57627831134955 18.0
67.59804588054854 17.0
67.6587203828497 18.0
67.66484462975924 19.0
67.67834142702704 18.0
67.73995858077846 17.0
67.7724717355114 18.0
67.7736321402975 17.0
67.7737276960177 18.0
67.77601739444589 17.0
67.80275060476667 16.0
67.82211680614527 17.0
67.89141351109775 16.0
67.90513137890012 17.0
67.90764884183396 16.0
67.91011503463622 15.0
67.92411860399876 16.0
67.96114665380387 17.0
67.9973310787172 18.0
68.0035317866149 19.0
68.03129868467866 18.0
68.03751463298407 17.0
68.07892085338098 16.0
68.10033798779784 15.0
68.10037957130758 16.0
68.17648564689205 15.0
68.19407056239531 14.0
68.22120300310026 15.0
68.22827993015873 16.0
68.25569424524724 15.0
68.32986460089813 14.0
68.34218205076681 13.0
68.38453086297363 12.0
68.40957112030138 11.0
68.45523376657373 12.0
68.53246746034485 11.0
68.57597482912186 12.0
68.61497003621837 11.0
68.6534375869692 12.0
68.69484522891622 13.0
68.7089928350914 14.0
68.71886019595676 15.0
68.72912946886278 16.0
68.73845015677746 15.0
68.79467945857506 16.0
68.81884081240841 15.0
68.86322657924893 16.0
68.95752707058449 17.0
68.9726030239383 18.0
68.97383438088497 19.0
68.97490009389368 18.0
68.97590228717092 19.0
69.03947078973833 20.0
69.04818502497515 21.0
69.0731474162542 22.0
69.09021679786535 21.0
69.09259379505994 20.0
69.12062878196777 19.0
69.1730440487707 18.0
69.2134445680244 19.0
69.21386187428469 18.0
69.22805479803844 19.0
69.2404326197257 20.0
69.25250986747959 19.0
69.2656128645641 20.0
69.26973895152845 19.0
69.3857276421853 20.0
69.39123044454942 21.0
69.3916665586356 20.0
69.40245061974079 19.0
69.53293555028229 20.0
69.61453754920947 19.0
69.63997554342816 18.0
69.74465337535668 19.0
69.76311384643436 18.0
69.78488754541236 17.0
69.81289155316475 16.0
69.83919966874176 17.0
69.90806674718894 18.0
69.95346001513043 19.0
69.9709046415655 18.0
70.01746768537407 17.0
70.0465876232511 16.0
70.05166156567138 17.0
70.07341244248903 16.0
70.10220888228525 17.0
70.11593207650782 16.0
70.12159928892441 15.0
70.13925509845933 16.0
70.1624302432029 17.0
70.18386180915127 16.0
70.24195817243252 15.0
70.24644115091853 16.0
70.25447110115145 17.0
70.27864250089742 18.0
70.28489642389671 19.0
70.2916265866852 20.0
70.36574683089064 21.0
70.38254428264035 20.0
70.40178705361983 21.0
70.51324021441194 20.0
70.54397422755218 19.0
70.57707470832251 18.0
70.59043760397813 19.0
70.59577053088725 20.0
70.65356871115851 19.0
70.75383504646398 18.0
70.80254451383915 17.0
70.81353103568192 18.0
70.84968192949368 17.0
70.87016170830444 16.0
70.92420156043934 15.0
70.92669325271386 14.0
70.93958137220493 15.0
70.94949568523225 14.0
71.00228692258568 13.0
71.02466631706478 12.0
71.05220035245522 11.0
71.10382921505015 12.0
71.35057614152889 13.0
71.38993771094006 12.0
71.46670922782559 13.0
71.47380068526037 12.0
71.55175681125937 13.0
71.57063663354681 14.0
71.57376968243247 15.0
71.5822336947671 16.0
71.58512390995463 17.0
71.58843970000336 16.0
71.83988010135258 15.0
71.89779322319241 16.0
71.90477744544435 17.0
71.90956104378577 16.0
71.93138903774422 17.0
71.97755330699015 16.0
72.0215501883814 15.0
72.09180973054485 14.0
72.10245164731505 15.0
72.26400673361404 16.0
72.32738261281527 17.0
72.41241810209816 16.0
72.45614013606054 17.0
72.46221712497271 18.0
72.64549558263202 17.0
72.65377292054639 16.0
72.67118692405228 17.0
72.68694544602502 16.0
72.68987720845031 15.0
72.70430827169245 14.0
72.74418775403377 15.0
72.78968620120085 16.0
72.79745533005679 15.0
72.79957738206033 16.0
72.80441076930366 17.0
72.89865455409371 18.0
72.93992829692856 19.0
73.06377717758112 18.0
73.13264194742656 19.0
73.13660416046059 20.0
73.1712326734408 19.0
73.21364299672659 18.0
73.2194856189534 19.0
73.23184067170169 18.0
73.27934599243464 19.0
73.28772791717154 18.0
73.29960539371301 17.0
73.38767996512485 18.0
73.42590049124664 19.0
73.4351615125132 18.0
73.4457809419816 17.0
73.53182448780849 18.0
73.63159826812526 19.0
73.63684756983413 18.0
73.67639691631904 19.0
73.70942660990555 20.0
73.73554197852539 21.0
73.82624489989622 22.0
73.83243298752069 21.0
73.84714517180954 20.0
73.90633063611001 21.0
73.91313699117413 22.0
73.92671617388326 21.0
73.9472799969461 22.0
73.97430061558072 21.0
74.00217168009415 20.0
74.02248037629799 19.0
74.11437580525812 20.0
74.13197476945626 19.0
74.15599575706874 18.0
74.20713578893547 17.0
74.25731589091309 18.0
74.2668516122815 17.0
74.2855496754605 16.0
74.35059636320544 17.0
74.36441825145576 16.0
74.39486324716566 15.0
74.39610803437881 14.0
74.43495963886139 13.0
74.44709813074878 12.0
74.45112040164932 11.0
74.45884177082372 12.0
74.55349215706615 13.0
74.57326993908637 12.0
74.62074848767607 11.0
74.68601424423298 10.0
74.70257364309086 11.0
74.71612013015324 10.0
74.72361018598356 9.0
74.82529845348984 10.0
74.83464080658406 11.0
74.839199152412 12.0
74.90313249949777 13.0
75.01415265389144 14.0
75.03731322337963 15.0
75.11748821994341 16.0
75.12008682629269 15.0
75.16586801483511 14.0
75.18671565475971 13.0
75.30569090926521 14.0
75.32563047183486 13.0
75.3286340805634 12.0
75.34577557510906 13.0
75.40846706249019 14.0
75.41908096604028 13.0
75.51071093502608 14.0
75.51732162197894 13.0
75.58507980362366 14.0
75.5987527020212 13.0
75.70122929748017 14.0
75.77877463559592 15.0
75.80932118880271 14.0
75.82024578708874 13.0
75.9342829977007 12.0
75.93476832608378 11.0
75.98388252081662 12.0
76.00756615331713 11.0
76.04750222252952 10.0
76.04862316927976 11.0
76.05049332408976 12.0
76.0763253105948 13.0
76.1021798374697 12.0
76.2172363707769 13.0
76.2253598723555 14.0
76.27833097807458 15.0
76.30342014278138 14.0
76.48265207696328 15.0
76.51862732327714 16.0
76.6039361609463 15.0
76.61061331875311 14.0
76.67604226894 15.0
76.69247834295312 14.0
76.73510684049754 15.0
76.77902781448394 14.0
76.86788029379181 13.0
76.87473537773505 12.0
76.88159103786047 13.0
76.88278356469313 12.0
76.92518209042542 11.0
76.94310096219019 10.0
76.9522015798749 11.0
76.98734362981008 10.0
77.06892258169262 11.0
77.0802606053322 12.0
77.16952242567068 11.0
77.18711337072928 10.0
77.33907589821301 11.0
77.41349584453393 12.0
77.43152291668348 13.0
77.5286984337873 12.0
77.54398909578762 11.0
77.54792319061849 12.0
77.72119437466777 13.0
77.79636793937394 12.0
77.82551688453535 11.0
77.89918832527133 12.0
77.98206339826046 13.0
78.03449247477718 14.0
78.15538612325955 15.0
78.16327203184098 14.0
78.19738008634675 13.0
78.25769210308697 12.0
78.2661758877525 13.0
78.2796021542456 12.0
78.33304210498525 11.0
78.33482569296248 10.0
78.34775488706306 11.0
78.36614455610373 12.0
78.41068113940854 13.0
78.41767688699508 12.0
78.47775597544633 13.0
78.5062622538599 14.0
78.60386635312423 13.0
78.63308238239621 12.0
78.69091266106469 13.0
78.84237177547443 14.0
78.8584369660524 15.0
78.96658450292554 16.0
78.97505858865429 17.0
79.03007039179546 16.0
79.08598591386672 17.0
79.10538178897879 16.0
79.12921041977314 15.0
79.1316823226973 16.0
79.14094316074747 15.0
79.15037928414922 14.0
79.1621337096211 15.0
79.17076920454382 16.0
79.20407017611217 15.0
79.31204328745541 14.0
79.35221676768823 13.0
79.36086751075305 14.0
79.46612535541206 15.0
79.4952985998816 16.0
79.525351660777 17.0
79.60425361577904 18.0
79.60797442389892 19.0
79.6106003607941 20.0
79.62738701585918 19.0
79.63807799078083 18.0
79.69266798476836 17.0
79.6945054935693 16.0
79.70962035311065 17.0
79.73762696232492 16.0
79.82660658783466 17.0
79.92026287160535 16.0
79.9285953085071 15.0
79.94469030945038 16.0
80.00844414153842 15.0
80.17521430164203 14.0
80.24080886252844 13.0
80.25039703537611 14.0
80.30252857675652 15.0
80.31461100434818 14.0
80.3200947962591 13.0
80.33399324376643 14.0
80.51976718707225 13.0
80.60588671679679 12.0
80.63324377634318 11.0
80.6663626631334 12.0
80.66705378852342 13.0
80.72528772049833 14.0
80.75167253919653 15.0
80.77091871193129 14.0
80.81877984448865 13.0
80.90616407850632 14.0
80.9799731109827 15.0
80.99291914923054 14.0
80.99531594240952 13.0
81.05583413381692 12.0
81.16719379065796 11.0
81.20833018824551 10.0
81.21457905746361 11.0
81.23159707826478 10.0
81.28364455532383 11.0
81.28717704218631 10.0
81.31085884832495 9.0
81.31795551359784 10.0
81.35914987754225 9.0
81.37286489343508 8.0
81.39692494558487 7.0
81.5326175235446 8.0
81.55827630993775 7.0
81.57781912437278 6.0
81.58302343847662 7.0
81.63480079466999 6.0
81.65200848191219 7.0
81.77236322383646 8.0
81.79454003880852 9.0
81.82154808071314 8.0
81.82324071918582 7.0
81.83774715825132 6.0
81.92646031257566 5.0
81.95023410492637 4.0
82.02837446862864 5.0
82.14582972447523 6.0
82.15316213273013 7.0
82.30809630041003 8.0
82.57564857761041 9.0
82.5771953723265 10.0
82.58953160869575 11.0
82.62646189202552 10.0
82.63550715160459 9.0
82.6414337605439 10.0
82.6522246632943 11.0
82.67866601944091 10.0
82.68073246852555 11.0
82.68273477658713 12.0
82.88000187737119 11.0
82.92453568382255 12.0
82.94382613074004 13.0
82.95200802569444 14.0
82.98620823652858 15.0
83.00385435773977 14.0
83.06648077439436 15.0
83.09991901664637 14.0
83.16972463629982 15.0
83.21391515787136 14.0
83.25568985629272 13.0
83.2622196317198 12.0
83.27520957328609 13.0
83.27915549627346 14.0
83.2810616073661 15.0
83.29268944859987 16.0
83.3664937758852 15.0
83.42833832610525 14.0
83.44190402044323 15.0
83.46388989039123 16.0
83.51574354542744 17.0
83.54550791116282 16.0
83.55168398883195 15.0
83.68629097612829 14.0
83.70234777705757 13.0
83.72347421098326 14.0
83.74351943321169 13.0
83.76375808345378 14.0
83.76882019326983 13.0
83.87230578151791 14.0
83.87431907167057 13.0
83.91779416981825 12.0
83.91891598744161 13.0
83.92475614524157 14.0
83.96423482490927 15.0
83.96591936554071 16.0
84.01132068317115 17.0
84.01494841654865 18.0
84.02438330816224 19.0
84.07263298142321 20.0
84.1136010166498 19.0
84.12825881984766 18.0
84.13746975476931 19.0
84.14514248681354 20.0
84.21207540255178 19.0
84.2300281642906 18.0
84.2524917592878 17.0
84.30942111876853 16.0
84.33593142078081 17.0
84.38991804044397 18.0
84.44367007393755 17.0
84.45689068657266 16.0
84.5281906108472 17.0
84.54645965236023 18.0
84.57885555837788 17.0
84.6082240652095 16.0
84.65951560181338 15.0
84.77562279351194 16.0
84.82287879038698 15.0
84.84524846784636 14.0
84.85467993767882 15.0
84.87756134712409 16.0
84.91879112071038 15.0
84.91983545463981 14.0
84.9534238328644 15.0
85.02273378016591 16.0
85.02741503496722 17.0
85.05887591390587 16.0
85.05976401577661 17.0
85.08489319144388 16.0
85.11458751414496 15.0
85.13507949638668 16.0
85.13801847911783 17.0
85.1409434268446 18.0
85.15181090350865 19.0
85.19014477943158 18.0
85.21924705157306 17.0
85.31949166776336 18.0
85.41778374755931 19.0
85.41832606184488 20.0
85.50321118008482 19.0
85.51331449324472 18.0
85.57790107018228 19.0
85.61754996630081 20.0
85.63091773373765 19.0
85.64168307567522 20.0
85.65380465571806 19.0
85.77170324557207 18.0
85.77754222965993 19.0
85.80307234009342 20.0
85.82944911058576 19.0
85.84991496690773 18.0
85.90245885814566 17.0
85.90407225587005 18.0
85.94665222463959 17.0
85.98306522741994 18.0
85.98354027076626 19.0
86.01107999808968 20.0
86.02767132266584 21.0
86.04794554735423 20.0
86.13127788020785 21.0
86.161760203244 20.0
86.19421957487592 21.0
86.34342324100461 22.0
86.36441106208704 21.0
86.39990394112662 22.0
86.43927645245435 23.0
86.46874752387173 22.0
86.49471133630689 23.0
86.49696398224073 22.0
86.50212377539826 21.0
86.54373262509463 22.0
86.54501663870322 21.0
86.55432541269761 20.0
86.57457625777141 21.0
86.6198277068534 20.0
86.6261275520506 19.0
86.63257467262319 20.0
86.66432852784693 21.0
86.67394164307606 20.0
86.68518212029456 19.0
86.71693930448242 20.0
86.73735655725976 19.0
86.74658985044869 18.0
86.79200260234838 17.0
86.80222139336522 18.0
86.82985901762166 19.0
86.83925671248588 18.0
86.86333791097302 17.0
86.94300912993982 18.0
87.04633223850152 17.0
87.0623112713144 18.0
87.14446535288882 19.0
87.15001843516055 18.0
87.23694308361385 17.0
87.27763420328782 18.0
87.28621362491668 19.0
87.30475001463867 18.0
87.37234433833547 19.0
87.40139325824451 18.0
87.41512708673208 17.0
87.42541891182826 18.0
87.46851589162098 19.0
87.52679875619377 20.0
87.56942109701222 19.0
87.57572963633623 18.0
87.61154910382642 17.0
87.65796104123123 18.0
87.66670175234015 19.0
87.68728659335484 20.0
87.76070081088201 19.0
87.78441167578323 18.0
87.80931276239752 19.0
87.85358664399958 20.0
87.90047098140448 19.0
87.91207539797456 18.0
87.91854337109486 19.0
87.93031300768587 18.0
87.97168355859739 19.0
87.99161082842464 20.0
88.06393612852993 21.0
88.07916687323343 20.0
88.10841863779363 21.0
88.11701902986968 22.0
88.12123993627883 23.0
88.19691652860826 24.0
88.20994906475204 25.0
88.3166115295404 26.0
88.32200718367118 25.0
88.3388963431292 24.0
88.34403217453766 23.0
88.47135157692011 22.0
88.49401460405994 21.0
88.50229738484425 22.0
88.54818964320204 21.0
88.56149237268956 22.0
88.56737563974725 23.0
88.67417629113746 22.0
88.68189079964998 23.0
88.6931802931155 22.0
88.75119471785641 23.0
88.75266538326927 24.0
88.75923110152674 25.0
88.75965107621553 24.0
88.78608473839505 23.0
88.83318666346992 22.0
88.83792559063043 23.0
88.94216259805144 22.0
88.9477656250118 23.0
88.95497152295466 22.0
88.98368123163328 21.0
88.9924647675101 22.0
89.00011094300365 21.0
89.0302820790818 22.0
89.03898326398316 23.0
89.05446538922753 24.0
89.05545496286568 23.0
89.0967840103711 22.0
89.14418463685861 23.0
89.16803802949318 22.0
89.17884779193022 21.0
89.21070231180337 22.0
89.25179693498606 23.0
89.25732927941277 24.0
89.2799685659756 23.0
89.28480729443176 24.0
89.31961808681906 25.0
89.35595670271192 26.0
89.39326936465604 25.0
89.40178190402774 26.0
89.41474939110341 27.0
89.43752966173595 26.0
89.46150691168224 27.0
89.48566605244466 26.0
89.57234959022973 25.0
89.59127952164887 26.0
89.59621172269601 27.0
89.59883626427828 26.0
89.61287967805438 27.0
89.64076985723307 26.0
89.65189611258377 25.0
89.77860175823811 26.0
89.78247639508251 27.0
89.86635584931837 28.0
89.88407990172534 27.0
89.9077475570118 28.0
89.92986157198807 27.0
89.96799626750351 26.0
89.96956222009744 25.0
90.01428863832555 26.0
90.06863592159434 27.0
90.09187436121711 26.0
90.10822658122459 25.0
90.10923327639694 26.0
90.1123450418468 27.0
90.13425417152388 28.0
90.1347086942397 27.0
90.16876747717853 26.0
90.19273673298103 27.0
90.22668715317707 26.0
90.23733205210404 27.0
90.25392124285948 26.0
90.26038073266403 27.0
90.26055864902635 26.0
90.28606304029375 25.0
90.29884268933507 24.0
90.32108522224361 23.0
90.40630917705239 24.0
90.4298546397 25.0
90.45566583006215 24.0
90.50882600777648 25.0
90.53618748321814 26.0
90.54916913818043 25.0
90.5955312947769 26.0
90.60660188122651 25.0
90.6205256882439 26.0
90.71594628681217 25.0
90.7266681436223 24.0
90.7374172195279 25.0
90.77088443494732 24.0
90.77947355382916 23.0
90.79993475378126 24.0
90.81176051340323 23.0
90.84315260924252 24.0
90.88377992935398 25.0
90.93350443562711 24.0
90.98108886605024 23.0
91.0073898424331 24.0
91.06557030631048 23.0
91.06903503178778 22.0
91.15961277500699 23.0
91.19311398129449 22.0
91.2036835004863 21.0
91.26329976560997 20.0
91.29848193815671 19.0
91.30806917707271 18.0
91.33821720080147 17.0
91.40469865317839 16.0
91.48144694990482 17.0
91.49244890201109 16.0
91.50275504200901 15.0
91.57011755905461 14.0
91.58170454791829 13.0
91.6298742315454 12.0
91.73669754430897 11.0
91.82593831033641 10.0
91.97175223385801 11.0
91.97410816403483 12.0
91.9967813095388 11.0
92.04358437822732 12.0
92.07499011989506 13.0
92.10849767480416 14.0
92.18315204094735 15.0
92.30152248808537 16.0
92.30526462438839 17.0
92.31672672348331 18.0
92.34724875634912 19.0
92.3634808773222 20.0
92.46390791759313 21.0
92.47837653732714 22.0
92.4957572662131 23.0
92.54797303759906 24.0
92.58997858575019 23.0
92.67301530608377 22.0
92.67569297488879 23.0
92.6777187736183 22.0
92.79826097848289 21.0
92.8292257738947 20.0
92.85632748688153 21.0
92.89896648092133 20.0
92.92275577936451 21.0
92.92763840823943 20.0
93.03330536537727 19.0
93.06995295887906 18.0
93.10326598471798 19.0
93.11830797261025 18.0
93.13353829605873 19.0
93.14950813387814 18.0
93.17763362023666 17.0
93.20419901686694 18.0
93.23131936440143 19.0
93.2501030990865 18.0
93.25394273482632 19.0
93.2557560583796 18.0
93.26761193802746 17.0
93.2729172681785 18.0
93.31749548231079 17.0
93.38836501835856 18.0
93.39391086208249 17.0
93.4562365017028 18.0
93.46495250840601 17.0
93.48376490804915 18.0
93.51173998585153 19.0
93.61323575554675 20.0
93.63120930369216 19.0
93.66655515849523 20.0
93.71713534038453 21.0
93.80472255974158 20.0
93.82297206980296 19.0
93.8459155940515 20.0
93.8463891797974 19.0
93.89631955131192 20.0
93.92739560340215 21.0
93.93139768530612 22.0
93.9715251196777 21.0
94.00461361718466 22.0
94.0155809433542 21.0
94.02636891607139 22.0
94.11905658551288 21.0
94.14753573562703 22.0
94.17025767388871 21.0
94.17778675348843 20.0
94.18577962135225 21.0
94.23333034847785 20.0
94.29159031378504 21.0
94.31309249170965 20.0
94.32639324621034 19.0
94.36751835680992 20.0
94.49739098171773 21.0
94.55349326536499 22.0
94.69025955806595 21.0
94.75463146646314 22.0
94.76010849699068 23.0
94.76115540225128 24.0
94.76678674829412 23.0
94.76871356508167 22.0
94.77164527995245 21.0
94.77523173268172 20.0
94.82607534221322 19.0
94.86380901511752 20.0
94.9381386479286 19.0
94.97242022427086 18.0
94.9734460600435 17.0
94.99192851933678 16.0
94.99908206400964 15.0
95.1090794686316 16.0
95.19736569529663 17.0
95.24055629723968 18.0
95.24354859540499 19.0
95.24897851390527 18.0
95.31671562351674 19.0
95.35813590628416 18.0
95.35891767979231 19.0
95.39396605376062 18.0
95.42971380862458 19.0
95.43591724478526 18.0
95.47987479880321 17.0
95.52624989635842 18.0
95.53012258265744 17.0
95.55022182809918 16.0
95.57876543867746 17.0
95.62237778828819 16.0
95.6624802354733 15.0
95.74995045183789 16.0
95.85349035448768 17.0
95.86312623806431 16.0
95.90057491968918 15.0
95.96852680800333 16.0
96.03167774847135 17.0
96.082450770908 16.0
96.11031296910056 15.0
96.11982128662588 16.0
96.1548916665667 17.0
96.16043469151666 18.0
96.20008723392765 17.0
96.23523019471206 18.0
96.25430098224673 17.0
96.29664467178425 16.0
96.38200818433684 15.0
96.39417771230427 16.0
96.45174650218111 15.0
96.47999721969545 14.0
96.55478180546116 13.0
96.69336391770149 12.0
96.75632110947338 11.0
96.82859352789163 12.0
96.9621621135819 13.0
96.9718670800859 14.0
96.99440611187761 15.0
97.00360653696184 16.0
97.03775524472051 15.0
97.05204508855881 16.0
97.12405324827031 15.0
97.15517482054973 16.0
97.19533148195316 15.0
97.217146216459 16.0
97.22245199339551 17.0
97.23003761092818 18.0
97.3450156150116 17.0
97.38223199910459 18.0
97.41425670945507 17.0
97.4441459572512 16.0
97.44889335912829 17.0
97.45637643358681 16.0
97.52285571407238 15.0
97.55325033140905 16.0
97.62305493773074 15.0
97.62991009827857 14.0
97.650280189924 15.0
97.70949818075357 16.0
97.73330444778821 17.0
97.73937632236542 16.0
97.81094256916863 17.0
97.81752220201476 16.0
97.87424038831125 17.0
97.89768276290887 18.0
97.94110824013728 17.0
97.95097862761523 18.0
97.98231304005292 17.0
98.07754953364032 18.0
98.07787684885996 19.0
98.14689835917211 18.0
98.17123557432447 19.0
98.21139558093888 20.0
98.23224324154403 19.0
98.31508456080725 20.0
98.35762353421802 19.0
98.36179445250922 20.0
98.37000250795238 21.0
98.3754081767776 20.0
98.42562866655248 21.0
98.44129536065277 20.0
98.48521654458554 19.0
98.48658906901272 20.0
98.55498864124453 19.0
98.558556432132 18.0
98.5744559861662 17.0
98.58908477763843 16.0
98.63989219384119 17.0
98.68175247667376 18.0
98.68303428801997 17.0
98.70112520259586 18.0
98.76243966639392 19.0
98.86289050103866 18.0
98.86481726035707 17.0
98.94625563949144 18.0
98.95969687782228 17.0
99.0075953281314 18.0
99.01741329072239 19.0
99.08718355087751 20.0