0.0 35.0
0.0017107671000771523 34.0
0.021289214933268207 33.0
0.027796148081476832 32.0
0.047151193629161176 31.0
0.06251709036023184 31.0
0.1438319160998182 31.0
0.2858902641127327 31.0
0.2938188686719987 30.0
0.30424918105179993 29.0
0.33671812692786285 29.0
0.3387605350446492 28.0
0.3647436470240346 27.0
0.3849863569367895 27.0
0.4134897803920439 27.0
0.42513345670207575 26.0
0.43773091967794064 26.0
0.4704619511964659 26.0
0.5084411026448368 26.0
0.5662476504529079 25.0
0.6043028119196214 24.0
0.6451328136843753 24.0
0.6461090687113004 24.0
0.6701298797888748 23.0
0.6778347565926849 23.0
0.7023394835049547 22.0
0.7177948038611077 22.0
0.7593598803000309 22.0
0.773665064387347 21.0
0.8104550858465893 21.0
0.8253492591308518 21.0
0.8261067778304082 21.0
0.8311135613010419 21.0
0.8451367088292704 20.0
0.8718416064923817 20.0
0.8844151888712288 21.0
0.8855937055447545 21.0
0.9168746025479034 21.0
0.970196479117605 22.0
1.0087537078589284 21.0
1.0156254457790792 22.0
1.0445783971849598 22.0
1.051851249078188 22.0
1.0711256602955472 22.0
1.084694482685243 23.0
1.0898286302351625 24.0
1.1026708522192623 23.0
1.1697569227041773 22.0
1.2275930948094957 22.0
1.2330820120989827 21.0
1.2744370080178695 22.0
1.2864439608911704 22.0
1.3015173771612734 21.0
1.457201673669666 22.0
1.5568814375593485 22.0
1.582029186992083 21.0
1.6062210742073901 22.0
1.6679011007773514 22.0
1.77054085699635 22.0
1.773395916044128 21.0
1.8059466667087298 21.0
1.864595118162239 22.0
1.8670410500129417 22.0
1.8900111463065636 23.0
1.944015347843825 23.0
1.9677475803749325 24.0
1.9722549855171017 24.0
2.0332645020294233 23.0
2.045466593611225 23.0
2.066134687649891 23.0
2.123349911090735 24.0
2.1417396324298323 23.0
2.1583179489547297 23.0
2.169230657723729 22.0
2.1958194893893106 21.0
2.2121890222180682 21.0
2.231753655060389 21.0
2.2521604951329732 20.0
2.327319475550865 20.0
2.329465357203172 21.0
2.395522894883319 21.0
2.5909696610448067 21.0
2.6311638697855946 22.0
2.688663823398103 22.0
2.694402741232133 22.0
2.714635943378981 22.0
2.779966516018276 23.0
2.817928295432447 23.0
2.8266107048631155 23.0
2.8370793264085843 23.0
2.848211169889474 23.0
2.8558927668250567 23.0
2.9043295242167715 24.0
2.913272803456723 23.0
2.929307261705655 23.0
2.9324461860708415 23.0
2.9383856841204246 23.0
3.006101056600822 23.0
3.0130568706583287 23.0
3.021150326818925 24.0
3.028621818872141 24.0
3.0292780458520223 25.0
3.0308636828980444 25.0
3.0324757882811864 25.0
3.0364206277916823 24.0
3.0397649052745574 24.0
3.060101856285006 24.0
3.092898839245207 23.0
3.09372078710505 23.0
3.1203848390435844 23.0
3.1356933027536584 23.0
3.167047945710031 23.0
3.167075615670279 22.0
3.19798454860942 23.0
3.2006530097582537 23.0
3.2013759175010272 23.0
3.2371822545192215 24.0
3.2374607283861616 25.0
3.253881155974718 25.0
3.283470986653754 25.0
3.3409553162726575 24.0
3.3441292328854484 24.0
3.3589230636578233 25.0
3.4002878587638756 25.0
3.4035849852492177 25.0
3.433853760536901 25.0
3.4868838227169965 25.0
3.5184355028645893 24.0
3.523788235460774 25.0
3.529251869756786 24.0
3.5986577902258743 24.0
3.6990960876668932 24.0
3.7144112465782584 23.0
3.7175623979649797 23.0
3.7400326628653637 22.0
3.746246891372231 21.0
3.810325149752367 21.0
3.859495365395528 21.0
3.8829403674320764 20.0
3.8984485339117696 20.0
3.933506610768102 20.0
3.950889272805914 21.0
3.968710411063034 20.0
3.9755184266805825 20.0
3.986669894960474 20.0
3.9960375057233244 19.0
3.9968838949067518 19.0
4.000214656713174 19.0
4.001440398682767 19.0
4.008415280412397 19.0
4.01520980528843 20.0
4.032937153433576 19.0
4.074592773970667 20.0
4.108499874271655 21.0
4.239609389587185 22.0
4.250198353412438 21.0
4.314470284031834 21.0
4.371265590920693 22.0
4.375837258706467 22.0
4.401414664760149 22.0
4.4479094628024844 22.0
4.507612739456483 23.0
4.510833606082113 22.0
4.58790131441713 23.0
4.601630046608276 24.0
4.652784559236275 23.0
4.665674238179894 23.0
4.705640800981354 23.0
4.7284204224303465 23.0
4.75207613076493 23.0
4.755190574410574 23.0
4.774826762378885 24.0
4.807373968069838 24.0
4.816482937113732 24.0
4.81716008686898 24.0
4.822112287966927 23.0
4.837618677710337 24.0
4.886174476228391 23.0
4.904856671880252 22.0
4.91925089195407 22.0
4.927735507477707 22.0
4.931645402125734 22.0
4.954605119839078 23.0
4.956815634567082 23.0
5.0243746721846785 22.0
5.110870657892335 22.0
5.126033944885676 22.0
5.1675205473557435 22.0
5.178560062514665 22.0
5.180474574836623 22.0
5.192285817041811 23.0
5.2357941080281565 23.0
5.296185153672069 23.0
5.3180716317976255 23.0
5.324604758452901 22.0
5.353411150024785 22.0
5.356422928260106 22.0
5.392482738235188 22.0
5.397415595215459 21.0
5.397692219953782 20.0
5.463829586238782 20.0
5.465047927081949 20.0
5.553369363340843 20.0
5.589848770487112 21.0
5.5999088422509535 21.0
5.641621080249349 21.0
5.644871756409223 20.0
5.651502328796909 20.0
5.652063584104413 20.0
5.667945750614241 20.0
5.716741114378145 20.0
5.733522680566176 19.0
5.747723119180045 19.0
5.75828873274624 18.0
5.771925832506588 18.0
5.7880209672863785 19.0
5.8151171411142215 19.0
5.8327921031975 19.0
5.849236770168871 19.0
5.878948678342412 20.0
5.8828347327172255 20.0
5.8848677418515996 20.0
5.900547394259276 19.0
5.901642261909263 18.0
5.9406955194591875 18.0
6.055998236969319 19.0
6.145273898068534 18.0
6.165094744789853 18.0
6.2130387315197435 19.0
6.303406408559677 19.0
6.303568786510932 19.0
6.369019897367659 20.0
6.387422820984344 20.0
6.432765142716919 21.0
6.439841174766822 21.0
6.443218238703642 21.0
6.50067148382728 20.0
6.516687313535822 20.0
6.544707764655351 19.0
6.568108906481741 18.0
6.61076111771524 18.0
6.64254527644507 17.0
6.669386069911434 17.0
6.681510409872344 17.0
6.685507332821001 17.0
6.691041567664994 16.0
6.75402735093842 16.0
6.803826987121178 16.0
6.816468647127473 17.0
6.867534982399841 17.0
6.963117045750307 18.0
6.974005755192903 18.0
6.989114875714003 17.0
7.016156890806291 17.0
7.020957407857209 17.0
7.030749886721792 17.0
7.033240742188575 17.0
7.059262711410873 17.0
7.065980292048369 17.0
7.069532945980993 17.0
7.123435234204523 17.0
7.161933733087694 16.0
7.168131023661401 15.0
7.181577162662856 16.0
7.195099570322303 15.0
7.218781313694557 15.0
7.220741723115361 15.0
7.2273341630682575 15.0
7.24633459017363 15.0
7.293555139770172 15.0
7.298085881173022 16.0
7.305449328450367 16.0
7.308632244675078 16.0
7.362208395514353 15.0
7.378154695719139 15.0
7.378769839228465 15.0
7.406430060704489 16.0
7.415345323521726 15.0
7.429816914625577 16.0
7.434509983097893 17.0
7.455921092087156 18.0
7.540883736871466 18.0
7.594108341328329 17.0
7.604259152298663 17.0
7.620401074646189 17.0
7.648205018908578 17.0
7.6990843276891745 17.0
7.773656334045641 17.0
7.809325772553101 17.0
7.838860505735452 17.0
7.87430154267416 17.0
7.897880642794334 17.0
7.911038854475514 18.0
7.932546597288073 18.0
7.932695900840104 17.0
7.959753292859961 17.0
8.110970392126456 17.0
8.128557907337777 17.0
8.147281986171079 16.0
8.15862541422073 16.0
8.199581519468987 15.0
8.242624820702968 16.0
8.272438907738039 16.0
8.28186775541593 17.0
8.355521092289283 17.0
8.363353929674215 17.0
8.3915946334249 16.0
8.412440514378094 16.0
8.420108580332354 16.0
8.442404112016947 17.0
8.445094671885613 17.0
8.452013429620923 17.0
8.459933347852512 17.0
8.469315385951933 16.0
8.501347304738866 17.0
8.524154795959953 16.0
8.5379551845531 16.0
8.558890675820653 17.0
8.561472508176266 17.0
8.56288133997452 17.0
8.57552747697344 17.0
8.596792518445021 17.0
8.657313330754093 18.0
8.687906906620352 19.0
8.6932747559967 19.0
8.705260199096633 19.0
8.724341481144604 20.0
8.736427698290552 19.0
8.789531479104875 19.0
8.801939232069822 18.0
8.804446675485247 18.0
8.865335524885072 18.0
8.895663787375534 19.0
8.949803382015162 19.0
8.961627355463053 19.0
8.966599744231974 19.0
8.983577937890372 18.0
8.99964735880704 18.0
9.00395840365518 18.0
9.012396258040225 19.0
9.026280203254919 18.0
9.054935603118084 17.0
9.10564354753787 17.0
9.248256021891814 17.0
9.251209085910189 17.0
9.255401462398865 17.0
9.277122708604365 17.0
9.315269405728593 18.0
9.320320384573765 17.0
9.33854668214484 17.0
9.368907672075984 17.0
9.408791330750363 17.0
9.424594341280521 17.0
9.426386572406777 17.0
9.452047844803674 17.0
9.461176576974081 17.0
9.479177308263896 17.0
9.480137160611504 17.0
9.488478111913793 17.0
9.49255079966957 17.0
9.50363239475311 18.0
9.50639539884247 18.0
9.569983323944234 18.0
9.597970147159083 18.0
9.605175795255255 18.0
9.622191860317765 17.0
9.638765411752788 16.0
9.724765464868991 15.0
9.844455285475744 15.0
9.868387423792488 16.0
9.87619374579865 16.0
9.888929717397158 16.0
9.898526861804806 16.0
9.904242260132204 17.0
9.974683385580262 18.0
10.04828317977154 18.0
10.15104091994661 18.0
10.24969358031028 19.0
10.29670980793902 20.0
10.317579516099274 19.0
10.32316038346167 19.0
10.357462094115165 19.0
10.36235057487331 20.0
10.37754536416317 20.0
10.421780425655214 19.0
10.464283221900681 19.0
10.553912013605677 19.0
10.578162404152067 19.0
10.607650852252641 19.0
10.630498109934464 18.0
10.637896886607152 17.0
10.664865054905519 16.0
10.683273744884321 17.0
10.72840649160887 17.0
10.73158270834331 17.0
10.819077406785928 18.0
10.83398773415591 19.0
10.83915955671452 19.0
10.913585589242253 19.0
10.942724428719497 19.0
10.97454076722635 19.0
11.00151608678531 20.0
11.012118888246395 20.0
11.071639966930329 20.0
11.106064729419854 20.0
11.107359032408684 20.0
11.16362145502707 20.0
11.1695161379842 20.0
11.21474900620888 20.0
11.24390756621739 19.0
11.341120891216095 18.0
11.396005952691295 17.0
11.399327571242726 18.0
11.440141673641845 19.0
11.504372520893707 20.0
11.618513100461286 19.0
11.643792131252996 19.0
11.649696401024615 19.0
11.65285189388252 19.0
11.664854674592675 19.0
11.6674277888293 19.0
11.676552478210803 19.0
11.69515677883459 19.0
11.743799229797164 19.0
11.790220550858718 19.0
11.794419842366242 18.0
11.856235422237978 18.0
11.86159122104547 18.0
11.910636887386977 17.0
11.912536014704257 17.0
11.92512839495985 18.0
11.942037283238106 18.0
11.953162597839487 17.0
11.98760147922559 17.0
12.0200175721509 17.0
12.023791020269755 17.0
12.070799985791616 16.0
12.100804755446426 16.0
12.10746042387703 17.0
12.225113587232542 17.0
12.236810129059396 17.0
12.273718573722006 16.0
12.284734549445135 16.0
12.292008889250287 16.0
12.32627213705523 17.0
12.37158831293255 18.0
12.398639138919677 17.0
12.406218871685152 18.0
12.505870335794828 18.0
12.507776687897627 18.0
12.598093267334038 18.0
12.60494739283243 18.0
12.671477492063248 18.0
12.678048919247658 17.0
12.754046576281576 16.0
12.770491639531643 15.0
12.771325398656002 15.0
12.800382987152947 15.0
12.804194529140462 16.0
12.848141896689249 16.0
12.868943694561523 16.0
12.955794761949313 16.0
12.982573603636686 15.0
12.983452374728893 14.0
12.987789112336584 13.0
12.999485130052706 13.0
13.010521909033738 14.0
13.080208565485224 13.0
13.140756836941332 14.0
13.147241139213778 14.0
13.15573744441741 14.0
13.2057213757785 13.0
13.297447138040921 13.0
13.3356045021304 13.0
13.381573481788434 13.0
13.475619696714494 13.0
13.49586038234669 13.0
13.548229455181758 13.0
13.557558535086663 14.0
13.559420811775398 14.0
13.628598414291176 14.0
13.668177097964316 14.0
13.668825374536596 14.0
13.668908633848709 14.0
13.710792849532764 15.0
13.723921266291024 15.0
13.731389761693425 15.0
13.734628778063687 15.0
13.799780093696878 15.0
13.869128100351148 15.0
13.87802446542188 15.0
13.92127082939802 16.0
13.964637311554199 16.0
13.995903196108687 16.0
14.028578784063553 15.0
14.084445620124026 16.0
14.106891914379116 16.0
14.14140377993314 16.0
14.17405129701781 15.0
14.226843590091523 14.0
14.230334818819035 13.0
14.231240364135932 13.0
14.29388502883318 14.0
14.337014161047803 15.0
14.354425554307634 15.0
14.372043565451436 15.0
14.411542043431002 16.0
14.43299926631892 16.0
14.46969156229742 16.0
14.472239113198613 15.0
14.532199754693359 15.0
14.578158786664645 15.0
14.671836297529277 15.0
14.68483367672899 15.0
14.690254301211212 15.0
14.78613872240273 14.0
14.815226522077266 13.0
14.910488960631529 12.0
14.928502647347091 12.0
14.964854725201446 13.0
15.03788753956073 13.0
15.183962645417479 14.0
15.184882022830804 14.0
15.25146468789163 14.0
15.324264576653611 14.0
15.336830125904829 13.0
15.358120270739565 14.0
15.373776024817952 15.0
15.455818667388321 16.0
15.61833767042446 16.0
15.639111236138595 15.0
15.668568069783126 15.0
15.687428526296678 16.0
15.74408592820689 16.0
15.75585264601694 15.0
15.804313725327912 15.0
15.84885658647664 16.0
15.857442151225541 15.0
15.898015741464608 15.0
15.941970043260094 15.0
16.037545951381595 14.0
16.04475496116691 14.0
16.05147017756687 14.0
16.067375070783758 15.0
16.069528388149216 15.0
16.075587064107747 14.0
16.090821336654617 14.0
16.092342556119167 13.0
16.117471972274252 13.0
16.159328562263926 14.0
16.23088080510003 15.0
16.255157486583172 14.0
16.260742564199816 15.0
16.288053076523223 14.0
16.296802669416873 13.0
16.37194102756554 13.0
16.372242440837592 14.0
16.411926169797596 13.0
16.446507948719745 14.0
16.46785707723576 15.0
16.488197122394855 16.0
16.518648301260445 16.0
16.541321974637125 15.0
16.553462737489966 15.0
16.56654833464239 14.0
16.567582894918818 14.0
16.667498063740005 14.0
16.66832753567514 14.0
16.726592473396668 14.0
16.736265731397115 14.0
16.748411638611277 15.0
16.756785663374416 14.0
16.757034264244197 14.0
16.785207140861132 14.0
16.813984213984767 14.0
16.881806393904256 14.0
16.893983372537814 13.0
16.9581505393554 13.0
16.989921039912506 12.0
16.998489876822056 12.0
17.022201397068464 12.0
17.03266653313496 12.0
17.135714167833296 12.0
17.196129069396044 12.0
17.200097248591348 12.0
17.215858491380494 12.0
17.245339087696077 12.0
17.351131248140195 13.0
17.391407866387542 13.0
17.40862965817877 13.0
17.417931787345342 14.0
17.4439337451139 13.0
17.521703514528035 13.0
17.548181114515856 13.0
17.560216129091106 13.0
17.592526269956476 13.0
17.60994521084009 12.0
17.67227029405023 12.0
17.67387177079205 12.0
17.769634690759116 12.0
17.782346122941533 11.0
17.827052427779467 10.0
17.8751698724981 10.0
17.89296368905813 10.0
17.921149458804617 9.0
17.95438532012621 10.0
18.009703505831418 10.0
18.027681279533347 10.0
18.074050892979603 10.0
18.119094077733788 10.0
18.144532476682837 10.0
18.194385285450227 10.0
18.19973139196065 9.0
18.20724719994439 9.0
18.25197480066301 9.0
18.308204647097092 9.0
18.321134734971544 8.0
18.333157855235406 8.0
18.3537289249527 9.0
18.398024946812217 10.0
18.402148957280097 10.0
18.410059549877246 10.0
18.43739076208774 10.0
18.53978178526133 10.0
18.54995496752 10.0
18.57893021437974 10.0
18.580574685016007 9.0
18.58883328858168 9.0
18.608492493444384 9.0
18.68227428310305 9.0
18.707632941254488 9.0
18.765179149763828 9.0
18.78271037941141 9.0
18.79805661648601 9.0
18.9024085595545 9.0
18.906169298552104 9.0
18.914778668207767 9.0
18.917035549556633 10.0
18.956111345428205 11.0
19.006748225035096 11.0
19.012116547958442 11.0
19.016554780334054 11.0
19.025767729684674 12.0
19.049845174087583 12.0
19.069177645686274 12.0
19.0914621568872 12.0
19.092609411907933 13.0
19.094150161647867 13.0
19.105555855121672 13.0
19.151113434585298 14.0
19.17875410191689 14.0
19.2455643277295 15.0
19.25719434009113 15.0
19.267462862008813 16.0
19.382679678522663 16.0
19.386560220412846 16.0
19.423177364737832 16.0
19.4484684323153 17.0
19.456244333680985 17.0
19.52079591683578 17.0
19.740689814122817 17.0
19.74626711992322 17.0
19.826147560959466 17.0
19.898156296019295 17.0
19.92563564507476 17.0
19.942778208598494 17.0
19.942905550587053 16.0
19.96565161164944 15.0
20.051448535231437 16.0
20.054677523396034 17.0
20.055759813608873 17.0
20.079258775018136 17.0
20.11764719545543 17.0
20.13759786457682 17.0
20.141610636094278 17.0
20.14612921240844 16.0
20.187753003100397 16.0
20.243900470402313 17.0
20.305310517801527 18.0
20.341348425929482 19.0
20.34869598445218 19.0
20.349602182370656 19.0
20.452315392341873 19.0
20.45617969191565 19.0
20.47133811994676 20.0
20.493662492257325 20.0
20.51966674720173 20.0
20.519814033142865 20.0
20.527854591880182 20.0
20.562182646167575 19.0
20.585398548925024 20.0
20.6662512070343 21.0
20.672894383547398 22.0
20.69163601867668 21.0
20.74837670394167 21.0
20.77974790957361 20.0
20.796087482670504 20.0
20.801097814520723 21.0
20.806309448628316 20.0
20.848098802447062 20.0
20.84889788669667 21.0
20.90910556784815 20.0
20.917796564616598 20.0
20.927392461750784 21.0
21.11130946936719 20.0
21.16897910500976 19.0
21.19564099039421 18.0
21.209361735858174 19.0
21.218480102803653 19.0
21.260899565754254 18.0
21.28232913996457 17.0
21.360127196551048 17.0
21.398381419711832 17.0
21.413542941223678 17.0
21.438108813208835 17.0
21.471259321935868 18.0
21.476008185588626 19.0
21.5370132774477 20.0
21.542692288400616 21.0
21.55230085976442 21.0
21.579350679314075 21.0
21.64608564485818 20.0
21.677286523683694 20.0
21.696496789423893 19.0
21.728477385711507 18.0
21.767288722833552 17.0
21.770016261610998 16.0
21.77550225667868 16.0
21.789030227958975 16.0
21.790323011261723 16.0
21.817238320220646 17.0
21.817459873035087 17.0
21.889995701961173 17.0
21.92181114491542 17.0
21.93470180911815 17.0
21.93659775192507 17.0
21.961331194766146 17.0
21.964361103955575 17.0
22.061660614891267 17.0
22.079650347306444 18.0
22.082605183049637 18.0
22.084552713160566 18.0
22.08927201152642 18.0
22.090290866662535 17.0
22.130499127373778 17.0
22.15651585535449 18.0
22.160872988010095 19.0
22.180037776664737 18.0
22.227542752564617 19.0
22.247113561333272 19.0
22.300808071788655 18.0
22.330397929234678 17.0
22.433312943623243 17.0
22.433697132712233 18.0
22.500912158055794 19.0
22.531736053319683 19.0
22.53567804823096 18.0
22.540884375414983 18.0
22.545790031225057 19.0
22.55611237007451 19.0
22.575400698710634 19.0
22.577452609028633 19.0
22.581149655694244 19.0
22.623650360821692 19.0
22.69073302679082 19.0
22.69536516332962 18.0
22.718487045913996 17.0
22.74152699089146 17.0
22.808303661413486 17.0
22.811184618564564 17.0
22.813826428651502 18.0
22.82392292073156 17.0
22.879706347994755 18.0
23.082258651363247 18.0
23.111409935147343 17.0
23.15864532357217 16.0
23.166998337024523 16.0
23.259287976632315 15.0
23.259639195582285 15.0
23.281203570956112 14.0
23.35072645296535 14.0
23.35537485994639 14.0
23.417680054717373 13.0
23.42005658586984 14.0
23.45826939499499 14.0
23.460781193276436 13.0
23.465056357856046 12.0
23.54859376392972 12.0
23.558943924317578 12.0
23.589399669918286 11.0
23.59697463583496 11.0
23.59954028029728 11.0
23.611482603938505 12.0
23.61207357430502 12.0
23.72696392649115 12.0
23.73626813432883 13.0
23.81251594486063 14.0
23.847706937696486 14.0
23.850911435819775 14.0
23.86380199499345 14.0
23.864624005847826 14.0
23.86843392602394 13.0
23.87660854810088 14.0
23.9155900104739 14.0
23.937108751146653 14.0
23.96436714916637 13.0
23.977264939571977 12.0
24.02418434570895 12.0
24.201124352457775 13.0
24.243961924191684 13.0
24.294968511234583 13.0
24.295515808678743 13.0
24.447390124569758 13.0
24.46269833595036 12.0
24.481997052804026 12.0
24.486302033558808 13.0
24.496720738340095 13.0
24.52913746348141 13.0
24.548834343148645 14.0
24.563573783058782 15.0
24.59017046067093 15.0
24.66851732448587 15.0
24.71715387375172 15.0
24.78538866362805 15.0
24.811918697218807 15.0
24.85112504624763 16.0
24.882209548270687 16.0
24.909144037644918 15.0
24.921726560225366 15.0
24.955071996804612 15.0
24.958296174909027 14.0
24.969199273149062 14.0
24.985223201481364 15.0
24.987980077272685 16.0
25.04801973514053 17.0
25.114366341439048 18.0
25.12063095895081 17.0
25.23145066658683 16.0
25.31073706122881 15.0
25.335776788919443 16.0
25.349082265015 16.0
25.36962954084091 16.0
25.3817741658902 16.0
25.42724692112251 17.0
25.444688331703055 17.0
25.559605304332337 16.0
25.583333309757926 16.0
25.59108841049036 16.0
25.654305185707074 16.0
25.65726755005685 16.0
25.662339303092864 16.0
25.66251820909582 16.0
25.662831924819205 16.0
25.663286905692797 17.0
25.691269971300205 16.0
25.74710895047273 17.0
25.748053908483598 17.0
25.764386896531022 16.0
25.795474917929585 16.0
25.799314727773236 16.0
25.841918144649405 16.0
25.878892589577532 16.0
25.887465404393634 17.0
25.926312150909485 17.0
25.96495863517729 16.0
26.016661325880072 16.0
26.030892212246087 16.0
26.047914468033404 16.0
26.113902009513506 15.0
26.136196554549016 16.0
26.1384995560918 16.0
26.1403898006565 16.0
26.144435925423615 15.0
26.14988611720817 15.0
26.15792874325566 16.0
26.17927867304113 16.0
26.188804334203425 16.0
26.31824378153058 16.0
26.34161055279371 15.0
26.42310996368609 16.0
26.433197658803106 16.0
26.476920003370367 16.0
26.483589595459847 15.0
26.55738800962889 15.0
26.602534769637764 15.0
26.614232219919522 16.0
26.62414923252064 15.0
26.736458474491947 16.0
26.740163880061594 15.0
26.819481138492364 15.0
26.828393365312543 15.0
26.859208605077065 16.0
26.901703007982768 16.0
27.021949962406758 15.0
27.052182230359463 15.0
27.09318244154731 16.0
27.119989445932188 16.0
27.134153011610326 16.0
27.206755832023937 16.0
27.258303069915225 16.0
27.26975261252394 16.0
27.280532515633723 16.0
27.290851557033466 16.0
27.330794768054094 17.0
27.33728249413226 17.0
27.35751253249157 17.0
27.41499190333033 17.0
27.41545249021556 18.0
27.468462312893 18.0
27.475541678476283 18.0
27.480512268732788 19.0
27.487681535564704 19.0
27.518811600520678 19.0
27.536128337111744 18.0
27.54604357623152 19.0
27.584876300426295 18.0
27.5941186440745 18.0
27.59641997969298 19.0
27.601844525118285 19.0
27.62481507254798 19.0
27.693857733896923 19.0
27.827622319245886 19.0
27.839088789082723 20.0
27.884817303496554 19.0
27.919896408668986 20.0
27.93753578341064 21.0
27.959045191019122 22.0
27.97979983549295 22.0
27.993605064725124 21.0
28.002735140224665 21.0
28.0063202455607 20.0
28.03439236123672 20.0
28.065219691019465 20.0
28.07293154459258 20.0
28.11223064319849 20.0
28.112921192189148 20.0
28.130166738345874 19.0
28.141486163135376 19.0
28.14226812232402 19.0
28.161929947417605 18.0
28.195572419187297 17.0
28.212230628887127 18.0
28.216402689005033 18.0
28.25835251191717 18.0
28.268272774476085 18.0
28.28811894219257 18.0
28.30841187058362 18.0
28.358646429439865 18.0
28.392038005549608 19.0
28.41142656696742 19.0
28.415818005309994 18.0
28.43030704757771 17.0
28.476343163585334 18.0
28.49936420172163 18.0
28.50156628971936 18.0
28.509257736195604 17.0
28.53000654842272 17.0
28.53888652582238 17.0
28.542867093507496 17.0
28.56704812541905 18.0
28.707914474161836 18.0
28.754279876946192 18.0
28.83971916075317 18.0
28.884716942144948 18.0
28.897268485693203 17.0
28.91405001201178 16.0
29.01647673733974 17.0
29.033796061859434 17.0
29.054299776780145 16.0
29.102077590433474 15.0
29.149746631168302 15.0
29.217400268162688 14.0
29.228696275002275 14.0
29.2608909065743 14.0
29.263472481524964 13.0
29.271751383184682 12.0
29.286952040337034 12.0
29.293107100135387 12.0
29.296691991708173 12.0
29.319326985027825 11.0
29.38055855634202 10.0
29.38437946499764 10.0
29.39810923248748 10.0
29.40154708676536 10.0
29.41181143367715 9.0
29.412773708322838 9.0
29.47370090992526 9.0
29.571183763385648 9.0
29.58924010839978 8.0
29.65434659799288 9.0
29.6692396957278 9.0
29.80017472298981 8.0
29.834213924246466 8.0
29.844151897537955 9.0
29.862765156047235 9.0
29.933054099242216 9.0
29.990311771809388 9.0
30.009003493393013 9.0
30.045093335973323 8.0
30.159908597071894 9.0
30.17690029629558 9.0
30.211487766510533 10.0
30.219255252177724 11.0
30.222358219096648 12.0
30.300527156440264 12.0
30.316020699621046 12.0
30.324050805340338 12.0
30.349306538312813 13.0
30.409994022184108 14.0
30.51442810156248 14.0
30.52762642373263 14.0
30.547357735770788 14.0
30.549458338459214 13.0
30.552662623676323 12.0
30.552745367517918 12.0
30.566952916074 11.0
30.607620355604297 11.0
30.637129782585273 11.0
30.701397264905815 11.0
30.72771616270434 11.0
30.783693539881718 10.0
30.800527539095352 9.0
30.839237744129036 9.0
30.90069510627921 9.0
30.93256623818917 9.0
30.94634943075007 10.0
30.966041386292286 10.0
30.98584907027805 11.0
31.001023412633078 11.0
31.02759264262633 10.0
31.05006340721589 10.0
31.06392244337394 10.0
31.092067657243806 10.0
31.119501316536144 10.0
31.126574941543726 9.0
31.136900837343156 9.0
31.145883027655902 9.0
31.295803961902276 10.0
31.302632930867976 10.0
31.309382737336385 11.0
31.312966552141738 11.0
31.362422213134835 11.0
31.369567312279166 11.0
31.45916616753264 11.0
31.511212080169635 11.0
31.53163911656682 10.0
31.538333455608026 10.0
31.54788061682577 9.0
31.55753998556818 9.0
31.58131400778182 9.0
31.58641989245917 9.0
31.616781337199797 8.0
31.617181542279475 8.0
31.617786905080568 8.0
31.684880841945816 8.0
31.70010063637624 8.0
31.704612585798476 8.0
31.716970439398835 7.0
31.743689757758805 7.0
31.75463463234272 6.0
31.829082551868517 6.0
31.83363289141717 6.0
31.90596841075829 6.0
31.916356174034647 7.0
31.937351234981364 8.0
31.953567733517446 8.0
31.961249983165434 9.0
31.965483554522322 8.0
31.977715147968354 9.0
32.05070078668071 9.0
32.10006580756846 9.0
32.11882337878438 9.0
32.16893755657393 10.0
32.18174273704442 10.0
32.18915965092601 9.0
32.18997895155197 9.0
32.21436338726276 9.0
32.23218886935204 9.0
32.26104776631555 8.0
32.28131651163877 8.0
32.29726630233982 8.0
32.30841411900218 9.0
32.311636749652656 9.0
32.36286319322638 9.0
32.45314495690364 9.0
32.454030356051476 9.0
32.495753773204264 10.0
32.505330670162564 11.0
32.50563200975452 11.0
32.51943872160303 11.0
32.55754173275833 11.0
32.58865135672519 11.0
32.61999623970323 10.0
32.66704212507694 10.0
32.71581346368406 10.0
32.763866723970764 10.0
32.78191654475346 10.0
32.801283569383386 10.0
32.80521884001181 11.0
32.81199981404359 11.0
32.821318937358434 10.0
32.908523174674286 10.0
32.962902537965064 10.0
33.00638325658968 10.0
33.04004731163142 10.0
33.053179551044295 10.0
33.06080940019625 10.0
33.17428480017726 10.0
33.196847468048546 11.0
33.225950601404826 11.0
33.240062207611 11.0
33.27419459340925 11.0
33.35584379370302 10.0
33.358438313315084 10.0
33.37564705068474 10.0
33.38668709706104 11.0
33.38793817274317 11.0
33.39833460809317 11.0
33.48283280701838 11.0
33.574163508810386 11.0
33.59786141174556 11.0
33.6471397670731 11.0
33.649274230567045 11.0
33.67315650213297 11.0
33.67367456809904 10.0
33.7115815426177 11.0
33.72808432639123 11.0
33.746267961111116 11.0
33.761003095980314 12.0
33.807216187690464 12.0
33.87333144822335 13.0
33.876403657116185 12.0
34.01114120984326 11.0
34.03468942265902 10.0
34.082757850371905 9.0
34.14394952860404 9.0
34.15021318760452 9.0
34.19976998850514 9.0
34.204058500896714 10.0
34.22245739915567 10.0
34.2440037102321 10.0
34.256624841573455 10.0
34.300697060516804 10.0
34.33268404041392 11.0
34.364757065744975 12.0
34.43444927996984 13.0
34.490194849582636 13.0
34.67806271708253 13.0
34.80158413076083 13.0
34.81797387106468 14.0
34.86761319781895 15.0
34.93740844032572 16.0
34.943973231231496 17.0
34.96044489638532 18.0
35.00477426348066 17.0
35.008616099396164 16.0
35.023347400660576 16.0
35.15152745877412 16.0
35.15458619045118 15.0
35.18982706549887 15.0
35.22330740683549 14.0
35.24124447996436 15.0
35.25899357255665 15.0
35.31599658636462 15.0
35.31966473327066 16.0
35.32287066825788 17.0
35.36411831856485 17.0
35.373212424868136 18.0
35.39646117903146 18.0
35.4086831360633 18.0
35.4520376451336 19.0
35.50203000546548 20.0
35.531334928390386 19.0
35.67727988664074 19.0
35.67980114610302 19.0
35.721733445921274 19.0
35.72707666645055 18.0
35.8100976962336 18.0
35.88536432406923 18.0
35.94258423363373 17.0
35.961103130522325 17.0
35.966149266308356 17.0
35.96913148173781 17.0
36.04069897205629 18.0
36.060343363089636 17.0
36.10365663793963 18.0
36.14551765390747 18.0
36.19758695780763 19.0
36.25060344720211 19.0
36.30186533336085 19.0
36.30244159487954 19.0
36.30516880456608 19.0
36.36452677771891 18.0
36.41779662372983 18.0
36.434774838326696 17.0
36.43955554262938 18.0
36.46941424307994 18.0
36.47762479068947 19.0
36.48071849406443 20.0
36.49485417295329 19.0
36.50503023102843 19.0
36.52432261558734 20.0
36.55228880365341 21.0
36.5703010085488 20.0
36.575395802186705 21.0
36.582440408534296 20.0
36.595585856878216 20.0
36.60020176746365 19.0
36.63385909430104 18.0
36.689739022545375 18.0
36.742294575703156 18.0
36.746526013389015 18.0
36.747270859104354 17.0
36.77195596552295 17.0
36.810431132625006 17.0
36.82326221210739 16.0
36.858486538597646 17.0
36.87261438445037 17.0
36.89224864929023 18.0
36.934891210756184 18.0
37.02715447777216 19.0
37.09181212103297 18.0
37.092109655496074 18.0
37.118506221513236 19.0
37.1387547214711 19.0
37.21454424161245 20.0
37.214898458875474 20.0
37.24231977379771 20.0
37.286845093791776 20.0
37.2892231277864 19.0
37.298372319399085 18.0
37.360405863861125 19.0
37.36453316154761 18.0
37.428977804390264 19.0
37.45421777782868 20.0
37.454861391015065 19.0
37.46120767895378 20.0
37.46862637462427 20.0
37.47475334621112 20.0
37.5559333591178 19.0
37.59889589861709 20.0
37.59907634634602 20.0
37.60291253953882 20.0
37.632822797591814 19.0
37.670410499675484 20.0
37.68395587127261 20.0
37.714102166083855 20.0
37.73302335080334 19.0
37.76394657916732 20.0
37.76703920545903 20.0
37.80751696639282 19.0
37.88410040329024 20.0
37.91065703385631 21.0
37.931658930468366 20.0
37.94300683995151 20.0
38.01048091496311 20.0
38.06853084787803 20.0
38.090977486393164 21.0
38.113602100665574 21.0
38.117367554250094 22.0
38.155710054890235 23.0
38.17442657496309 24.0
38.20140501153131 24.0
38.271914861344044 25.0
38.308120390268265 25.0
38.33821036036423 25.0
38.38365511598678 25.0
38.41425820504374 26.0
38.43757602912784 27.0
38.44009279103968 27.0
38.456884501626604 27.0
38.48671958157449 28.0
38.49088592637788 27.0
38.53191034694096 26.0
38.55169659515999 26.0
38.555255533484264 27.0
38.55739581298049 27.0
38.56373082777238 28.0
38.58538432078608 29.0
38.61949297911244 29.0
38.64224280243394 29.0
38.65403753999062 29.0
38.67160966477599 28.0
38.69060685976857 28.0
38.72678467026024 29.0
38.728280882134435 28.0
38.74498485035135 28.0
38.77378603703938 28.0
38.8156481468152 28.0
38.84582327556641 27.0
38.86587820617623 27.0
38.866559249132465 27.0
38.88210609448634 26.0
38.89592287548247 25.0
38.898561103763555 24.0
38.91468238803339 25.0
38.93090787026125 26.0
38.95380884447071 27.0
38.96612808629292 27.0
38.97922999201084 26.0
38.99770835436528 26.0
39.09258929943025 25.0
39.09565343756123 25.0
39.10826196558454 26.0
39.12240771172981 26.0
39.164399184727934 26.0
39.19039149778754 25.0
39.20397758145935 25.0
39.23439664826426 25.0
39.28955704034122 25.0
39.315043831833975 26.0
39.36504066815417 26.0
39.39576586972952 25.0
39.408940761132996 26.0
39.42340341733153 26.0
39.426468844232595 26.0
39.428767582168206 27.0
39.43146465423896 27.0
39.477804170442774 27.0
39.51132853835588 26.0
39.52435729314703 26.0
39.55771561017307 26.0
39.56423152424626 26.0
39.58320208616499 26.0
39.59547840056758 26.0
39.598241356440404 26.0
39.60239993730626 26.0
39.62166947516123 26.0
39.62846023797673 26.0
39.64501393506207 25.0
39.65131497264296 25.0
39.66174754108378 25.0
39.680554469128936 24.0
39.6989853869465 24.0
39.700403390531925 24.0
39.70359518763489 23.0
39.77301603219946 22.0
39.7830169195144 22.0
39.834832174235295 21.0
39.87330687881371 22.0
39.874930350770285 23.0
39.906319291469245 22.0
39.92119581567296 23.0
39.93810328982488 22.0
39.94550111853599 22.0
39.97364333851577 22.0
39.97527899767753 23.0
39.98116420077573 24.0
39.98408693299882 23.0
40.030176956710825 23.0
40.060318809539496 24.0
40.081564703572674 24.0
40.15184908086415 24.0
40.19496877534762 23.0
40.217959869642264 23.0
40.2578991879729 23.0
40.269404975136645 24.0
40.288891033867635 24.0
40.30268178747439 23.0
40.32140151821183 24.0
40.32958247163155 25.0
40.344350448766775 26.0
40.39028222219378 27.0
40.500192664879094 28.0
40.50292144607444 28.0
40.574966483731686 29.0
40.621954506866615 29.0
40.62396638914794 28.0
40.64552227961831 27.0
40.660409105800056 26.0
40.663498561707925 26.0
40.66980753146377 25.0
40.69090498503403 25.0
40.72577656509326 25.0
40.753801652901636 24.0
40.75720229343272 24.0
40.76151641966608 24.0
40.851083369102554 23.0
40.86312101264874 23.0
40.86897062739878 22.0
40.89478555278832 22.0
40.90077552620162 22.0
40.94191737126593 23.0
40.955703826652524 23.0
40.97728862506524 22.0
40.978267926958196 22.0
41.037224249813384 23.0
41.052361337010446 22.0
41.06208582790161 22.0
41.077293413930946 22.0
41.09542355949241 22.0
41.11198286902563 21.0
41.163244741081066 22.0
41.16632077287678 21.0
41.28593302894611 20.0
41.31017370094253 19.0
41.33715219124978 19.0
41.360488767626464 19.0
41.37355284119626 19.0
41.43717125440415 19.0
41.45049024074437 19.0
41.46219601569831 18.0
41.487224264631934 19.0
41.52758245330239 19.0
41.582044952313986 18.0
41.58493471281237 19.0
41.634645737723986 19.0
41.66563141307652 19.0
41.708477791069406 19.0
41.77593024622873 19.0
41.793325527530875 19.0
41.85136941006952 19.0
41.87802714567813 18.0
41.89088272129762 18.0
41.89958216271974 18.0
41.92882701388645 18.0
41.92951641772906 18.0
41.98340558891273 18.0
42.01556584899713 19.0
42.04967926678096 20.0
42.05057560656823 21.0
42.102620667624215 21.0
42.151038760882116 22.0
42.16246096274582 21.0
42.16584070790646 21.0
42.166960437203436 21.0
42.201107342399226 21.0
42.20874517285623 21.0
42.28986408455224 20.0
42.35530123637755 20.0
42.42462020287143 20.0
42.519637650823206 20.0
42.54517398302189 21.0
42.579521509014164 21.0
42.600577163412716 21.0
42.63242830781934 21.0
42.6339497273499 20.0
42.64244589391703 20.0
42.64844048904396 21.0
42.66661432285449 22.0
42.70318756398442 23.0
42.818566891617 23.0
42.83940733931001 23.0
42.862878866678344 23.0
42.86497298796843 23.0
42.91055445813296 23.0
42.922907215686095 24.0
43.05550628681647 23.0
43.082955203237326 23.0
43.08777891385365 22.0
43.10187170638406 21.0
43.1384325526103 21.0
43.1392059030137 22.0
43.14620195076845 23.0
43.15994508107032 24.0
43.17017873756412 24.0
43.227319744590474 25.0
43.28021778982744 25.0
43.324688441859564 24.0
43.337011225491224 24.0
43.34954833023777 25.0
43.34986867387936 25.0
43.37986547258661 25.0
43.413501453421546 24.0
43.41966235215796 23.0
43.47168616051258 24.0
43.47314413000286 25.0
43.517107461252216 25.0
43.5251286817094 26.0
43.53326285717662 26.0
43.548449067872184 27.0
43.59487805497106 28.0
43.625420083906384 28.0
43.625769273138246 27.0
43.64871316615354 26.0
43.669408647335466 25.0
43.71012298833591 25.0
43.744026984829894 24.0
43.74957640391882 24.0
43.808799368090874 23.0
43.85268818411333 22.0
43.893420015012865 23.0
43.9018127168592 22.0
43.95646506321296 22.0
43.9629425621676 23.0
44.00423669984161 23.0
44.023370749093154 23.0
44.02346001958117 24.0
44.033582223941906 24.0
44.05636968941467 25.0
44.10422850931732 26.0
44.15312825357852 27.0
44.16136621250743 27.0
44.201995763107554 27.0
44.22643233769878 28.0
44.27158808900682 29.0
44.31850567417142 30.0
44.32034656097112 30.0
44.387506159926374 29.0
44.429404802443294 29.0
44.44238042509993 30.0
44.44249262914669 30.0
44.4566279458302 30.0
44.45711695738039 30.0
44.45796436506273 31.0
44.46932839588547 31.0
44.47261069170707 31.0
44.47647527660209 31.0
44.55574485605461 30.0
44.56195465156023 31.0
44.583699191391574 30.0
44.61132935092562 30.0
44.791861372916415 30.0
44.814368138441395 29.0
44.94714278960567 29.0
45.01138278711327 28.0
45.04651710096272 28.0
45.08174070829204 28.0
45.10616016988839 28.0
45.15726784298212 28.0
45.20685044698867 27.0
45.270720275245914 27.0
45.314453724980424 27.0
45.32673915908663 27.0
45.429730480319755 27.0
45.43375695213123 27.0
45.44205861530102 28.0
45.46585644385622 27.0
45.48288782410244 28.0
45.55969971585909 29.0
45.56793301780241 30.0
45.582886110675936 31.0
45.700662611247736 31.0
45.72807165775904 30.0
45.729695710500366 30.0
45.78914230482031 29.0
45.85192236780392 29.0
45.85544790992995 29.0
45.858520834386105 29.0
45.86557002173817 28.0
45.87177134683875 29.0
45.903051390397295 28.0
45.93649916124964 28.0
45.984308000686994 28.0
46.00484483414656 27.0
46.05605772545582 27.0
46.08467447063501 27.0
46.101067838510126 26.0
46.1373427850319 27.0
46.1638036472618 26.0
46.31103815878975 26.0
46.319588788923284 26.0
46.371936614103184 26.0
46.395589644113045 27.0
46.507027210023196 27.0
46.543330974891475 26.0
46.56607233618059 25.0
46.58376341977464 26.0
46.608798923899485 26.0
46.614421869450446 27.0
46.62563115114364 27.0
46.64878587920078 28.0
46.6656722331533 29.0
46.730553123491234 30.0
46.73217770348219 30.0
46.762789457504546 29.0
46.76595142886255 30.0
46.819490557994754 30.0
46.85169888510217 29.0
46.88162619253768 29.0
46.9073545198261 30.0
46.91974911950541 29.0
46.92687407255368 28.0
46.927489495500545 28.0
46.932335495624365 28.0
46.95364312227974 27.0
46.959291410391565 26.0
46.98530971426257 27.0
46.99633954076158 28.0
46.99949712443881 29.0
47.005654721864936 28.0
47.03046005466063 27.0
47.07076232954263 27.0
47.072337706398564 27.0
47.09220868486619 27.0
47.112483514278196 28.0
47.14532908520974 29.0
47.147763618931 29.0
47.168998799234316 29.0
47.2116956792355 29.0
47.23923490762389 29.0
47.31794869739389 30.0
47.343665276589384 30.0
47.40305265039241 29.0
47.455621012820295 29.0
47.458979380452426 29.0
47.49675893643457 29.0
47.51196323556869 29.0
47.5645730075057 28.0
47.577235797614286 28.0
47.684833483053914 28.0
47.71312186943355 29.0
47.738454876690746 30.0
47.74093811752597 30.0
47.76635516137227 31.0
47.84848877398977 31.0
47.86534978789147 30.0
47.89341969148919 31.0
47.8986519558177 30.0
47.94254613870563 29.0
47.94361738613699 29.0
47.995706421349674 29.0
48.02715328659391 30.0
48.057177229962186 31.0
48.07073984525624 32.0
48.097965710164935 32.0
48.119982680564014 31.0
48.12691312821492 31.0
48.12769701729431 32.0
48.134914676798 31.0
48.169863881669606 32.0
48.1705697262005 32.0
48.18148844399378 33.0
48.20791283399405 34.0
48.21277847192197 35.0
48.28433218949027 35.0
48.30668663010635 35.0
48.371423706494404 35.0
48.375386079480954 34.0
48.38040390537051 33.0
48.44684858929804 33.0
48.44848661902539 32.0
48.45907037303184 32.0
48.47248663828437 31.0
48.51232462367607 32.0
48.520510842710365 33.0
48.540546892220824 33.0
48.547490565587744 34.0
48.608386106925096 35.0
48.60908615534344 34.0
48.65572699332167 34.0
48.680274783570745 35.0
48.69699795135815 34.0
48.70242146714058 34.0
48.83838838089259 33.0
48.91851330407866 32.0
48.94324925711189 31.0
48.94895996318729 32.0
49.02298477574067 31.0
49.107901627950255 32.0
49.144760739433416 31.0
49.197031494831215 32.0
49.25980698192479 33.0
49.27407948480338 34.0
49.28359608028116 35.0
49.30776602094273 35.0
49.32379872684063 36.0
49.32530658485887 35.0
49.32892989347275 36.0
49.338732450211715 36.0
49.34138079805331 37.0
49.3616773239598 36.0
49.36307391970247 36.0
49.36830672476301 37.0
49.43541353878811 38.0
49.441716715220615 39.0
49.45067953840135 38.0
49.45911203680812 38.0
49.48903078382729 39.0
49.59615367347193 40.0
49.609681552263126 40.0
49.61057644001646 39.0
49.620669635497364 40.0
49.65424279730017 39.0
49.68059474190468 39.0
49.705709072243 40.0
49.71385566707144 39.0
49.71567045055202 40.0
49.71945909979089 40.0
49.727747608647306 41.0
49.787103408060915 42.0
49.79064732083565 43.0
49.84716374336895 44.0
49.90912274975829 43.0
49.95996613999053 44.0
49.98492269083434 44.0
50.020082701764984 44.0
50.03185836157717 43.0
50.036253238826944 44.0
50.05352232025501 44.0
50.08349671050335 43.0
50.167531407943606 42.0
50.16760004421932 42.0
50.19545795387253 43.0
50.19588215504975 44.0
50.233741446121584 44.0
50.25614042633835 44.0
50.28879398178476 45.0
50.31633520360773 45.0
50.32977872719785 45.0
50.3991554950819 46.0
50.39972090407727 46.0
50.40602883766742 46.0
50.43435768977359 47.0
50.46356194600952 47.0
50.495018213995856 47.0
50.544758652218164 48.0
50.575720278313035 48.0
50.58861886784694 47.0
50.602405968316155 46.0
50.63460521186269 47.0
50.67228512648201 46.0
50.685677882598554 45.0
50.70634112565213 46.0
50.738485481498 45.0
50.77622716649555 44.0
50.81680920328046 45.0
50.9081447401592 45.0
50.96665409068269 46.0
50.99253545880571 45.0
50.995859352704386 46.0
51.128455603310464 45.0
51.12908516435827 46.0
51.137916488325 47.0
51.16761491793708 48.0
51.187636442129374 48.0
51.19544834009258 49.0
51.24115577497941 49.0
51.24511360155891 48.0
51.29137613205686 47.0
51.29694501910971 46.0
51.368859049351194 46.0
51.37272888567858 47.0
51.37514306035639 47.0
51.42101165731411 47.0
51.440012095847784 48.0
51.44101762616232 47.0
51.53547448236189 46.0
51.54563840835475 47.0
51.557793667694085 47.0
51.6283550524277 47.0
51.62955340149413 46.0
51.63764689149309 47.0
51.64111384026555 48.0
51.64346599185992 49.0
51.662867602065184 50.0
51.67356909702342 50.0
51.69740067544967 49.0
51.7106955531173 49.0
51.715960300677345 50.0
51.72380921314049 49.0
51.75082931336022 48.0
51.75091855874075 49.0
51.75221912468361 48.0
51.76750099870228 48.0
51.81188840164745 47.0
51.84363724361841 46.0
51.85304441804854 47.0
51.877239590281064 46.0
51.92847830295792 47.0
51.99655994910215 48.0
52.013370410399475 49.0
52.02995313184258 49.0
52.075112209772506 48.0
52.07616024512941 49.0
52.077830008823696 50.0
52.09775036510812 51.0
52.14000459363143 50.0
52.1572315135399 50.0
52.20241926005072 49.0
52.208006557447426 48.0
52.23276549234347 49.0
52.233445960037685 48.0
52.28915210008386 48.0
52.31265663854635 49.0
52.320526428030256 48.0
52.3303699290253 48.0
52.345182557483625 49.0
52.38707609969668 48.0
52.4124033633594 48.0
52.437339257550235 49.0
52.43777455187589 48.0
52.58769316482499 47.0
52.60447912360186 48.0
52.612554361864085 47.0
52.62814586019749 46.0
52.63498772880982 45.0
52.643041369247555 46.0
52.685084800779535 47.0
52.71505302291756 46.0
52.71542513996426 47.0
52.81735620017324 48.0
52.855284039870845 47.0
52.87834973942266 46.0
52.8822616484435 47.0
52.892410368169905 46.0
52.972185561639904 47.0
52.98964509143466 48.0
52.99914814824546 47.0
53.05299405644202 48.0
53.06301512299315 47.0
53.087331607430414 46.0
53.08782498980464 45.0
53.189764755106474 44.0
53.196358601104485 45.0
53.2398144184078 44.0
53.24245041418693 45.0
53.32089747533823 44.0
53.3293696577529 45.0
53.384477962853346 46.0
53.394399660990686 47.0
53.40517917014418 48.0
53.705971803574016 49.0
53.70953015239165 50.0
53.71047757136905 51.0
53.72263735684336 50.0
53.743273875269715 49.0
53.76440670175083 50.0
53.79777443078586 51.0
53.809749981245595 52.0
53.81620777354536 53.0
53.859616528604555 52.0
54.044589179311565 52.0
54.05973748849214 51.0
54.20814848591659 50.0
54.22092033956253 49.0
54.27023724186076 48.0
54.389607005866736 49.0
54.39993917136134 48.0
54.40848071697171 48.0
54.46092599284134 49.0
54.5936240678306 50.0
54.60062971268501 51.0
54.66966371687452 51.0
54.74451657212497 52.0
54.79822388525311 51.0
54.84944941851899 52.0
54.90587885959852 51.0
54.95160217211906 51.0
54.999206765964715 52.0
55.020809845475284 51.0
55.09391497778064 51.0
55.1386066025549 52.0
55.24816558660575 51.0
55.27436641765718 50.0
55.33462572841443 51.0
55.366224594457165 52.0
55.44213793107788 53.0
55.48166706283432 54.0
55.57840534358302 54.0
55.64730395146594 55.0
55.66419067889328 54.0
55.723580170452074 53.0
55.78479702440478 54.0
55.808894099008846 53.0
55.816745788877164 54.0
55.90801974171708 54.0
55.97336267676694 53.0
56.02367807698381 54.0
56.06021442920483 53.0
56.133293014792365 53.0
56.19952780323144 54.0
56.26229814870708 55.0
56.3018583592626 54.0
56.31555261144706 55.0
56.34438588001247 56.0
56.39528864113287 55.0
56.426002619795646 54.0
56.53211529877507 53.0
56.53432040371454 53.0
56.574938670570226 52.0
56.72541380300641 51.0
56.725661751681756 50.0
56.743253480940524 51.0
56.79403378959807 52.0
56.83196107176236 53.0
56.95737995769726 53.0
57.007433540617946 54.0
57.0987211593892 53.0
57.1196820127149 53.0
57.18024582310451 54.0
57.23896748681633 53.0
57.24786714202545 53.0
57.250874784462106 54.0
57.27475430063666 55.0
57.30178367515804 55.0
57.4405834336621 54.0
57.45669347229925 55.0
57.484654083458636 54.0
57.553663569648684 53.0
57.581268549484435 53.0
57.595933637743684 54.0
57.60915467585729 53.0
57.661780128095764 52.0
57.670496204912524 51.0
57.68180462211259 50.0
57.68469977073143 49.0
57.73708265175955 50.0
57.76457573775504 51.0
57.82611311214607 52.0
57.86703611696431 51.0
57.87260589253417 52.0
57.92839918802714 53.0
57.942141664568986 52.0
58.01330430411431 51.0
58.02612886066437 50.0
58.15776148990385 51.0
58.18377163617827 50.0
58.24931129600651 51.0
58.361024035316184 51.0
58.380406253729824 50.0
58.3880618709207 50.0
58.42792814251238 49.0
58.46341745774884 48.0
58.531769542515235 47.0
58.57432297572282 48.0
58.58098736993804 47.0
58.64334637061133 47.0
58.677395386685916 47.0
58.6913586306827 48.0
58.771201327352706 49.0
58.79277152232002 48.0
58.806143052976054 48.0
58.81466759114356 48.0
58.900127832942275 49.0
58.90598361883612 49.0
58.95298337061742 50.0
58.95844637230384 51.0
58.96813556375625 52.0
59.00622071310058 53.0
59.13952741039888 54.0
59.14905861394336 55.0
59.153120340735285 56.0
59.16085346411753 55.0
59.16986018692079 56.0
59.20333055312816 57.0
59.37316334687959 57.0
59.46059501076256 57.0
59.50935985327314 56.0
59.52253845990509 55.0
59.553604908843596 56.0
59.57235145212982 56.0
59.574926969493184 55.0
59.623871598101694 55.0
59.65356245275854 56.0
59.789116588422374 57.0
59.81101011886307 58.0
59.814312086843564 58.0
59.86562055076622 57.0
59.91876397374222 56.0
59.954757682946145 55.0
60.023270123884174 55.0
60.15523659055459 54.0
60.16407768446315 55.0
60.24450368024955 54.0
60.26943553760068 55.0
60.301565760941855 56.0
60.30946779141175 57.0
60.359568497687654 56.0
60.38031797912712 55.0
60.398528110081216 56.0
60.40793400403658 57.0
60.41752748067763 57.0
60.50240227960791 56.0
60.56095328467353 56.0
60.57769281140734 57.0
60.584915079232964 58.0
60.607255335831994 58.0
60.67432180188123 59.0
60.84659403484498 59.0
60.87283400411931 58.0
60.89444922850427 57.0
60.91630987200575 57.0
60.99074526649632 58.0
61.021071437999865 59.0
61.133221883395116 58.0
61.2674200245114 58.0
61.301590141681686 57.0
61.37966333442299 56.0
61.392022674543966 55.0
61.399529351156154 54.0
61.40090501081422 53.0
61.492467124015995 54.0
61.54048686791961 55.0
61.54313655585644 56.0
61.56326551002337 56.0
61.56598985627527 57.0
61.596494678346936 56.0
61.60171880755229 57.0
61.858786461889686 56.0
61.91054869820691 55.0
61.91749483869627 56.0
61.97403781774598 55.0
62.06032628823062 54.0
62.090090535718 53.0
62.11185787641315 52.0
62.187157419701975 52.0
62.31779346900203 52.0
62.35874699719262 52.0
62.38001275426485 53.0
62.398033013914855 53.0
62.42237570234392 54.0
62.42565562549808 53.0
62.438089922049734 52.0
62.45790104796469 53.0
62.48657757717633 53.0
62.510861656411905 54.0
62.55817128837506 53.0
62.6154138789516 52.0
62.643836740954136 51.0
62.659975730640035 51.0
62.69182573065446 52.0
62.70937340911033 53.0
62.72442306975381 54.0
62.7586338937078 54.0
62.80148483449285 55.0
62.9326862414295 54.0
62.951866644099084 53.0
62.95673756932083 54.0
62.99420705172977 55.0
63.0732577854049 56.0
63.09624205472114 55.0
63.158299832310966 54.0
63.1697699488297 55.0
63.182255500096474 56.0
63.23718459890654 55.0
63.25427596606537 56.0
63.306480234726365 55.0
63.34433827357064 54.0
63.34725943728936 53.0
63.36279338272059 54.0
63.39737388964726 53.0
63.446610497728734 54.0
63.45856859055769 55.0
63.48261049808902 55.0
63.529994838046925 54.0
63.629935480823605 54.0
63.641170017658474 54.0
63.73239829615199 55.0
63.83407387755191 55.0
63.868619204985784 54.0
63.9507813506985 54.0
64.10022684219953 55.0
64.2093232749711 54.0
64.32722836940553 55.0
64.35799453143206 54.0
64.44641492675848 55.0
64.4508050593153 56.0
64.4725444306472 55.0
64.54612134765436 56.0
64.64930292217724 55.0
64.7208456745849 54.0
64.75290050020273 55.0
64.81750076878393 55.0
64.866756706569 55.0
64.86768878099473 55.0
64.8693818872282 54.0
64.91209623403822 55.0
64.98828173721468 55.0
65.0353413995327 56.0
65.06758812640912 56.0
65.08802080704221 55.0
65.09921354984749 56.0
65.10967855146941 57.0
65.11596676897801 58.0
65.20130724031002 59.0
65.39778517463562 58.0
65.51101433614241 57.0
65.54817794960175 58.0
65.60248496194045 57.0
65.63780878663869 56.0
65.72455357975866 55.0
65.77340796568447 55.0
65.81058163527163 54.0
65.84046636816113 53.0
65.85204242692353 54.0
65.89105241213674 55.0
65.94150962997139 56.0
65.97978553509822 56.0
66.0536842466429 56.0
66.05749907768161 55.0
66.060978021655 54.0
66.06309170468647 53.0
66.09871082259406 53.0
66.15681791123467 53.0
66.19993042727448 54.0
66.20303032215467 53.0
66.33355830059627 53.0
66.3484384143584 52.0
66.40527019460681 51.0
66.46443399305424 50.0
66.53338383065415 50.0
66.56037022512396 51.0
66.60332637062389 51.0
66.640593282608 52.0
66.68104227452172 53.0
66.69748520396266 52.0
66.71774702818152 53.0
66.7944228959329 52.0
66.80175087856338 52.0
66.88524759758768 53.0
66.92766344476452 52.0
66.98168444230659 53.0
67.00350421669303 52.0
67.0795089534312 51.0
67.19398446194923 52.0
67.20025906015714 52.0
67.22999683198508 51.0
67.26856684207269 51.0
67.26957143182463 52.0
67.28702659956186 51.0
67.3632257284705 52.0
67.37850101838191 51.0
67.39135844983618 52.0
67.42101151277384 51.0
67.45931742885898 51.0
67.47322697894386 52.0
67.5253264564808 52.0
67.52646843111008 53.0
67.58069313613555 53.0
67.58425955900465 54.0
67.6284717079998 53.0
67.64447750805013 53.0
67.68139472243261 54.0
67.71514799443072 55.0
67.72426120050191 54.0
67.77452983558541 53.0
67.7850710976003 53.0
67.78594329666495 54.0
67.79584384589528 54.0
67.8188228285768 55.0
67.88692110716782 56.0
67.90184033923481 56.0
67.92951190115626 55.0
67.94828451734539 54.0
67.97538396893609 53.0
67.98299765527531 54.0
68.0871558914509 54.0
68.10940389714493 54.0
68.12415472943393 53.0
68.2007397460134 52.0
68.2146657197822 53.0
68.29752820911646 53.0
68.30682239628071 54.0
68.40333099658068 53.0
68.47283482532475 54.0
68.50913423486497 53.0
68.55592786479994 52.0
68.56767781331922 51.0
68.58857574388128 50.0
68.72299370183983 50.0
68.76606248728376 49.0
68.76915763734668 48.0
68.81219811260051 47.0
68.86963293020281 47.0
68.89053562475765 48.0
68.91583297320048 49.0
68.976770689513 50.0
68.99941610040034 50.0
69.04774248135945 51.0
69.09331035003879 50.0
69.15424301559914 49.0
69.16143147896335 49.0
69.18964964218353 50.0
69.22980583949938 49.0
69.23444562903754 50.0
69.24943586294208 49.0
69.25233801719178 49.0
69.29063891226227 49.0
69.30296662562891 48.0
69.37706942136398 47.0
69.43645110797347 48.0
69.449373907464 49.0
69.4507638974443 50.0
69.46715250413635 51.0
69.52296076259783 51.0
69.58917122468597 52.0
69.61813139695221 52.0
69.64101000411515 51.0
69.66371263950916 50.0
69.69934753579425 50.0
69.80003881811136 51.0
69.82030105586719 50.0
69.92001320230612 49.0
69.93862061449232 48.0
69.94635596072777 49.0
69.96614528773299 48.0
69.97394172167542 47.0
70.02828415226239 47.0
70.04135452099378 46.0
70.05635695754806 46.0
70.0866828562986 47.0
70.11447276475879 46.0
70.12941724936445 45.0
70.15349774584703 46.0
70.22264211500334 45.0
70.23225956948285 44.0
70.26451710914081 45.0
70.29960561363325 46.0
70.34973893878646 45.0
70.35431068705925 46.0
70.5052168016647 45.0
70.56854135170059 45.0
70.58182118463968 45.0
70.5826328235722 44.0
70.65088105220994 43.0
70.67207263144253 42.0
70.72157745444044 42.0
70.72203242162662 43.0
70.79532862649002 43.0
70.96837500587948 43.0
71.04132315880211 42.0
71.18288555892211 43.0
71.2146055366137 44.0
71.25355069927274 43.0
71.29682740797175 42.0
71.30845405286816 41.0
71.35915652619624 42.0
71.36156935896804 43.0
71.37665655602132 44.0
71.38591907310449 44.0
71.4220741640743 45.0
71.42704999693565 46.0
71.430855856998 47.0
71.43119616958444 46.0
71.48997131589473 47.0
71.5060031273417 48.0
71.51307411324096 48.0
71.5290794276929 47.0
71.53658653389452 48.0
71.63779545180314 49.0
71.697684683951 50.0
71.69899720711784 51.0
71.72144859191775 51.0
71.73382682273507 50.0
71.75218247498937 50.0
71.84682530176897 50.0
71.89396554494172 49.0
71.89590364909463 48.0
71.89720022076612 48.0
71.90967886089872 49.0
71.93575730745053 48.0
71.99991411277053 49.0
72.04698411540004 50.0
72.08635765173084 49.0
72.09645705598021 49.0
72.15686783196499 50.0
72.20979354368212 50.0
72.21219341387429 49.0
72.25829005438094 48.0
72.2683106658434 48.0
72.28797679889556 48.0
72.4167346315913 48.0
72.43426465396497 49.0
72.48551021150605 48.0
72.60674350512272 49.0
72.67912757630407 49.0
72.69852456679286 50.0
72.70986172696061 49.0
72.71977143627149 48.0
72.73168494254088 49.0
72.78533759725697 48.0
72.81347093609553 47.0
72.84876049783435 47.0
72.8563053861054 48.0
72.91461071344135 48.0
72.94435320588039 47.0
72.95317345222068 46.0
72.97326148340832 47.0
72.98244512732352 48.0
73.27955663697679 48.0
73.29284527367365 47.0
73.40332002355015 48.0
73.4130641548685 47.0
73.46402869037632 46.0
73.48974332451722 45.0
73.49143786534498 44.0
73.50549647730125 44.0
73.51360577939943 44.0
73.530801082673 44.0
73.57770515023537 44.0
73.58078523338179 43.0
73.61370351180673 43.0
73.61517569483834 43.0
73.61628546741201 42.0
73.66530713893405 43.0
73.7575423849606 42.0
73.76812399830541 41.0
73.8099148793276 40.0
73.85627050692048 40.0
73.92371241829828 40.0
73.93514137028447 41.0
74.01852478683486 42.0
74.01972393498585 43.0
74.18897500474598 42.0
74.27315598240678 42.0
74.29956974957386 41.0
74.30718368616509 42.0
74.31463097415758 43.0
74.37824205397493 42.0
74.39661042106536 43.0
74.48283444666617 44.0
74.56539916822413 45.0
74.58475919430973 44.0
74.62482235864141 44.0
74.6506861648714 44.0
74.70059323743949 43.0
74.70250295829555 42.0
74.75078372232481 41.0
74.76706400014127 42.0
74.79493950013831 43.0
74.79531263869528 43.0
74.86741704502244 44.0
74.87384910864093 44.0
75.00224775515228 43.0
75.02431769528155 44.0
75.03388540196009 45.0
75.04027871059449 44.0
75.04446162316579 43.0
75.15152199966349 43.0
75.30197745217205 42.0
75.30936292311767 41.0
75.38491755411607 40.0
75.40544729753934 41.0
75.4424607916086 40.0
75.50284845267484 41.0
75.61780337829997 40.0
75.6178753316526 40.0
75.73496166497844 41.0
75.73776320463334 41.0
75.77305857465252 40.0
75.79348707998827 41.0
75.8597496389626 41.0
75.88481791951301 41.0
75.97985950610686 42.0
76.02149267450879 42.0
76.03299589753959 43.0
76.07091923772333 42.0
76.1085956084265 41.0
76.13665008224235 40.0
76.14225366186014 41.0
76.14684039381291 42.0
76.16830399054919 41.0
76.17617986053357 40.0
76.19157828957448 39.0
76.22515336150153 39.0
76.30318746224405 39.0
76.33954357493326 38.0
76.42852660753807 39.0
76.437046062035 40.0
76.44120428390076 40.0
76.44124403918636 40.0
76.46661256337859 40.0
76.46784662696629 39.0
76.51207605037207 40.0
76.58597324527858 40.0
76.58927748091762 40.0
76.6049617600447 40.0
76.81530168208597 40.0
76.81825963336777 40.0
76.82002162386743 41.0
76.83841045755217 41.0
76.84191158025648 41.0
76.87822293887847 42.0
76.91465811687672 43.0
76.92319275869548 42.0
76.9510966939571 41.0
76.9565565058931 42.0
76.97655121619694 42.0
76.98085123488484 43.0
76.98204339985557 42.0
76.98405391684565 41.0
76.995009593192 42.0
77.06847773106009 42.0
77.08386438767042 42.0
77.08893172296062 43.0
77.09711204768102 43.0
77.17539059609354 43.0
77.21045743893123 43.0
77.25706342568878 42.0
77.3146945483102 41.0
77.32593807709713 42.0
77.32697854109311 41.0
77.37629516344498 40.0
77.4085178853284 39.0
77.49242639555253 38.0
77.51565704448117 39.0
77.52537594729098 40.0
77.59590084714324 39.0
77.63152594802918 40.0
77.64372445270513 41.0
77.67240552809076 40.0
77.74277120237714 40.0
77.74717447527013 39.0
77.75664364567106 39.0
77.81378652136613 40.0
77.83562422475663 41.0
77.83612297575166 41.0
77.85301950232054 42.0
77.904917257146 43.0
77.933968639516 42.0
77.97790342883899 41.0
78.03361363158272 42.0
78.05983538924734 42.0
78.08831064356734 43.0
78.14402101653437 43.0
78.15161805282563 44.0
78.20099192105737 45.0
78.21173376475616 45.0
78.22586383038998 46.0
78.28446963334055 47.0
78.28795648747845 46.0
78.3264082366296 45.0
78.35233947444294 44.0
78.4317749480823 44.0
78.4425025559999 44.0
78.46432697596494 43.0
78.46525631632933 44.0
78.49127351645231 44.0
78.54526014260065 44.0
78.56534846209449 43.0
78.59326513168523 44.0
78.62049750346596 43.0
78.6338466672111 42.0
78.68933908635746 41.0
78.69475524911203 41.0
78.69814616610681 41.0
78.70847786426086 42.0
78.7288689616644 41.0
78.80347641851392 41.0
78.88075843761972 42.0
78.96090003291644 42.0
78.98470815121274 41.0
78.98746391225332 41.0
78.99612103166655 41.0
79.01115575837615 41.0
79.04461875373913 42.0
79.0491223823389 42.0
79.05857789065088 41.0
79.06326151043417 41.0
79.06531442817841 40.0
79.0950448143213 39.0
79.10207971731208 40.0
79.14984583667344 40.0
79.15485790565423 39.0
79.167976311571 39.0
79.19504144225769 38.0
79.21073407529006 37.0
79.21889248534914 37.0
79.23338772560945 37.0
79.2450848414007 38.0
79.28491494876518 38.0
79.33438834773962 37.0
79.34322575792102 37.0
79.3711718920267 38.0
79.4535206787675 39.0
79.46231551057498 38.0
79.53793585843805 37.0
79.5748168605963 37.0
79.60171593595673 38.0
79.70750964631543 39.0
79.71453211723612 39.0
79.72281144757252 39.0
79.73727290752983 38.0
79.75182930535804 37.0
79.79053223797571 37.0
79.81337202176407 36.0
79.83380046903801 37.0
79.83744061168937 36.0
79.85912338521094 36.0
79.94835938943037 35.0
79.98672028268867 35.0
80.01345637761199 36.0
80.09834977143733 36.0
80.12442686874743 37.0
80.16972298915422 36.0
80.19768924777644 36.0
80.22440064454557 35.0
80.24248034008801 36.0
80.25217617399888 36.0
80.28565072390012 35.0
80.28944486946234 36.0
80.29918156861208 36.0
80.32239221213257 36.0
80.33411820174351 37.0
80.35117841795002 38.0
80.36313924510712 39.0
80.36326777649836 39.0
80.38036350730587 38.0
80.40185075086548 38.0
80.49679995246225 39.0
80.58407265212674 38.0
80.6044920869912 39.0
80.66862363394625 39.0
80.78723344016232 40.0
80.84979529770013 41.0
80.8604403584894 41.0
80.87943738638548 42.0
80.91933285447695 42.0
80.95755452146945 41.0
80.96956051314623 42.0
80.979776158105 41.0
81.00694014910108 40.0
81.03746473578025 41.0
81.0389544114299 41.0
81.05431804456302 40.0
81.07378879830601 40.0
81.0835377398539 41.0
81.1402654069079 42.0
81.20739895899688 43.0
81.21837102853732 43.0
81.24187453550427 42.0
81.24217586446302 42.0
81.29790645830059 43.0
81.32162072307433 42.0
81.32951682034692 43.0
81.35510839166123 43.0
81.38769701222601 43.0
81.40565592507755 44.0
81.42751363824019 45.0
81.4365740356139 46.0
81.43754121726307 47.0
81.45779173949835 46.0
81.47309041619364 47.0
81.48794971618776 46.0
81.53789956676334 46.0
81.6831064787093 46.0
81.69233629737877 45.0
81.70081100256573 44.0
81.7387642967752 45.0
81.75775710654355 45.0
81.90337722829067 45.0
81.90907176968517 45.0
81.95186183943264 44.0
81.95661225857918 45.0
82.0360635378138 45.0
82.0730558813194 44.0
82.07737857480514 45.0
82.15183501677186 46.0
82.23161506912625 46.0
82.29566861053875 47.0
82.3569466920885 48.0
82.45264249420845 48.0
82.47580318094508 48.0
82.51118958438143 47.0
82.55713604533595 47.0
82.58890412502737 46.0
82.61574135079118 46.0
82.69714131521167 47.0
82.71817408605973 46.0
82.72181598188826 45.0
82.78616996566831 46.0
82.86812732135883 45.0
82.92266644723782 44.0
82.92621685828588 44.0
83.0229713050485 45.0
83.0431310105012 45.0
83.10685971995528 46.0
83.11003099076927 47.0
83.15041556065664 46.0
83.19165794122195 47.0
83.22038495207313 47.0
83.25416332368367 47.0
83.30522650388563 48.0
83.36767995808252 49.0
83.38253622270781 50.0
83.3839837522942 49.0
83.44758452140812 50.0
83.46679208539085 51.0
83.513635265422 51.0
83.52100252566781 52.0
83.52418556412184 51.0
83.5660466128642 50.0
83.58359759782358 50.0
83.59001506523647 51.0
83.62222586862059 50.0
83.71127657342619 50.0
83.71306448793054 49.0
83.72801520506304 48.0
83.74477582451424 47.0
83.77443739609905 47.0
83.85919500827694 47.0
83.97760101684574 47.0
84.00175991522411 47.0
84.08230152291779 46.0
84.12504689077709 46.0
84.12891450563345 47.0
84.13778693747062 48.0
84.1424605605339 49.0
84.17380180835569 48.0
84.26911453491148 49.0
84.2748758873157 50.0
84.31342616561788 50.0
84.33361352505412 49.0
84.3522179504366 50.0
84.3586567681281 51.0
84.39459262277003 52.0
84.40247428665154 51.0
84.55480568204774 51.0
84.56218537580416 50.0
84.63561565796827 50.0
84.65434978499641 50.0
84.70684198495766 49.0
84.71791483033239 50.0
84.7226464750483 50.0
84.72458049976332 49.0
84.74373840231523 48.0
84.76988669038893 49.0
84.77019734676088 49.0
84.7802479522548 48.0
84.81097788138321 49.0
84.91571831928248 48.0
84.92222610436366 49.0
84.95900317994221 49.0
85.00474755982157 48.0
85.10575374117076 48.0
85.13742708767634 49.0
85.15818677905082 48.0
85.18933257600229 48.0
85.20741360124269 47.0
85.28281654093828 46.0
85.28832817930378 46.0
85.33269925198935 45.0
85.35541419362025 45.0
85.36100170597031 44.0
85.48120598806794 43.0
85.54010015094313 42.0
85.55300879310458 41.0
85.59646266214737 41.0
85.60086564844401 41.0
85.63641197699496 41.0
85.66295868372357 40.0
85.8124599871685 40.0
85.83138374691644 41.0
85.95168475858097 40.0
85.9610970153197 40.0
85.99247170242398 41.0
86.00270542463758 41.0
86.0370884081682 40.0
86.0775192936559 41.0
86.108663875817 41.0
86.12225907806662 42.0
86.12378201669921 42.0
86.12887263395227 41.0
86.16131356619267 42.0
86.17273517716741 43.0
86.17378697807955 44.0
86.17876845184793 44.0
86.18456868388559 44.0
86.24181438503679 45.0
86.26305575465713 44.0
86.30013885824155 44.0
86.30903964657362 44.0
86.35437630705182 43.0
86.35663054896366 43.0
86.42280275877144 43.0
86.43086207671224 42.0
86.45788865770274 42.0
86.49183254709008 42.0
86.5303290014815 41.0
86.53124342656474 42.0
86.5337276490631 41.0
86.56291712814057 40.0
86.59102179073614 40.0
86.6434680339134 39.0
86.65340623340025 39.0
86.69458254913143 40.0
86.7114095737156 40.0
86.78853371814442 40.0
86.81649484710414 39.0
86.81717970326078 38.0
86.83123421407107 39.0
86.87879992319294 38.0
86.88360912555655 38.0
86.97593566258433 38.0
87.02000476650709 37.0
87.09880037539585 36.0
87.13192782389424 37.0
87.13819416859626 38.0
87.1805511051314 39.0
87.18954168697987 40.0
87.1900677065682 40.0
87.19618386239293 40.0
87.21475389250826 41.0
87.23002466217542 42.0
87.2950534420076 41.0
87.32936768262941 40.0
87.4105570471019 41.0
87.43901434334302 42.0
87.46461463256674 43.0
87.46737699150951 43.0
87.47683610496013 44.0
87.52494372900904 43.0
87.53819852502566 42.0
87.6047895103968 43.0
87.61544414478044 44.0
87.62739628247238 44.0
87.69633463534956 44.0
87.71500451102943 44.0
87.7151947554422 44.0
87.78766822631395 45.0
87.90303893982737 46.0
87.94828875502793 45.0
88.01580693294392 46.0
88.04795583914718 46.0
88.07510907735944 45.0
88.1666416474027 46.0
88.21755249170738 47.0
88.27709670680485 47.0
88.27865618584828 48.0
88.40946563680623 47.0
88.42634759788581 47.0
88.48522041236717 48.0
88.55925769490418 47.0
88.58049376040408 46.0
88.61289608384078 45.0
88.61414044067416 44.0
88.63963979330612 44.0
88.64252168292063 43.0
88.64636638954596 43.0
88.66583473450598 44.0
88.68430692910081 45.0
88.71619464502768 46.0
88.77081678362818 47.0
88.7888314676531 48.0
88.8447477912537 47.0
88.92262593906649 47.0
88.93107844177024 48.0
88.93499596363732 47.0
89.11312412170071 48.0
89.14732922263323 47.0
89.17008848480025 46.0
89.18346110740674 46.0
89.18825704009517 46.0
89.2377306494235 46.0
89.2399193223191 45.0
89.24353976971727 46.0
89.3033486486804 45.0
89.35933745326669 46.0
89.39929421703503 45.0
89.44413518879269 44.0
89.47548404837895 44.0
89.49774450620522 44.0
89.68574025287256 45.0
89.78160537155392 46.0
89.78966937098596 47.0
89.79759144555983 46.0
89.92442221389123 46.0
89.93765430338001 47.0
89.9815632483278 48.0
90.03036814260699 48.0
90.03126824311875 49.0
90.04747088894777 50.0
90.06253411526248 50.0
90.12430290766294 51.0
90.14046326614006 50.0
90.16877781361086 49.0
90.18666045699128 48.0
90.20079563905311 47.0
90.33438578702167 48.0
90.35359721181051 49.0
90.38582852739285 50.0
90.48639641388348 51.0
90.53481790706454 52.0
90.59230843794424 51.0
90.65286237285991 52.0
90.70503757341096 53.0
90.74156753571533 54.0
90.9549037701846 54.0
91.06594908494138 55.0
91.08151223965451 54.0
91.14212530589433 55.0
91.16975623204013 56.0
91.20061391828038 55.0
91.26366263697456 54.0
91.2663213328252 53.0
91.29723888895273 53.0
91.29736910374804 52.0
91.30342426026507 51.0
91.32130243004806 50.0
91.3375769572045 49.0
91.35920715564461 48.0
91.37944029301967 48.0
91.41457769654293 47.0
91.48797094626491 48.0
91.49196268833799 47.0
91.68841421779531 46.0
91.6975129786716 47.0
91.71452295486364 48.0
91.71901857055086 48.0
91.75693339332943 47.0
91.76894482702475 48.0
91.80006049056375 49.0
91.86247009120947 49.0
91.90781775292665 48.0
91.92064405942693 47.0
91.92700568376033 48.0
92.00898729744738 47.0
92.04305607128883 46.0
92.04341425486396 45.0
92.06324134001405 46.0
92.11092327430006 45.0
92.18375205222391 44.0
92.19561993729448 44.0
92.36878444924258 43.0
92.37857650043658 43.0
92.42503304168335 43.0
92.5009098162639 42.0
92.50586645575822 42.0
92.56692213723352 43.0
92.60820005856107 42.0
92.7081899698794 43.0
92.71218811121922 42.0
92.7176061909987 43.0
92.72362745096414 44.0
92.74222050940544 43.0
92.75896935340472 44.0
92.80269551974216 43.0
92.81111796435422 44.0
92.83654463383729 45.0
92.89533448603981 44.0
92.92623698018713 45.0
92.929358880997 46.0
92.94359120738737 45.0
92.94447453529494 46.0
92.97743666902423 45.0
93.04557901482366 46.0
93.1201151968269 45.0
93.17570972995503 46.0
93.38089603261977 47.0
93.40832997983769 48.0
93.41950830687533 49.0
93.47494855622902 50.0
93.49082286172461 49.0
93.51599812367786 50.0
93.61455841211001 49.0
93.62633228097526 49.0
93.62765870708621 50.0
93.72435703248927 51.0
93.81010182601305 51.0
93.87137376883118 51.0
94.02880563266598 50.0
94.07856275780141 51.0
94.1164911558703 50.0
94.13162761863501 51.0
94.13435397963023 50.0
94.13986799801798 49.0
94.33538569930127 50.0
94.46451066692765 51.0
94.48829968323511 50.0
94.55385697691922 49.0
94.56465718769452 50.0
94.56675716966438 50.0
94.57108175719483 51.0
94.59149553895014 52.0
94.59501991778475 52.0
94.5975152282645 52.0
94.654724983444 53.0
94.69536691176283 54.0
94.7131254483904 53.0
94.81436755097859 52.0
94.84050714914362 53.0
94.87190580379176 52.0
94.9337571993162 51.0
94.95449718169927 51.0
94.97058573143993 52.0
94.98942852903066 53.0
95.08661618029218 54.0
95.20461715250809 53.0
95.30798065149882 52.0
95.31597315698639 53.0
95.40324737299186 54.0
95.45149338194904 54.0
95.53711067475342 55.0
95.55484099884947 55.0
95.56304270479497 54.0
95.5668278833638 53.0
95.58430537248522 53.0
95.59769413853068 54.0
95.60248282960796 53.0
95.60518803555965 54.0
95.62044902087244 53.0
95.63930573779442 52.0
95.69101570420402 53.0
95.71531858436303 53.0
95.71841424681475 52.0
95.75396304597137 51.0
95.78725133621893 52.0
95.81782462490115 51.0
95.83571808965249 50.0
95.8587410612896 50.0
95.86923882704299 51.0
95.91656206356652 50.0
95.99567362914513 51.0
96.02027005479219 51.0
96.15042843807555 52.0
96.18582601236582 52.0
96.19107727163755 53.0
96.27623602785337 52.0
96.29720950168061 51.0
96.30739300575227 52.0
96.31530711014297 51.0
96.35223147076535 52.0
96.37321432055028 51.0
96.37474590869137 51.0
96.3850379961271 52.0
96.424829226087 52.0
96.46271097188286 51.0
96.5126823938579 51.0
96.53165297461422 51.0
96.53756403015285 50.0
96.70864367002967 49.0
96.72263387293057 48.0
96.72751794871866 49.0
96.74461727339222 48.0
96.79587416065445 47.0
96.80497306515215 46.0
96.81269557113369 47.0
96.8524169383828 48.0
96.85513360429606 49.0
96.89532036502673 49.0
96.9794227295764 49.0
97.00888485027227 48.0
97.07933007924959 47.0
97.13832583348267 47.0
97.13872435622933 48.0
97.16601828514945 47.0
97.1758703146641 47.0
97.17614537995463 46.0
97.1808062188881 47.0
97.1841848762167 46.0
97.2281798183467 47.0
97.26216556872428 46.0
97.2899825718095 46.0
97.29504585888623 45.0
97.36854088297386 46.0
97.4305997554969 47.0
97.45187585047015 47.0
97.47499388893873 47.0
97.49288781641614 46.0
97.51714925397815 46.0
97.52218939321703 45.0
97.5604195833278 45.0
97.5979450279238 46.0
97.61010740767705 45.0
97.77398576038641 46.0
97.77544363594586 47.0
97.881119080324 47.0
97.89400827576863 47.0
97.94933881539924 46.0
97.97509136739126 45.0
98.0015511790897 44.0
98.06521057123919 43.0
98.1005230010589 42.0
98.16217443703458 42.0
98.19755125447244 43.0
98.21133384595218 43.0
98.23809292341794 44.0
98.24963629637824 45.0
98.27414974753611 44.0
98.33999827488812 45.0
98.34451540017521 44.0
98.40579945493262 45.0
98.4352502850157 45.0
98.4698821945097 44.0
98.49148747073824 43.0
98.5167117722691 43.0
98.51674511642773 43.0
98.54306040732897 44.0
98.59481600332107 45.0
98.60904640834686 45.0
98.67183238979894 44.0
98.69925964653267 44.0
98.71705936260801 43.0
98.83124797220505 43.0
98.83947535985838 44.0
98.85586253482853 45.0
98.8783513135459 46.0
98.88491464078484 46.0
98.88759778498766 45.0
98.89226892469681 44.0
98.89564820092252 45.0
98.93426388682258 45.0
98.98459302748492 45.0
99.00695156729476 45.0
99.00711133026272 46.0
99.06806220263626 46.0
99.09831271930412 46.0
99.1312986921119 47.0
99.28660730840693 48.0
99.30432349238659 48.0
99.32132257763574 48.0
99.33789274268048 49.0
99.36733159638001 49.0
99.37931301452961 48.0
99.40813428652282 48.0
99.45913162304164 47.0
99.48467851257332 48.0
99.60319135072145 47.0
99.604218747851 46.0
99.60717744671385 47.0