0.0 35.0
0.0017107671000771523 35.0
0.021289214933268207 35.0
0.027796148081476832 35.0
0.047151193629161176 35.0
0.06251709036023184 34.0
0.1438319160998182 33.0
0.2858902641127327 32.0
0.2938188686719987 32.0
0.30424918105179993 32.0
0.33671812692786285 31.0
0.3387605350446492 31.0
0.3647436470240346 31.0
0.3849863569367895 30.0
0.4134897803920439 29.0
0.42513345670207575 29.0
0.43773091967794064 30.0
0.4704619511964659 29.0
0.5084411026448368 28.0
0.5662476504529079 28.0
0.6043028119196214 28.0
0.6451328136843753 27.0
0.6461090687113004 28.0
0.6701298797888748 28.0
0.6778347565926849 27.0
0.7023394835049547 27.0
0.7177948038611077 28.0
0.7593598803000309 27.0
0.773665064387347 27.0
0.8104550858465893 26.0
0.8253492591308518 25.0
0.8261067778304082 26.0
0.8311135613010419 25.0
0.8451367088292704 25.0
0.8718416064923817 26.0
0.8844151888712288 26.0
0.8855937055447545 27.0
0.9168746025479034 26.0
0.970196479117605 26.0
1.0087537078589284 26.0
1.0156254457790792 26.0
1.0445783971849598 25.0
1.051851249078188 24.0
1.0711256602955472 23.0
1.084694482685243 23.0
1.0898286302351625 23.0
1.1026708522192623 23.0
1.1697569227041773 23.0
1.2275930948094957 22.0
1.2330820120989827 22.0
1.2744370080178695 22.0
1.2864439608911704 23.0
1.3015173771612734 23.0
1.457201673669666 23.0
1.5568814375593485 22.0
1.582029186992083 22.0
1.6062210742073901 22.0
1.6679011007773514 23.0
1.77054085699635 24.0
1.773395916044128 24.0
1.8059466667087298 25.0
1.864595118162239 25.0
1.8670410500129417 24.0
1.8900111463065636 24.0
1.944015347843825 23.0
1.9677475803749325 23.0
1.9722549855171017 22.0
2.0332645020294233 22.0
2.045466593611225 21.0
2.066134687649891 20.0
2.123349911090735 20.0
2.1417396324298323 20.0
2.1583179489547297 19.0
2.169230657723729 19.0
2.1958194893893106 19.0
2.2121890222180682 18.0
2.231753655060389 19.0
2.2521604951329732 19.0
2.327319475550865 20.0
2.329465357203172 20.0
2.395522894883319 19.0
2.5909696610448067 20.0
2.6311638697855946 20.0
2.688663823398103 19.0
2.694402741232133 18.0
2.714635943378981 19.0
2.779966516018276 19.0
2.817928295432447 20.0
2.8266107048631155 21.0
2.8370793264085843 20.0
2.848211169889474 19.0
2.8558927668250567 20.0
2.9043295242167715 20.0
2.913272803456723 20.0
2.929307261705655 21.0
2.9324461860708415 22.0
2.9383856841204246 21.0
3.006101056600822 20.0
3.0130568706583287 19.0
3.021150326818925 19.0
3.028621818872141 18.0
3.0292780458520223 18.0
3.0308636828980444 19.0
3.0324757882811864 20.0
3.0364206277916823 20.0
3.0397649052745574 19.0
3.060101856285006 18.0
3.092898839245207 18.0
3.09372078710505 19.0
3.1203848390435844 20.0
3.1356933027536584 21.0
3.167047945710031 22.0
3.167075615670279 22.0
3.19798454860942 22.0
3.2006530097582537 23.0
3.2013759175010272 24.0
3.2371822545192215 24.0
3.2374607283861616 24.0
3.253881155974718 23.0
3.283470986653754 24.0
3.3409553162726575 24.0
3.3441292328854484 25.0
3.3589230636578233 25.0
3.4002878587638756 24.0
3.4035849852492177 23.0
3.433853760536901 24.0
3.4868838227169965 23.0
3.5184355028645893 23.0
3.523788235460774 23.0
3.529251869756786 23.0
3.5986577902258743 24.0
3.6990960876668932 23.0
3.7144112465782584 23.0
3.7175623979649797 24.0
3.7400326628653637 24.0
3.746246891372231 24.0
3.810325149752367 25.0
3.859495365395528 26.0
3.8829403674320764 26.0
3.8984485339117696 27.0
3.933506610768102 26.0
3.950889272805914 26.0
3.968710411063034 26.0
3.9755184266805825 25.0
3.986669894960474 24.0
3.9960375057233244 24.0
3.9968838949067518 23.0
4.000214656713174 24.0
4.001440398682767 25.0
4.008415280412397 26.0
4.01520980528843 26.0
4.032937153433576 26.0
4.074592773970667 26.0
4.108499874271655 26.0
4.239609389587185 26.0
4.250198353412438 26.0
4.314470284031834 27.0
4.371265590920693 27.0
4.375837258706467 28.0
4.401414664760149 27.0
4.4479094628024844 26.0
4.507612739456483 26.0
4.510833606082113 26.0
4.58790131441713 26.0
4.601630046608276 26.0
4.652784559236275 26.0
4.665674238179894 27.0
4.705640800981354 26.0
4.7284204224303465 25.0
4.75207613076493 24.0
4.755190574410574 25.0
4.774826762378885 25.0
4.807373968069838 26.0
4.816482937113732 25.0
4.81716008686898 26.0
4.822112287966927 26.0
4.837618677710337 26.0
4.886174476228391 26.0
4.904856671880252 26.0
4.91925089195407 25.0
4.927735507477707 26.0
4.931645402125734 27.0
4.954605119839078 27.0
4.956815634567082 28.0
5.0243746721846785 28.0
5.110870657892335 27.0
5.126033944885676 26.0
5.1675205473557435 27.0
5.178560062514665 26.0
5.180474574836623 25.0
5.192285817041811 25.0
5.2357941080281565 26.0
5.296185153672069 25.0
5.3180716317976255 24.0
5.324604758452901 24.0
5.353411150024785 25.0
5.356422928260106 24.0
5.392482738235188 23.0
5.397415595215459 23.0
5.397692219953782 23.0
5.463829586238782 24.0
5.465047927081949 25.0
5.553369363340843 26.0
5.589848770487112 26.0
5.5999088422509535 27.0
5.641621080249349 26.0
5.644871756409223 26.0
5.651502328796909 27.0
5.652063584104413 28.0
5.667945750614241 29.0
5.716741114378145 30.0
5.733522680566176 30.0
5.747723119180045 29.0
5.75828873274624 29.0
5.771925832506588 28.0
5.7880209672863785 28.0
5.8151171411142215 29.0
5.8327921031975 30.0
5.849236770168871 29.0
5.878948678342412 29.0
5.8828347327172255 30.0
5.8848677418515996 31.0
5.900547394259276 31.0
5.901642261909263 31.0
5.9406955194591875 30.0
6.055998236969319 30.0
6.145273898068534 30.0
6.165094744789853 29.0
6.2130387315197435 29.0
6.303406408559677 28.0
6.303568786510932 27.0
6.369019897367659 27.0
6.387422820984344 28.0
6.432765142716919 28.0
6.439841174766822 29.0
6.443218238703642 30.0
6.50067148382728 30.0
6.516687313535822 29.0
6.544707764655351 29.0
6.568108906481741 29.0
6.61076111771524 28.0
6.64254527644507 28.0
6.669386069911434 29.0
6.681510409872344 30.0
6.685507332821001 29.0
6.691041567664994 29.0
6.75402735093842 28.0
6.803826987121178 29.0
6.816468647127473 29.0
6.867534982399841 30.0
6.963117045750307 30.0
6.974005755192903 31.0
6.989114875714003 31.0
7.016156890806291 30.0
7.020957407857209 31.0
7.030749886721792 30.0
7.033240742188575 31.0
7.059262711410873 30.0
7.065980292048369 29.0
7.069532945980993 30.0
7.123435234204523 29.0
7.161933733087694 29.0
7.168131023661401 29.0
7.181577162662856 29.0
7.195099570322303 29.0
7.218781313694557 30.0
7.220741723115361 29.0
7.2273341630682575 28.0
7.24633459017363 29.0
7.293555139770172 28.0
7.298085881173022 28.0
7.305449328450367 27.0
7.308632244675078 26.0
7.362208395514353 26.0
7.378154695719139 25.0
7.378769839228465 26.0
7.406430060704489 26.0
7.415345323521726 26.0
7.429816914625577 26.0
7.434509983097893 26.0
7.455921092087156 26.0
7.540883736871466 27.0
7.594108341328329 27.0
7.604259152298663 28.0
7.620401074646189 29.0
7.648205018908578 28.0
7.6990843276891745 29.0
7.773656334045641 28.0
7.809325772553101 29.0
7.838860505735452 30.0
7.87430154267416 31.0
7.897880642794334 30.0
7.911038854475514 30.0
7.932546597288073 31.0
7.932695900840104 31.0
7.959753292859961 32.0
8.110970392126456 31.0
8.128557907337777 30.0
8.147281986171079 30.0
8.15862541422073 29.0
8.199581519468987 29.0
8.242624820702968 29.0
8.272438907738039 30.0
8.28186775541593 30.0
8.355521092289283 31.0
8.363353929674215 32.0
8.3915946334249 32.0
8.412440514378094 31.0
8.420108580332354 32.0
8.442404112016947 32.0
8.445094671885613 31.0
8.452013429620923 32.0
8.459933347852512 31.0
8.469315385951933 31.0
8.501347304738866 31.0
8.524154795959953 31.0
8.5379551845531 30.0
8.558890675820653 30.0
8.561472508176266 29.0
8.56288133997452 30.0
8.57552747697344 29.0
8.596792518445021 28.0
8.657313330754093 28.0
8.687906906620352 28.0
8.6932747559967 29.0
8.705260199096633 30.0
8.724341481144604 30.0
8.736427698290552 30.0
8.789531479104875 31.0
8.801939232069822 31.0
8.804446675485247 32.0
8.865335524885072 31.0
8.895663787375534 31.0
8.949803382015162 30.0
8.961627355463053 29.0
8.966599744231974 28.0
8.983577937890372 28.0
8.99964735880704 27.0
9.00395840365518 28.0
9.012396258040225 28.0
9.026280203254919 28.0
9.054935603118084 28.0
9.10564354753787 29.0
9.248256021891814 30.0
9.251209085910189 31.0
9.255401462398865 32.0
9.277122708604365 31.0
9.315269405728593 31.0
9.320320384573765 31.0
9.33854668214484 30.0
9.368907672075984 29.0
9.408791330750363 30.0
9.424594341280521 31.0
9.426386572406777 30.0
9.452047844803674 31.0
9.461176576974081 30.0
9.479177308263896 29.0
9.480137160611504 30.0
9.488478111913793 29.0
9.49255079966957 28.0
9.50363239475311 28.0
9.50639539884247 29.0
9.569983323944234 28.0
9.597970147159083 27.0
9.605175795255255 28.0
9.622191860317765 28.0
9.638765411752788 28.0
9.724765464868991 28.0
9.844455285475744 27.0
9.868387423792488 27.0
9.87619374579865 26.0
9.888929717397158 25.0
9.898526861804806 24.0
9.904242260132204 24.0
9.974683385580262 24.0
10.04828317977154 25.0
10.15104091994661 26.0
10.24969358031028 26.0
10.29670980793902 26.0
10.317579516099274 26.0
10.32316038346167 27.0
10.357462094115165 26.0
10.36235057487331 26.0
10.37754536416317 25.0
10.421780425655214 25.0
10.464283221900681 24.0
10.553912013605677 25.0
10.578162404152067 26.0
10.607650852252641 27.0
10.630498109934464 27.0
10.637896886607152 27.0
10.664865054905519 27.0
10.683273744884321 27.0
10.72840649160887 28.0
10.73158270834331 29.0
10.819077406785928 29.0
10.83398773415591 29.0
10.83915955671452 30.0
10.913585589242253 29.0
10.942724428719497 30.0
10.97454076722635 31.0
11.00151608678531 31.0
11.012118888246395 30.0
11.071639966930329 31.0
11.106064729419854 32.0
11.107359032408684 33.0
11.16362145502707 34.0
11.1695161379842 35.0
11.21474900620888 34.0
11.24390756621739 34.0
11.341120891216095 34.0
11.396005952691295 34.0
11.399327571242726 34.0
11.440141673641845 34.0
11.504372520893707 34.0
11.618513100461286 34.0
11.643792131252996 35.0
11.649696401024615 36.0
11.65285189388252 37.0
11.664854674592675 38.0
11.6674277888293 39.0
11.676552478210803 38.0
11.69515677883459 37.0
11.743799229797164 36.0
11.790220550858718 37.0
11.794419842366242 37.0
11.856235422237978 36.0
11.86159122104547 35.0
11.910636887386977 35.0
11.912536014704257 36.0
11.92512839495985 36.0
11.942037283238106 35.0
11.953162597839487 35.0
11.98760147922559 36.0
12.0200175721509 37.0
12.023791020269755 36.0
12.070799985791616 36.0
12.100804755446426 37.0
12.10746042387703 37.0
12.225113587232542 38.0
12.236810129059396 39.0
12.273718573722006 39.0
12.284734549445135 38.0
12.292008889250287 37.0
12.32627213705523 37.0
12.37158831293255 37.0
12.398639138919677 37.0
12.406218871685152 37.0
12.505870335794828 36.0
12.507776687897627 35.0
12.598093267334038 34.0
12.60494739283243 35.0
12.671477492063248 34.0
12.678048919247658 34.0
12.754046576281576 34.0
12.770491639531643 34.0
12.771325398656002 35.0
12.800382987152947 34.0
12.804194529140462 34.0
12.848141896689249 35.0
12.868943694561523 36.0
12.955794761949313 37.0
12.982573603636686 37.0
12.983452374728893 37.0
12.987789112336584 37.0
12.999485130052706 38.0
13.010521909033738 38.0
13.080208565485224 38.0
13.140756836941332 38.0
13.147241139213778 37.0
13.15573744441741 36.0
13.2057213757785 36.0
13.297447138040921 37.0
13.3356045021304 38.0
13.381573481788434 37.0
13.475619696714494 36.0
13.49586038234669 35.0
13.548229455181758 36.0
13.557558535086663 36.0
13.559420811775398 35.0
13.628598414291176 36.0
13.668177097964316 37.0
13.668825374536596 36.0
13.668908633848709 37.0
13.710792849532764 37.0
13.723921266291024 36.0
13.731389761693425 37.0
13.734628778063687 36.0
13.799780093696878 37.0
13.869128100351148 36.0
13.87802446542188 35.0
13.92127082939802 35.0
13.964637311554199 34.0
13.995903196108687 33.0
14.028578784063553 33.0
14.084445620124026 33.0
14.106891914379116 32.0
14.14140377993314 31.0
14.17405129701781 31.0
14.226843590091523 31.0
14.230334818819035 31.0
14.231240364135932 32.0
14.29388502883318 32.0
14.337014161047803 32.0
14.354425554307634 33.0
14.372043565451436 34.0
14.411542043431002 34.0
14.43299926631892 35.0
14.46969156229742 34.0
14.472239113198613 34.0
14.532199754693359 35.0
14.578158786664645 36.0
14.671836297529277 37.0
14.68483367672899 38.0
14.690254301211212 39.0
14.78613872240273 39.0
14.815226522077266 39.0
14.910488960631529 39.0
14.928502647347091 40.0
14.964854725201446 40.0
15.03788753956073 41.0
15.183962645417479 41.0
15.184882022830804 40.0
15.25146468789163 39.0
15.324264576653611 38.0
15.336830125904829 38.0
15.358120270739565 38.0
15.373776024817952 38.0
15.455818667388321 38.0
15.61833767042446 37.0
15.639111236138595 37.0
15.668568069783126 36.0
15.687428526296678 36.0
15.74408592820689 35.0
15.75585264601694 35.0
15.804313725327912 36.0
15.84885658647664 36.0
15.857442151225541 36.0
15.898015741464608 37.0
15.941970043260094 36.0
16.037545951381595 36.0
16.04475496116691 37.0
16.05147017756687 36.0
16.067375070783758 36.0
16.069528388149216 37.0
16.075587064107747 37.0
16.090821336654617 38.0
16.092342556119167 38.0
16.117471972274252 37.0
16.159328562263926 37.0
16.23088080510003 37.0
16.255157486583172 37.0
16.260742564199816 37.0
16.288053076523223 37.0
16.296802669416873 37.0
16.37194102756554 38.0
16.372242440837592 38.0
16.411926169797596 38.0
16.446507948719745 38.0
16.46785707723576 38.0
16.488197122394855 38.0
16.518648301260445 37.0
16.541321974637125 37.0
16.553462737489966 38.0
16.56654833464239 38.0
16.567582894918818 37.0
16.667498063740005 38.0
16.66832753567514 37.0
16.726592473396668 38.0
16.736265731397115 37.0
16.748411638611277 37.0
16.756785663374416 37.0
16.757034264244197 38.0
16.785207140861132 37.0
16.813984213984767 38.0
16.881806393904256 37.0
16.893983372537814 37.0
16.9581505393554 36.0
16.989921039912506 36.0
16.998489876822056 37.0
17.022201397068464 36.0
17.03266653313496 35.0
17.135714167833296 34.0
17.196129069396044 35.0
17.200097248591348 36.0
17.215858491380494 35.0
17.245339087696077 34.0
17.351131248140195 34.0
17.391407866387542 33.0
17.40862965817877 32.0
17.417931787345342 32.0
17.4439337451139 32.0
17.521703514528035 33.0
17.548181114515856 34.0
17.560216129091106 35.0
17.592526269956476 34.0
17.60994521084009 34.0
17.67227029405023 33.0
17.67387177079205 32.0
17.769634690759116 31.0
17.782346122941533 31.0
17.827052427779467 31.0
17.8751698724981 30.0
17.89296368905813 31.0
17.921149458804617 31.0
17.95438532012621 31.0
18.009703505831418 32.0
18.027681279533347 33.0
18.074050892979603 34.0
18.119094077733788 33.0
18.144532476682837 32.0
18.194385285450227 33.0
18.19973139196065 33.0
18.20724719994439 32.0
18.25197480066301 33.0
18.308204647097092 34.0
18.321134734971544 34.0
18.333157855235406 33.0
18.3537289249527 33.0
18.398024946812217 33.0
18.402148957280097 34.0
18.410059549877246 35.0
18.43739076208774 36.0
18.53978178526133 35.0
18.54995496752 34.0
18.57893021437974 35.0
18.580574685016007 35.0
18.58883328858168 34.0
18.608492493444384 33.0
18.68227428310305 32.0
18.707632941254488 33.0
18.765179149763828 32.0
18.78271037941141 31.0
18.79805661648601 32.0
18.9024085595545 33.0
18.906169298552104 34.0
18.914778668207767 35.0
18.917035549556633 35.0
18.956111345428205 35.0
19.006748225035096 36.0
19.012116547958442 37.0
19.016554780334054 36.0
19.025767729684674 36.0
19.049845174087583 35.0
19.069177645686274 36.0
19.0914621568872 37.0
19.092609411907933 37.0
19.094150161647867 38.0
19.105555855121672 37.0
19.151113434585298 37.0
19.17875410191689 38.0
19.2455643277295 38.0
19.25719434009113 39.0
19.267462862008813 39.0
19.382679678522663 38.0
19.386560220412846 39.0
19.423177364737832 40.0
19.4484684323153 40.0
19.456244333680985 39.0
19.52079591683578 40.0
19.740689814122817 39.0
19.74626711992322 38.0
19.826147560959466 37.0
19.898156296019295 38.0
19.92563564507476 39.0
19.942778208598494 40.0
19.942905550587053 40.0
19.96565161164944 40.0
20.051448535231437 40.0
20.054677523396034 40.0
20.055759813608873 41.0
20.079258775018136 40.0
20.11764719545543 39.0
20.13759786457682 38.0
20.141610636094278 39.0
20.14612921240844 39.0
20.187753003100397 38.0
20.243900470402313 38.0
20.305310517801527 38.0
20.341348425929482 38.0
20.34869598445218 39.0
20.349602182370656 38.0
20.452315392341873 37.0
20.45617969191565 38.0
20.47133811994676 38.0
20.493662492257325 37.0
20.51966674720173 36.0
20.519814033142865 35.0
20.527854591880182 34.0
20.562182646167575 34.0
20.585398548925024 34.0
20.6662512070343 34.0
20.672894383547398 34.0
20.69163601867668 34.0
20.74837670394167 33.0
20.77974790957361 33.0
20.796087482670504 32.0
20.801097814520723 32.0
20.806309448628316 32.0
20.848098802447062 33.0
20.84889788669667 33.0
20.90910556784815 33.0
20.917796564616598 34.0
20.927392461750784 34.0
21.11130946936719 34.0
21.16897910500976 34.0
21.19564099039421 34.0
21.209361735858174 34.0
21.218480102803653 35.0
21.260899565754254 35.0
21.28232913996457 35.0
21.360127196551048 36.0
21.398381419711832 37.0
21.413542941223678 38.0
21.438108813208835 37.0
21.471259321935868 37.0
21.476008185588626 37.0
21.5370132774477 37.0
21.542692288400616 37.0
21.55230085976442 36.0
21.579350679314075 35.0
21.64608564485818 35.0
21.677286523683694 36.0
21.696496789423893 36.0
21.728477385711507 36.0
21.767288722833552 36.0
21.770016261610998 36.0
21.77550225667868 35.0
21.789030227958975 34.0
21.790323011261723 33.0
21.817238320220646 33.0
21.817459873035087 32.0
21.889995701961173 31.0
21.92181114491542 30.0
21.93470180911815 29.0
21.93659775192507 28.0
21.961331194766146 29.0
21.964361103955575 30.0
22.061660614891267 29.0
22.079650347306444 29.0
22.082605183049637 28.0
22.084552713160566 29.0
22.08927201152642 30.0
22.090290866662535 30.0
22.130499127373778 29.0
22.15651585535449 29.0
22.160872988010095 29.0
22.180037776664737 29.0
22.227542752564617 29.0
22.247113561333272 28.0
22.300808071788655 28.0
22.330397929234678 28.0
22.433312943623243 29.0
22.433697132712233 29.0
22.500912158055794 29.0
22.531736053319683 30.0
22.53567804823096 30.0
22.540884375414983 31.0
22.545790031225057 31.0
22.55611237007451 30.0
22.575400698710634 29.0
22.577452609028633 30.0
22.581149655694244 31.0
22.623650360821692 32.0
22.69073302679082 33.0
22.69536516332962 33.0
22.718487045913996 33.0
22.74152699089146 32.0
22.808303661413486 31.0
22.811184618564564 32.0
22.813826428651502 32.0
22.82392292073156 32.0
22.879706347994755 32.0
23.082258651363247 31.0
23.111409935147343 31.0
23.15864532357217 31.0
23.166998337024523 30.0
23.259287976632315 30.0
23.259639195582285 31.0
23.281203570956112 31.0
23.35072645296535 32.0
23.35537485994639 31.0
23.417680054717373 31.0
23.42005658586984 31.0
23.45826939499499 32.0
23.460781193276436 32.0
23.465056357856046 32.0
23.54859376392972 33.0
23.558943924317578 32.0
23.589399669918286 32.0
23.59697463583496 31.0
23.59954028029728 32.0
23.611482603938505 32.0
23.61207357430502 31.0
23.72696392649115 30.0
23.73626813432883 30.0
23.81251594486063 30.0
23.847706937696486 29.0
23.850911435819775 30.0
23.86380199499345 31.0
23.864624005847826 30.0
23.86843392602394 30.0
23.87660854810088 30.0
23.9155900104739 29.0
23.937108751146653 28.0
23.96436714916637 28.0
23.977264939571977 28.0
24.02418434570895 27.0
24.201124352457775 27.0
24.243961924191684 28.0
24.294968511234583 29.0
24.295515808678743 30.0
24.447390124569758 31.0
24.46269833595036 31.0
24.481997052804026 32.0
24.486302033558808 32.0
24.496720738340095 33.0
24.52913746348141 32.0
24.548834343148645 32.0
24.563573783058782 32.0
24.59017046067093 31.0
24.66851732448587 30.0
24.71715387375172 31.0
24.78538866362805 30.0
24.811918697218807 31.0
24.85112504624763 31.0
24.882209548270687 32.0
24.909144037644918 32.0
24.921726560225366 31.0
24.955071996804612 30.0
24.958296174909027 30.0
24.969199273149062 29.0
24.985223201481364 29.0
24.987980077272685 29.0
25.04801973514053 29.0
25.114366341439048 29.0
25.12063095895081 29.0
25.23145066658683 29.0
25.31073706122881 29.0
25.335776788919443 29.0
25.349082265015 30.0
25.36962954084091 29.0
25.3817741658902 30.0
25.42724692112251 30.0
25.444688331703055 29.0
25.559605304332337 29.0
25.583333309757926 30.0
25.59108841049036 29.0
25.654305185707074 28.0
25.65726755005685 27.0
25.662339303092864 28.0
25.66251820909582 29.0
25.662831924819205 30.0
25.663286905692797 30.0
25.691269971300205 30.0
25.74710895047273 30.0
25.748053908483598 31.0
25.764386896531022 31.0
25.795474917929585 32.0
25.799314727773236 31.0
25.841918144649405 32.0
25.878892589577532 31.0
25.887465404393634 31.0
25.926312150909485 30.0
25.96495863517729 30.0
26.016661325880072 31.0
26.030892212246087 32.0
26.047914468033404 31.0
26.113902009513506 31.0
26.136196554549016 31.0
26.1384995560918 32.0
26.1403898006565 31.0
26.144435925423615 31.0
26.14988611720817 30.0
26.15792874325566 30.0
26.17927867304113 29.0
26.188804334203425 28.0
26.31824378153058 29.0
26.34161055279371 29.0
26.42310996368609 29.0
26.433197658803106 30.0
26.476920003370367 29.0
26.483589595459847 29.0
26.55738800962889 30.0
26.602534769637764 31.0
26.614232219919522 31.0
26.62414923252064 31.0
26.736458474491947 31.0
26.740163880061594 31.0
26.819481138492364 30.0
26.828393365312543 31.0
26.859208605077065 31.0
26.901703007982768 30.0
27.021949962406758 30.0
27.052182230359463 31.0
27.09318244154731 31.0
27.119989445932188 30.0
27.134153011610326 31.0
27.206755832023937 30.0
27.258303069915225 29.0
27.26975261252394 30.0
27.280532515633723 29.0
27.290851557033466 30.0
27.330794768054094 30.0
27.33728249413226 31.0
27.35751253249157 30.0
27.41499190333033 29.0
27.41545249021556 29.0
27.468462312893 30.0
27.475541678476283 29.0
27.480512268732788 29.0
27.487681535564704 30.0
27.518811600520678 29.0
27.536128337111744 29.0
27.54604357623152 29.0
27.584876300426295 29.0
27.5941186440745 28.0
27.59641997969298 28.0
27.601844525118285 29.0
27.62481507254798 30.0
27.693857733896923 31.0
27.827622319245886 32.0
27.839088789082723 32.0
27.884817303496554 32.0
27.919896408668986 32.0
27.93753578341064 32.0
27.959045191019122 32.0
27.97979983549295 33.0
27.993605064725124 33.0
28.002735140224665 32.0
28.0063202455607 32.0
28.03439236123672 31.0
28.065219691019465 32.0
28.07293154459258 31.0
28.11223064319849 32.0
28.112921192189148 33.0
28.130166738345874 33.0
28.141486163135376 34.0
28.14226812232402 35.0
28.161929947417605 35.0
28.195572419187297 35.0
28.212230628887127 35.0
28.216402689005033 34.0
28.25835251191717 33.0
28.268272774476085 34.0
28.28811894219257 35.0
28.30841187058362 36.0
28.358646429439865 37.0
28.392038005549608 37.0
28.41142656696742 36.0
28.415818005309994 36.0
28.43030704757771 36.0
28.476343163585334 36.0
28.49936420172163 37.0
28.50156628971936 38.0
28.509257736195604 38.0
28.53000654842272 39.0
28.53888652582238 40.0
28.542867093507496 41.0
28.56704812541905 41.0
28.707914474161836 42.0
28.754279876946192 41.0
28.83971916075317 42.0
28.884716942144948 43.0
28.897268485693203 43.0
28.91405001201178 43.0
29.01647673733974 43.0
29.033796061859434 44.0
29.054299776780145 44.0
29.102077590433474 44.0
29.149746631168302 43.0
29.217400268162688 43.0
29.228696275002275 42.0
29.2608909065743 41.0
29.263472481524964 41.0
29.271751383184682 41.0
29.286952040337034 40.0
29.293107100135387 41.0
29.296691991708173 42.0
29.319326985027825 42.0
29.38055855634202 42.0
29.38437946499764 43.0
29.39810923248748 44.0
29.40154708676536 45.0
29.41181143367715 45.0
29.412773708322838 46.0
29.47370090992526 45.0
29.571183763385648 44.0
29.58924010839978 44.0
29.65434659799288 44.0
29.6692396957278 45.0
29.80017472298981 45.0
29.834213924246466 46.0
29.844151897537955 46.0
29.862765156047235 47.0
29.933054099242216 46.0
29.990311771809388 45.0
30.009003493393013 46.0
30.045093335973323 46.0
30.159908597071894 46.0
30.17690029629558 45.0
30.211487766510533 45.0
30.219255252177724 45.0
30.222358219096648 45.0
30.300527156440264 44.0
30.316020699621046 43.0
30.324050805340338 42.0
30.349306538312813 42.0
30.409994022184108 42.0
30.51442810156248 43.0
30.52762642373263 42.0
30.547357735770788 41.0
30.549458338459214 41.0
30.552662623676323 41.0
30.552745367517918 40.0
30.566952916074 40.0
30.607620355604297 39.0
30.637129782585273 40.0
30.701397264905815 41.0
30.72771616270434 42.0
30.783693539881718 42.0
30.800527539095352 42.0
30.839237744129036 43.0
30.90069510627921 44.0
30.93256623818917 45.0
30.94634943075007 45.0
30.966041386292286 44.0
30.98584907027805 44.0
31.001023412633078 45.0
31.02759264262633 45.0
31.05006340721589 46.0
31.06392244337394 45.0
31.092067657243806 44.0
31.119501316536144 43.0
31.126574941543726 43.0
31.136900837343156 42.0
31.145883027655902 43.0
31.295803961902276 43.0
31.302632930867976 42.0
31.309382737336385 42.0
31.312966552141738 41.0
31.362422213134835 40.0
31.369567312279166 41.0
31.45916616753264 42.0
31.511212080169635 41.0
31.53163911656682 41.0
31.538333455608026 42.0
31.54788061682577 42.0
31.55753998556818 41.0
31.58131400778182 40.0
31.58641989245917 39.0
31.616781337199797 39.0
31.617181542279475 40.0
31.617786905080568 39.0
31.684880841945816 40.0
31.70010063637624 41.0
31.704612585798476 40.0
31.716970439398835 40.0
31.743689757758805 39.0
31.75463463234272 39.0
31.829082551868517 38.0
31.83363289141717 37.0
31.90596841075829 36.0
31.916356174034647 36.0
31.937351234981364 36.0
31.953567733517446 35.0
31.961249983165434 35.0
31.965483554522322 35.0
31.977715147968354 35.0
32.05070078668071 36.0
32.10006580756846 37.0
32.11882337878438 36.0
32.16893755657393 36.0
32.18174273704442 37.0
32.18915965092601 37.0
32.18997895155197 38.0
32.21436338726276 37.0
32.23218886935204 36.0
32.26104776631555 36.0
32.28131651163877 37.0
32.29726630233982 38.0
32.30841411900218 38.0
32.311636749652656 39.0
32.36286319322638 40.0
32.45314495690364 41.0
32.454030356051476 40.0
32.495753773204264 40.0
32.505330670162564 40.0
32.50563200975452 39.0
32.51943872160303 38.0
32.55754173275833 39.0
32.58865135672519 38.0
32.61999623970323 38.0
32.66704212507694 39.0
32.71581346368406 38.0
32.763866723970764 39.0
32.78191654475346 40.0
32.801283569383386 41.0
32.80521884001181 41.0
32.81199981404359 42.0
32.821318937358434 42.0
32.908523174674286 41.0
32.962902537965064 42.0
33.00638325658968 43.0
33.04004731163142 44.0
33.053179551044295 43.0
33.06080940019625 42.0
33.17428480017726 41.0
33.196847468048546 41.0
33.225950601404826 42.0
33.240062207611 43.0
33.27419459340925 42.0
33.35584379370302 42.0
33.358438313315084 41.0
33.37564705068474 42.0
33.38668709706104 42.0
33.38793817274317 41.0
33.39833460809317 40.0
33.48283280701838 39.0
33.574163508810386 38.0
33.59786141174556 37.0
33.6471397670731 38.0
33.649274230567045 37.0
33.67315650213297 36.0
33.67367456809904 36.0
33.7115815426177 36.0
33.72808432639123 35.0
33.746267961111116 36.0
33.761003095980314 36.0
33.807216187690464 37.0
33.87333144822335 37.0
33.876403657116185 37.0
34.01114120984326 37.0
34.03468942265902 37.0
34.082757850371905 37.0
34.14394952860404 38.0
34.15021318760452 39.0
34.19976998850514 38.0
34.204058500896714 38.0
34.22245739915567 37.0
34.2440037102321 36.0
34.256624841573455 37.0
34.300697060516804 38.0
34.33268404041392 38.0
34.364757065744975 38.0
34.43444927996984 38.0
34.490194849582636 37.0
34.67806271708253 38.0
34.80158413076083 37.0
34.81797387106468 37.0
34.86761319781895 37.0
34.93740844032572 37.0
34.943973231231496 37.0
34.96044489638532 37.0
35.00477426348066 37.0
35.008616099396164 37.0
35.023347400660576 36.0
35.15152745877412 35.0
35.15458619045118 35.0
35.18982706549887 36.0
35.22330740683549 36.0
35.24124447996436 36.0
35.25899357255665 35.0
35.31599658636462 34.0
35.31966473327066 34.0
35.32287066825788 34.0
35.36411831856485 35.0
35.373212424868136 35.0
35.39646117903146 36.0
35.4086831360633 35.0
35.4520376451336 35.0
35.50203000546548 35.0
35.531334928390386 35.0
35.67727988664074 34.0
35.67980114610302 33.0
35.721733445921274 32.0
35.72707666645055 32.0
35.8100976962336 31.0
35.88536432406923 32.0
35.94258423363373 32.0
35.961103130522325 33.0
35.966149266308356 32.0
35.96913148173781 31.0
36.04069897205629 31.0
36.060343363089636 31.0
36.10365663793963 31.0
36.14551765390747 30.0
36.19758695780763 30.0
36.25060344720211 29.0
36.30186533336085 28.0
36.30244159487954 27.0
36.30516880456608 26.0
36.36452677771891 26.0
36.41779662372983 27.0
36.434774838326696 27.0
36.43955554262938 27.0
36.46941424307994 26.0
36.47762479068947 26.0
36.48071849406443 26.0
36.49485417295329 26.0
36.50503023102843 25.0
36.52432261558734 25.0
36.55228880365341 25.0
36.5703010085488 25.0
36.575395802186705 25.0
36.582440408534296 25.0
36.595585856878216 26.0
36.60020176746365 26.0
36.63385909430104 26.0
36.689739022545375 25.0
36.742294575703156 26.0
36.746526013389015 25.0
36.747270859104354 25.0
36.77195596552295 26.0
36.810431132625006 27.0
36.82326221210739 27.0
36.858486538597646 27.0
36.87261438445037 28.0
36.89224864929023 28.0
36.934891210756184 27.0
37.02715447777216 27.0
37.09181212103297 27.0
37.092109655496074 26.0
37.118506221513236 26.0
37.1387547214711 25.0
37.21454424161245 25.0
37.214898458875474 26.0
37.24231977379771 25.0
37.286845093791776 26.0
37.2892231277864 26.0
37.298372319399085 26.0
37.360405863861125 26.0
37.36453316154761 26.0
37.428977804390264 26.0
37.45421777782868 26.0
37.454861391015065 26.0
37.46120767895378 26.0
37.46862637462427 25.0
37.47475334621112 24.0
37.5559333591178 24.0
37.59889589861709 24.0
37.59907634634602 25.0
37.60291253953882 24.0
37.632822797591814 24.0
37.670410499675484 24.0
37.68395587127261 23.0
37.714102166083855 22.0
37.73302335080334 22.0
37.76394657916732 22.0
37.76703920545903 21.0
37.80751696639282 21.0
37.88410040329024 21.0
37.91065703385631 21.0
37.931658930468366 21.0
37.94300683995151 20.0
38.01048091496311 19.0
38.06853084787803 18.0
38.090977486393164 18.0
38.113602100665574 17.0
38.117367554250094 17.0
38.155710054890235 17.0
38.17442657496309 17.0
38.20140501153131 16.0
38.271914861344044 16.0
38.308120390268265 15.0
38.33821036036423 14.0
38.38365511598678 15.0
38.41425820504374 15.0
38.43757602912784 15.0
38.44009279103968 16.0
38.456884501626604 15.0
38.48671958157449 15.0
38.49088592637788 15.0
38.53191034694096 15.0
38.55169659515999 16.0
38.555255533484264 16.0
38.55739581298049 17.0
38.56373082777238 17.0
38.58538432078608 17.0
38.61949297911244 16.0
38.64224280243394 17.0
38.65403753999062 18.0
38.67160966477599 18.0
38.69060685976857 17.0
38.72678467026024 17.0
38.728280882134435 17.0
38.74498485035135 18.0
38.77378603703938 19.0
38.8156481468152 20.0
38.84582327556641 20.0
38.86587820617623 19.0
38.866559249132465 20.0
38.88210609448634 20.0
38.89592287548247 20.0
38.898561103763555 20.0
38.91468238803339 20.0
38.93090787026125 20.0
38.95380884447071 20.0
38.96612808629292 21.0
38.97922999201084 21.0
38.99770835436528 22.0
39.09258929943025 22.0
39.09565343756123 21.0
39.10826196558454 21.0
39.12240771172981 22.0
39.164399184727934 21.0
39.19039149778754 21.0
39.20397758145935 20.0
39.23439664826426 21.0
39.28955704034122 22.0
39.315043831833975 22.0
39.36504066815417 21.0
39.39576586972952 21.0
39.408940761132996 21.0
39.42340341733153 22.0
39.426468844232595 21.0
39.428767582168206 21.0
39.43146465423896 22.0
39.477804170442774 23.0
39.51132853835588 23.0
39.52435729314703 22.0
39.55771561017307 21.0
39.56423152424626 20.0
39.58320208616499 19.0
39.59547840056758 18.0
39.598241356440404 17.0
39.60239993730626 18.0
39.62166947516123 19.0
39.62846023797673 20.0
39.64501393506207 20.0
39.65131497264296 21.0
39.66174754108378 22.0
39.680554469128936 22.0
39.6989853869465 23.0
39.700403390531925 24.0
39.70359518763489 24.0
39.77301603219946 24.0
39.7830169195144 23.0
39.834832174235295 23.0
39.87330687881371 23.0
39.874930350770285 23.0
39.906319291469245 23.0
39.92119581567296 23.0
39.93810328982488 23.0
39.94550111853599 24.0
39.97364333851577 23.0
39.97527899767753 23.0
39.98116420077573 23.0
39.98408693299882 23.0
40.030176956710825 22.0
40.060318809539496 22.0
40.081564703572674 21.0
40.15184908086415 20.0
40.19496877534762 20.0
40.217959869642264 21.0
40.2578991879729 20.0
40.269404975136645 20.0
40.288891033867635 19.0
40.30268178747439 19.0
40.32140151821183 19.0
40.32958247163155 19.0
40.344350448766775 19.0
40.39028222219378 19.0
40.500192664879094 19.0
40.50292144607444 20.0
40.574966483731686 20.0
40.621954506866615 21.0
40.62396638914794 21.0
40.64552227961831 21.0
40.660409105800056 21.0
40.663498561707925 22.0
40.66980753146377 22.0
40.69090498503403 23.0
40.72577656509326 24.0
40.753801652901636 24.0
40.75720229343272 23.0
40.76151641966608 22.0
40.851083369102554 22.0
40.86312101264874 23.0
40.86897062739878 23.0
40.89478555278832 22.0
40.90077552620162 23.0
40.94191737126593 23.0
40.955703826652524 22.0
40.97728862506524 22.0
40.978267926958196 21.0
41.037224249813384 21.0
41.052361337010446 21.0
41.06208582790161 20.0
41.077293413930946 21.0
41.09542355949241 20.0
41.11198286902563 20.0
41.163244741081066 20.0
41.16632077287678 20.0
41.28593302894611 20.0
41.31017370094253 20.0
41.33715219124978 19.0
41.360488767626464 20.0
41.37355284119626 21.0
41.43717125440415 20.0
41.45049024074437 19.0
41.46219601569831 19.0
41.487224264631934 19.0
41.52758245330239 18.0
41.582044952313986 18.0
41.58493471281237 18.0
41.634645737723986 17.0
41.66563141307652 16.0
41.708477791069406 15.0
41.77593024622873 14.0
41.793325527530875 15.0
41.85136941006952 16.0
41.87802714567813 16.0
41.89088272129762 17.0
41.89958216271974 16.0
41.92882701388645 17.0
41.92951641772906 18.0
41.98340558891273 17.0
42.01556584899713 17.0
42.04967926678096 17.0
42.05057560656823 17.0
42.102620667624215 18.0
42.151038760882116 18.0
42.16246096274582 18.0
42.16584070790646 17.0
42.166960437203436 18.0
42.201107342399226 19.0
42.20874517285623 20.0
42.28986408455224 20.0
42.35530123637755 19.0
42.42462020287143 20.0
42.519637650823206 19.0
42.54517398302189 19.0
42.579521509014164 20.0
42.600577163412716 19.0
42.63242830781934 20.0
42.6339497273499 20.0
42.64244589391703 19.0
42.64844048904396 19.0
42.66661432285449 19.0
42.70318756398442 19.0
42.818566891617 18.0
42.83940733931001 17.0
42.862878866678344 18.0
42.86497298796843 17.0
42.91055445813296 18.0
42.922907215686095 18.0
43.05550628681647 18.0
43.082955203237326 19.0
43.08777891385365 19.0
43.10187170638406 19.0
43.1384325526103 18.0
43.1392059030137 18.0
43.14620195076845 18.0
43.15994508107032 18.0
43.17017873756412 17.0
43.227319744590474 17.0
43.28021778982744 18.0
43.324688441859564 18.0
43.337011225491224 17.0
43.34954833023777 17.0
43.34986867387936 18.0
43.37986547258661 19.0
43.413501453421546 19.0
43.41966235215796 19.0
43.47168616051258 19.0
43.47314413000286 19.0
43.517107461252216 18.0
43.5251286817094 18.0
43.53326285717662 17.0
43.548449067872184 17.0
43.59487805497106 17.0
43.625420083906384 18.0
43.625769273138246 18.0
43.64871316615354 18.0
43.669408647335466 18.0
43.71012298833591 19.0
43.744026984829894 19.0
43.74957640391882 18.0
43.808799368090874 18.0
43.85268818411333 18.0
43.893420015012865 18.0
43.9018127168592 18.0
43.95646506321296 19.0
43.9629425621676 19.0
44.00423669984161 20.0
44.023370749093154 19.0
44.02346001958117 19.0
44.033582223941906 20.0
44.05636968941467 20.0
44.10422850931732 20.0
44.15312825357852 20.0
44.16136621250743 21.0
44.201995763107554 20.0
44.22643233769878 20.0
44.27158808900682 20.0
44.31850567417142 20.0
44.32034656097112 19.0
44.387506159926374 19.0
44.429404802443294 20.0
44.44238042509993 20.0
44.44249262914669 21.0
44.4566279458302 22.0
44.45711695738039 21.0
44.45796436506273 21.0
44.46932839588547 20.0
44.47261069170707 21.0
44.47647527660209 22.0
44.55574485605461 22.0
44.56195465156023 22.0
44.583699191391574 22.0
44.61132935092562 21.0
44.791861372916415 22.0
44.814368138441395 22.0
44.94714278960567 21.0
45.01138278711327 21.0
45.04651710096272 22.0
45.08174070829204 21.0
45.10616016988839 22.0
45.15726784298212 21.0
45.20685044698867 21.0
45.270720275245914 22.0
45.314453724980424 21.0
45.32673915908663 20.0
45.429730480319755 21.0
45.43375695213123 22.0
45.44205861530102 22.0
45.46585644385622 22.0
45.48288782410244 22.0
45.55969971585909 22.0
45.56793301780241 22.0
45.582886110675936 22.0
45.700662611247736 23.0
45.72807165775904 23.0
45.729695710500366 24.0
45.78914230482031 24.0
45.85192236780392 23.0
45.85544790992995 22.0
45.858520834386105 23.0
45.86557002173817 23.0
45.87177134683875 23.0
45.903051390397295 23.0
45.93649916124964 22.0
45.984308000686994 21.0
46.00484483414656 21.0
46.05605772545582 20.0
46.08467447063501 21.0
46.101067838510126 21.0
46.1373427850319 21.0
46.1638036472618 21.0
46.31103815878975 22.0
46.319588788923284 21.0
46.371936614103184 20.0
46.395589644113045 20.0
46.507027210023196 21.0
46.543330974891475 21.0
46.56607233618059 21.0
46.58376341977464 21.0
46.608798923899485 22.0
46.614421869450446 22.0
46.62563115114364 23.0
46.64878587920078 23.0
46.6656722331533 23.0
46.730553123491234 23.0
46.73217770348219 22.0
46.762789457504546 22.0
46.76595142886255 22.0
46.819490557994754 21.0
46.85169888510217 21.0
46.88162619253768 20.0
46.9073545198261 20.0
46.91974911950541 20.0
46.92687407255368 20.0
46.927489495500545 19.0
46.932335495624365 18.0
46.95364312227974 18.0
46.959291410391565 18.0
46.98530971426257 18.0
46.99633954076158 18.0
46.99949712443881 18.0
47.005654721864936 18.0
47.03046005466063 18.0
47.07076232954263 19.0
47.072337706398564 20.0
47.09220868486619 19.0
47.112483514278196 19.0
47.14532908520974 19.0
47.147763618931 18.0
47.168998799234316 19.0
47.2116956792355 18.0
47.23923490762389 17.0
47.31794869739389 17.0
47.343665276589384 18.0
47.40305265039241 18.0
47.455621012820295 17.0
47.458979380452426 16.0
47.49675893643457 15.0
47.51196323556869 14.0
47.5645730075057 14.0
47.577235797614286 15.0
47.684833483053914 14.0
47.71312186943355 14.0
47.738454876690746 14.0
47.74093811752597 13.0
47.76635516137227 13.0
47.84848877398977 14.0
47.86534978789147 14.0
47.89341969148919 14.0
47.8986519558177 14.0
47.94254613870563 14.0
47.94361738613699 13.0
47.995706421349674 12.0
48.02715328659391 12.0
48.057177229962186 12.0
48.07073984525624 12.0
48.097965710164935 11.0
48.119982680564014 11.0
48.12691312821492 10.0
48.12769701729431 10.0
48.134914676798 10.0
48.169863881669606 10.0
48.1705697262005 9.0
48.18148844399378 9.0
48.20791283399405 9.0
48.21277847192197 9.0
48.28433218949027 10.0
48.30668663010635 9.0
48.371423706494404 10.0
48.375386079480954 10.0
48.38040390537051 10.0
48.44684858929804 11.0
48.44848661902539 11.0
48.45907037303184 12.0
48.47248663828437 12.0
48.51232462367607 12.0
48.520510842710365 12.0
48.540546892220824 11.0
48.547490565587744 11.0
48.608386106925096 11.0
48.60908615534344 11.0
48.65572699332167 12.0
48.680274783570745 12.0
48.69699795135815 12.0
48.70242146714058 11.0
48.83838838089259 11.0
48.91851330407866 11.0
48.94324925711189 11.0
48.94895996318729 11.0
49.02298477574067 11.0
49.107901627950255 11.0
49.144760739433416 11.0
49.197031494831215 11.0
49.25980698192479 11.0
49.27407948480338 11.0
49.28359608028116 11.0
49.30776602094273 12.0
49.32379872684063 12.0
49.32530658485887 12.0
49.32892989347275 12.0
49.338732450211715 11.0
49.34138079805331 11.0
49.3616773239598 11.0
49.36307391970247 10.0
49.36830672476301 10.0
49.43541353878811 10.0
49.441716715220615 10.0
49.45067953840135 10.0
49.45911203680812 11.0
49.48903078382729 11.0
49.59615367347193 11.0
49.609681552263126 10.0
49.61057644001646 10.0
49.620669635497364 10.0
49.65424279730017 10.0
49.68059474190468 9.0
49.705709072243 9.0
49.71385566707144 9.0
49.71567045055202 9.0
49.71945909979089 8.0
49.727747608647306 8.0
49.787103408060915 8.0
49.79064732083565 8.0
49.84716374336895 8.0
49.90912274975829 8.0
49.95996613999053 8.0
49.98492269083434 9.0
50.020082701764984 8.0
50.03185836157717 8.0
50.036253238826944 8.0
50.05352232025501 9.0
50.08349671050335 9.0
50.167531407943606 9.0
50.16760004421932 8.0
50.19545795387253 8.0
50.19588215504975 8.0
50.233741446121584 7.0
50.25614042633835 8.0
50.28879398178476 8.0
50.31633520360773 7.0
50.32977872719785 6.0
50.3991554950819 6.0
50.39972090407727 7.0
50.40602883766742 6.0
50.43435768977359 6.0
50.46356194600952 5.0
50.495018213995856 6.0
50.544758652218164 6.0
50.575720278313035 7.0
50.58861886784694 7.0
50.602405968316155 7.0
50.63460521186269 7.0
50.67228512648201 7.0
50.685677882598554 7.0
50.70634112565213 7.0
50.738485481498 7.0
50.77622716649555 7.0
50.81680920328046 7.0
50.9081447401592 8.0
50.96665409068269 8.0
50.99253545880571 8.0
50.995859352704386 8.0
51.128455603310464 8.0
51.12908516435827 8.0
51.137916488325 8.0
51.16761491793708 8.0
51.187636442129374 7.0
51.19544834009258 7.0
51.24115577497941 8.0
51.24511360155891 8.0
51.29137613205686 8.0
51.29694501910971 8.0
51.368859049351194 7.0
51.37272888567858 7.0
51.37514306035639 8.0
51.42101165731411 7.0
51.440012095847784 7.0
51.44101762616232 7.0
51.53547448236189 7.0
51.54563840835475 7.0
51.557793667694085 6.0
51.6283550524277 5.0
51.62955340149413 5.0
51.63764689149309 5.0
51.64111384026555 5.0
51.64346599185992 5.0
51.662867602065184 5.0
51.67356909702342 6.0
51.69740067544967 6.0
51.7106955531173 5.0
51.715960300677345 5.0
51.72380921314049 5.0
51.75082931336022 5.0
51.75091855874075 5.0
51.75221912468361 5.0
51.76750099870228 4.0
51.81188840164745 4.0
51.84363724361841 4.0
51.85304441804854 4.0
51.877239590281064 4.0
51.92847830295792 4.0
51.99655994910215 4.0
52.013370410399475 4.0
52.02995313184258 3.0
52.075112209772506 3.0
52.07616024512941 3.0
52.077830008823696 3.0
52.09775036510812 3.0
52.14000459363143 3.0
52.1572315135399 4.0
52.20241926005072 4.0
52.208006557447426 4.0
52.23276549234347 4.0
52.233445960037685 4.0
52.28915210008386 3.0
52.31265663854635 3.0
52.320526428030256 3.0
52.3303699290253 2.0
52.345182557483625 2.0
52.38707609969668 2.0
52.4124033633594 1.0
52.437339257550235 1.0
52.43777455187589 1.0
52.58769316482499 1.0
52.60447912360186 1.0
52.612554361864085 1.0
52.62814586019749 1.0
52.63498772880982 1.0
52.643041369247555 1.0
52.685084800779535 1.0
52.71505302291756 1.0
52.71542513996426 1.0
52.81735620017324 1.0
52.855284039870845 1.0
52.87834973942266 1.0
52.8822616484435 1.0
52.892410368169905 1.0
52.972185561639904 1.0
52.98964509143466 1.0
52.99914814824546 1.0
53.05299405644202 1.0
53.06301512299315 1.0
53.087331607430414 1.0
53.08782498980464 1.0
53.189764755106474 1.0
53.196358601104485 1.0
53.2398144184078 1.0
53.24245041418693 1.0
53.32089747533823 1.0
53.3293696577529 1.0
53.384477962853346 1.0
53.394399660990686 1.0
53.40517917014418 1.0
53.705971803574016 1.0
53.70953015239165 1.0
53.71047757136905 1.0
53.72263735684336 1.0
53.743273875269715 1.0
53.76440670175083 1.0
53.79777443078586 1.0
53.809749981245595 1.0
53.81620777354536 1.0
53.859616528604555 1.0
54.044589179311565 2.0
54.05973748849214 2.0
54.20814848591659 2.0
54.22092033956253 2.0
54.27023724186076 2.0
54.389607005866736 2.0
54.39993917136134 2.0
54.40848071697171 1.0
54.46092599284134 1.0
54.5936240678306 1.0
54.60062971268501 1.0
54.66966371687452 2.0
54.74451657212497 2.0
54.79822388525311 2.0
54.84944941851899 2.0
54.90587885959852 2.0
54.95160217211906 1.0
54.999206765964715 1.0
55.020809845475284 1.0
55.09391497778064 2.0
55.1386066025549 2.0
55.24816558660575 2.0
55.27436641765718 2.0
55.33462572841443 2.0
55.366224594457165 2.0
55.44213793107788 2.0
55.48166706283432 2.0
55.57840534358302 3.0
55.64730395146594 3.0
55.66419067889328 3.0
55.723580170452074 3.0
55.78479702440478 3.0
55.808894099008846 3.0
55.816745788877164 3.0
55.90801974171708 2.0
55.97336267676694 2.0
56.02367807698381 2.0
56.06021442920483 2.0
56.133293014792365 3.0
56.19952780323144 3.0
56.26229814870708 3.0
56.3018583592626 3.0
56.31555261144706 3.0
56.34438588001247 3.0
56.39528864113287 3.0
56.426002619795646 3.0
56.53211529877507 3.0
56.53432040371454 2.0
56.574938670570226 2.0
56.72541380300641 2.0
56.725661751681756 2.0
56.743253480940524 2.0
56.79403378959807 2.0
56.83196107176236 2.0
56.95737995769726 3.0
57.007433540617946 3.0
57.0987211593892 3.0
57.1196820127149 4.0
57.18024582310451 4.0
57.23896748681633 4.0
57.24786714202545 5.0
57.250874784462106 5.0
57.27475430063666 5.0
57.30178367515804 4.0
57.4405834336621 4.0
57.45669347229925 4.0
57.484654083458636 4.0
57.553663569648684 4.0
57.581268549484435 3.0
57.595933637743684 3.0
57.60915467585729 3.0
57.661780128095764 3.0
57.670496204912524 3.0
57.68180462211259 3.0
57.68469977073143 3.0
57.73708265175955 3.0
57.76457573775504 3.0
57.82611311214607 3.0
57.86703611696431 3.0
57.87260589253417 3.0
57.92839918802714 3.0
57.942141664568986 3.0
58.01330430411431 3.0
58.02612886066437 3.0
58.15776148990385 3.0
58.18377163617827 3.0
58.24931129600651 3.0
58.361024035316184 2.0
58.380406253729824 2.0
58.3880618709207 3.0
58.42792814251238 3.0
58.46341745774884 3.0
58.531769542515235 3.0
58.57432297572282 3.0
58.58098736993804 3.0
58.64334637061133 4.0
58.677395386685916 3.0
58.6913586306827 3.0
58.771201327352706 3.0
58.79277152232002 3.0
58.806143052976054 2.0
58.81466759114356 3.0
58.900127832942275 3.0
58.90598361883612 4.0
58.95298337061742 4.0
58.95844637230384 4.0
58.96813556375625 4.0
59.00622071310058 4.0
59.13952741039888 4.0
59.14905861394336 4.0
59.153120340735285 4.0
59.16085346411753 4.0
59.16986018692079 4.0
59.20333055312816 4.0
59.37316334687959 3.0
59.46059501076256 4.0
59.50935985327314 4.0
59.52253845990509 4.0
59.553604908843596 4.0
59.57235145212982 3.0
59.574926969493184 3.0
59.623871598101694 2.0
59.65356245275854 2.0
59.789116588422374 2.0
59.81101011886307 2.0
59.814312086843564 1.0
59.86562055076622 1.0
59.91876397374222 1.0
59.954757682946145 1.0
60.023270123884174 0.0
60.15523659055459 0.0
60.16407768446315 0.0
60.24450368024955 0.0
60.26943553760068 0.0
60.301565760941855 0.0
60.30946779141175 0.0
60.359568497687654 0.0
60.38031797912712 0.0
60.398528110081216 0.0
60.40793400403658 0.0
60.41752748067763 1.0
60.50240227960791 1.0
60.56095328467353 2.0
60.57769281140734 2.0
60.584915079232964 2.0
60.607255335831994 3.0
60.67432180188123 3.0
60.84659403484498 4.0
60.87283400411931 4.0
60.89444922850427 4.0
60.91630987200575 3.0
60.99074526649632 3.0
61.021071437999865 3.0
61.133221883395116 3.0
61.2674200245114 4.0
61.301590141681686 4.0
61.37966333442299 4.0
61.392022674543966 4.0
61.399529351156154 4.0
61.40090501081422 4.0
61.492467124015995 4.0
61.54048686791961 4.0
61.54313655585644 4.0
61.56326551002337 3.0
61.56598985627527 3.0
61.596494678346936 3.0
61.60171880755229 3.0
61.858786461889686 3.0
61.91054869820691 3.0
61.91749483869627 3.0
61.97403781774598 3.0
62.06032628823062 3.0
62.090090535718 3.0
62.11185787641315 3.0
62.187157419701975 4.0
62.31779346900203 3.0
62.35874699719262 4.0
62.38001275426485 4.0
62.398033013914855 3.0
62.42237570234392 3.0
62.42565562549808 3.0
62.438089922049734 3.0
62.45790104796469 3.0
62.48657757717633 4.0
62.510861656411905 4.0
62.55817128837506 4.0
62.6154138789516 4.0
62.643836740954136 4.0
62.659975730640035 3.0
62.69182573065446 3.0
62.70937340911033 3.0
62.72442306975381 3.0
62.7586338937078 2.0
62.80148483449285 2.0
62.9326862414295 2.0
62.951866644099084 2.0
62.95673756932083 2.0
62.99420705172977 2.0
63.0732577854049 2.0
63.09624205472114 2.0
63.158299832310966 2.0
63.1697699488297 2.0
63.182255500096474 2.0
63.23718459890654 2.0
63.25427596606537 2.0
63.306480234726365 2.0
63.34433827357064 2.0
63.34725943728936 2.0
63.36279338272059 2.0
63.39737388964726 2.0
63.446610497728734 2.0
63.45856859055769 2.0
63.48261049808902 3.0
63.529994838046925 3.0
63.629935480823605 2.0
63.641170017658474 3.0
63.73239829615199 3.0
63.83407387755191 4.0
63.868619204985784 4.0
63.9507813506985 5.0
64.10022684219953 5.0
64.2093232749711 5.0
64.32722836940553 5.0
64.35799453143206 5.0
64.44641492675848 5.0
64.4508050593153 5.0
64.4725444306472 5.0
64.54612134765436 5.0
64.64930292217724 5.0
64.7208456745849 5.0
64.75290050020273 5.0
64.81750076878393 4.0
64.866756706569 3.0
64.86768878099473 2.0
64.8693818872282 2.0
64.91209623403822 2.0
64.98828173721468 1.0
65.0353413995327 1.0
65.06758812640912 2.0
65.08802080704221 2.0
65.09921354984749 2.0
65.10967855146941 2.0
65.11596676897801 2.0
65.20130724031002 2.0
65.39778517463562 2.0
65.51101433614241 2.0
65.54817794960175 2.0
65.60248496194045 2.0
65.63780878663869 2.0
65.72455357975866 2.0
65.77340796568447 3.0
65.81058163527163 3.0
65.84046636816113 3.0
65.85204242692353 3.0
65.89105241213674 3.0
65.94150962997139 3.0
65.97978553509822 2.0
66.0536842466429 1.0
66.05749907768161 1.0
66.060978021655 1.0
66.06309170468647 1.0
66.09871082259406 2.0
66.15681791123467 3.0
66.19993042727448 3.0
66.20303032215467 3.0
66.33355830059627 4.0
66.3484384143584 4.0
66.40527019460681 4.0
66.46443399305424 4.0
66.53338383065415 5.0
66.56037022512396 5.0
66.60332637062389 6.0
66.640593282608 6.0
66.68104227452172 6.0
66.69748520396266 6.0
66.71774702818152 6.0
66.7944228959329 6.0
66.80175087856338 7.0
66.88524759758768 7.0
66.92766344476452 7.0
66.98168444230659 7.0
67.00350421669303 7.0
67.0795089534312 7.0
67.19398446194923 7.0
67.20025906015714 6.0
67.22999683198508 6.0
67.26856684207269 7.0
67.26957143182463 7.0
67.28702659956186 7.0
67.3632257284705 7.0
67.37850101838191 7.0
67.39135844983618 7.0
67.42101151277384 7.0
67.45931742885898 6.0
67.47322697894386 6.0
67.5253264564808 7.0
67.52646843111008 7.0
67.58069313613555 8.0
67.58425955900465 8.0
67.6284717079998 8.0
67.64447750805013 7.0
67.68139472243261 7.0
67.71514799443072 7.0
67.72426120050191 7.0
67.77452983558541 7.0
67.7850710976003 6.0
67.78594329666495 6.0
67.79584384589528 5.0
67.8188228285768 5.0
67.88692110716782 5.0
67.90184033923481 6.0
67.92951190115626 6.0
67.94828451734539 6.0
67.97538396893609 6.0
67.98299765527531 6.0
68.0871558914509 7.0
68.10940389714493 6.0
68.12415472943393 6.0
68.2007397460134 6.0
68.2146657197822 6.0
68.29752820911646 7.0
68.30682239628071 7.0
68.40333099658068 7.0
68.47283482532475 7.0
68.50913423486497 7.0
68.55592786479994 7.0
68.56767781331922 7.0
68.58857574388128 7.0
68.72299370183983 8.0
68.76606248728376 8.0
68.76915763734668 8.0
68.81219811260051 8.0
68.86963293020281 7.0
68.89053562475765 7.0
68.91583297320048 7.0
68.976770689513 7.0
68.99941610040034 8.0
69.04774248135945 8.0
69.09331035003879 8.0
69.15424301559914 8.0
69.16143147896335 7.0
69.18964964218353 7.0
69.22980583949938 7.0
69.23444562903754 7.0
69.24943586294208 7.0
69.25233801719178 6.0
69.29063891226227 5.0
69.30296662562891 5.0
69.37706942136398 5.0
69.43645110797347 5.0
69.449373907464 5.0
69.4507638974443 5.0
69.46715250413635 5.0
69.52296076259783 4.0
69.58917122468597 4.0
69.61813139695221 3.0
69.64101000411515 3.0
69.66371263950916 3.0
69.69934753579425 4.0
69.80003881811136 4.0
69.82030105586719 4.0
69.92001320230612 4.0
69.93862061449232 4.0
69.94635596072777 4.0
69.96614528773299 4.0
69.97394172167542 4.0
70.02828415226239 3.0
70.04135452099378 3.0
70.05635695754806 4.0
70.0866828562986 4.0
70.11447276475879 4.0
70.12941724936445 4.0
70.15349774584703 4.0
70.22264211500334 4.0
70.23225956948285 4.0
70.26451710914081 4.0
70.29960561363325 4.0
70.34973893878646 4.0
70.35431068705925 4.0
70.5052168016647 4.0
70.56854135170059 3.0
70.58182118463968 4.0
70.5826328235722 4.0
70.65088105220994 4.0
70.67207263144253 4.0
70.72157745444044 5.0
70.72203242162662 5.0
70.79532862649002 6.0
70.96837500587948 5.0
71.04132315880211 5.0
71.18288555892211 5.0
71.2146055366137 5.0
71.25355069927274 5.0
71.29682740797175 5.0
71.30845405286816 5.0
71.35915652619624 5.0
71.36156935896804 5.0
71.37665655602132 5.0
71.38591907310449 6.0
71.4220741640743 6.0
71.42704999693565 6.0
71.430855856998 6.0
71.43119616958444 6.0
71.48997131589473 6.0
71.5060031273417 6.0
71.51307411324096 7.0
71.5290794276929 7.0
71.53658653389452 7.0
71.63779545180314 7.0
71.697684683951 7.0
71.69899720711784 7.0
71.72144859191775 6.0
71.73382682273507 6.0
71.75218247498937 5.0
71.84682530176897 6.0
71.89396554494172 6.0
71.89590364909463 6.0
71.89720022076612 5.0
71.90967886089872 5.0
71.93575730745053 5.0
71.99991411277053 5.0
72.04698411540004 5.0
72.08635765173084 5.0
72.09645705598021 4.0
72.15686783196499 4.0
72.20979354368212 5.0
72.21219341387429 5.0
72.25829005438094 5.0
72.2683106658434 4.0
72.28797679889556 5.0
72.4167346315913 6.0
72.43426465396497 6.0
72.48551021150605 6.0
72.60674350512272 6.0
72.67912757630407 7.0
72.69852456679286 7.0
72.70986172696061 7.0
72.71977143627149 7.0
72.73168494254088 7.0
72.78533759725697 7.0
72.81347093609553 7.0
72.84876049783435 8.0
72.8563053861054 8.0
72.91461071344135 7.0
72.94435320588039 7.0
72.95317345222068 7.0
72.97326148340832 7.0
72.98244512732352 7.0
73.27955663697679 6.0
73.29284527367365 6.0
73.40332002355015 6.0
73.4130641548685 6.0
73.46402869037632 6.0
73.48974332451722 6.0
73.49143786534498 6.0
73.50549647730125 5.0
73.51360577939943 6.0
73.530801082673 5.0
73.57770515023537 6.0
73.58078523338179 6.0
73.61370351180673 7.0
73.61517569483834 8.0
73.61628546741201 8.0
73.66530713893405 8.0
73.7575423849606 8.0
73.76812399830541 8.0
73.8099148793276 8.0
73.85627050692048 9.0
73.92371241829828 8.0
73.93514137028447 8.0
74.01852478683486 8.0
74.01972393498585 8.0
74.18897500474598 8.0
74.27315598240678 7.0
74.29956974957386 7.0
74.30718368616509 7.0
74.31463097415758 7.0
74.37824205397493 7.0
74.39661042106536 7.0
74.48283444666617 7.0
74.56539916822413 7.0
74.58475919430973 7.0
74.62482235864141 6.0
74.6506861648714 5.0
74.70059323743949 5.0
74.70250295829555 5.0
74.75078372232481 5.0
74.76706400014127 5.0
74.79493950013831 5.0
74.79531263869528 6.0
74.86741704502244 6.0
74.87384910864093 5.0
75.00224775515228 5.0
75.02431769528155 5.0
75.03388540196009 5.0
75.04027871059449 5.0
75.04446162316579 5.0
75.15152199966349 4.0
75.30197745217205 4.0
75.30936292311767 4.0
75.38491755411607 4.0
75.40544729753934 4.0
75.4424607916086 4.0
75.50284845267484 4.0
75.61780337829997 4.0
75.6178753316526 5.0
75.73496166497844 5.0
75.73776320463334 6.0
75.77305857465252 6.0
75.79348707998827 6.0
75.8597496389626 5.0
75.88481791951301 6.0
75.97985950610686 6.0
76.02149267450879 7.0
76.03299589753959 7.0
76.07091923772333 7.0
76.1085956084265 7.0
76.13665008224235 7.0
76.14225366186014 7.0
76.14684039381291 7.0
76.16830399054919 7.0
76.17617986053357 7.0
76.19157828957448 7.0
76.22515336150153 8.0
76.30318746224405 9.0
76.33954357493326 9.0
76.42852660753807 9.0
76.437046062035 9.0
76.44120428390076 10.0
76.44124403918636 11.0
76.46661256337859 10.0
76.46784662696629 10.0
76.51207605037207 10.0
76.58597324527858 9.0
76.58927748091762 10.0
76.6049617600447 11.0
76.81530168208597 10.0
76.81825963336777 9.0
76.82002162386743 9.0
76.83841045755217 8.0
76.84191158025648 9.0
76.87822293887847 9.0
76.91465811687672 9.0
76.92319275869548 9.0
76.9510966939571 9.0
76.9565565058931 9.0
76.97655121619694 8.0
76.98085123488484 8.0
76.98204339985557 8.0
76.98405391684565 8.0
76.995009593192 8.0
77.06847773106009 7.0
77.08386438767042 6.0
77.08893172296062 6.0
77.09711204768102 7.0
77.17539059609354 8.0
77.21045743893123 7.0
77.25706342568878 7.0
77.3146945483102 7.0
77.32593807709713 7.0
77.32697854109311 7.0
77.37629516344498 7.0
77.4085178853284 7.0
77.49242639555253 7.0
77.51565704448117 7.0
77.52537594729098 7.0
77.59590084714324 7.0
77.63152594802918 7.0
77.64372445270513 7.0
77.67240552809076 7.0
77.74277120237714 8.0
77.74717447527013 8.0
77.75664364567106 9.0
77.81378652136613 9.0
77.83562422475663 9.0
77.83612297575166 8.0
77.85301950232054 8.0
77.904917257146 8.0
77.933968639516 8.0
77.97790342883899 8.0
78.03361363158272 8.0
78.05983538924734 7.0
78.08831064356734 7.0
78.14402101653437 6.0
78.15161805282563 6.0
78.20099192105737 6.0
78.21173376475616 7.0
78.22586383038998 7.0
78.28446963334055 7.0
78.28795648747845 7.0
78.3264082366296 7.0
78.35233947444294 7.0
78.4317749480823 6.0
78.4425025559999 7.0
78.46432697596494 7.0
78.46525631632933 7.0
78.49127351645231 6.0
78.54526014260065 7.0
78.56534846209449 7.0
78.59326513168523 7.0
78.62049750346596 7.0
78.6338466672111 7.0
78.68933908635746 7.0
78.69475524911203 8.0
78.69814616610681 7.0
78.70847786426086 7.0
78.7288689616644 7.0
78.80347641851392 8.0
78.88075843761972 8.0
78.96090003291644 9.0
78.98470815121274 9.0
78.98746391225332 10.0
78.99612103166655 11.0
79.01115575837615 10.0
79.04461875373913 10.0
79.0491223823389 11.0
79.05857789065088 11.0
79.06326151043417 10.0
79.06531442817841 10.0
79.0950448143213 10.0
79.10207971731208 10.0
79.14984583667344 11.0
79.15485790565423 11.0
79.167976311571 10.0
79.19504144225769 10.0
79.21073407529006 10.0
79.21889248534914 11.0
79.23338772560945 12.0
79.2450848414007 12.0
79.28491494876518 11.0
79.33438834773962 11.0
79.34322575792102 10.0
79.3711718920267 10.0
79.4535206787675 10.0
79.46231551057498 10.0
79.53793585843805 10.0
79.5748168605963 11.0
79.60171593595673 11.0
79.70750964631543 11.0
79.71453211723612 10.0
79.72281144757252 11.0
79.73727290752983 11.0
79.75182930535804 11.0
79.79053223797571 12.0
79.81337202176407 12.0
79.83380046903801 12.0
79.83744061168937 12.0
79.85912338521094 13.0
79.94835938943037 13.0
79.98672028268867 12.0
80.01345637761199 12.0
80.09834977143733 13.0
80.12442686874743 13.0
80.16972298915422 13.0
80.19768924777644 14.0
80.22440064454557 14.0
80.24248034008801 14.0
80.25217617399888 15.0
80.28565072390012 15.0
80.28944486946234 15.0
80.29918156861208 14.0
80.32239221213257 13.0
80.33411820174351 13.0
80.35117841795002 13.0
80.36313924510712 13.0
80.36326777649836 14.0
80.38036350730587 14.0
80.40185075086548 15.0
80.49679995246225 15.0
80.58407265212674 15.0
80.6044920869912 15.0
80.66862363394625 14.0
80.78723344016232 14.0
80.84979529770013 14.0
80.8604403584894 13.0
80.87943738638548 13.0
80.91933285447695 12.0
80.95755452146945 12.0
80.96956051314623 12.0
80.979776158105 12.0
81.00694014910108 12.0
81.03746473578025 12.0
81.0389544114299 11.0
81.05431804456302 11.0
81.07378879830601 10.0
81.0835377398539 10.0
81.1402654069079 10.0
81.20739895899688 10.0
81.21837102853732 11.0
81.24187453550427 11.0
81.24217586446302 10.0
81.29790645830059 10.0
81.32162072307433 10.0
81.32951682034692 10.0
81.35510839166123 9.0
81.38769701222601 8.0
81.40565592507755 8.0
81.42751363824019 8.0
81.4365740356139 8.0
81.43754121726307 8.0
81.45779173949835 8.0
81.47309041619364 8.0
81.48794971618776 8.0
81.53789956676334 7.0
81.6831064787093 8.0
81.69233629737877 8.0
81.70081100256573 8.0
81.7387642967752 8.0
81.75775710654355 9.0
81.90337722829067 8.0
81.90907176968517 7.0
81.95186183943264 7.0
81.95661225857918 7.0
82.0360635378138 6.0
82.0730558813194 6.0
82.07737857480514 6.0
82.15183501677186 6.0
82.23161506912625 7.0
82.29566861053875 7.0
82.3569466920885 7.0
82.45264249420845 8.0
82.47580318094508 7.0
82.51118958438143 7.0
82.55713604533595 8.0
82.58890412502737 8.0
82.61574135079118 9.0
82.69714131521167 9.0
82.71817408605973 9.0
82.72181598188826 9.0
82.78616996566831 9.0
82.86812732135883 9.0
82.92266644723782 9.0
82.92621685828588 8.0
83.0229713050485 8.0
83.0431310105012 9.0
83.10685971995528 9.0
83.11003099076927 9.0
83.15041556065664 9.0
83.19165794122195 9.0
83.22038495207313 8.0
83.25416332368367 7.0
83.30522650388563 7.0
83.36767995808252 7.0
83.38253622270781 7.0
83.3839837522942 7.0
83.44758452140812 7.0
83.46679208539085 7.0
83.513635265422 6.0
83.52100252566781 6.0
83.52418556412184 6.0
83.5660466128642 6.0
83.58359759782358 7.0
83.59001506523647 7.0
83.62222586862059 7.0
83.71127657342619 8.0
83.71306448793054 8.0
83.72801520506304 8.0
83.74477582451424 8.0
83.77443739609905 9.0
83.85919500827694 10.0
83.97760101684574 9.0
84.00175991522411 8.0
84.08230152291779 8.0
84.12504689077709 9.0
84.12891450563345 9.0
84.13778693747062 9.0
84.1424605605339 9.0
84.17380180835569 9.0
84.26911453491148 9.0
84.2748758873157 9.0
84.31342616561788 10.0
84.33361352505412 10.0
84.3522179504366 10.0
84.3586567681281 10.0
84.39459262277003 10.0
84.40247428665154 10.0
84.55480568204774 11.0
84.56218537580416 11.0
84.63561565796827 12.0
84.65434978499641 11.0
84.70684198495766 11.0
84.71791483033239 11.0
84.7226464750483 12.0
84.72458049976332 12.0
84.74373840231523 12.0
84.76988669038893 12.0
84.77019734676088 13.0
84.7802479522548 13.0
84.81097788138321 13.0
84.91571831928248 13.0
84.92222610436366 13.0
84.95900317994221 12.0
85.00474755982157 12.0
85.10575374117076 11.0
85.13742708767634 11.0
85.15818677905082 11.0
85.18933257600229 12.0
85.20741360124269 12.0
85.28281654093828 12.0
85.28832817930378 11.0
85.33269925198935 11.0
85.35541419362025 12.0
85.36100170597031 12.0
85.48120598806794 12.0
85.54010015094313 12.0
85.55300879310458 12.0
85.59646266214737 11.0
85.60086564844401 10.0
85.63641197699496 9.0
85.66295868372357 9.0
85.8124599871685 10.0
85.83138374691644 10.0
85.95168475858097 10.0
85.9610970153197 9.0
85.99247170242398 9.0
86.00270542463758 10.0
86.0370884081682 10.0
86.0775192936559 10.0
86.108663875817 11.0
86.12225907806662 11.0
86.12378201669921 10.0
86.12887263395227 10.0
86.16131356619267 10.0
86.17273517716741 10.0
86.17378697807955 10.0
86.17876845184793 11.0
86.18456868388559 10.0
86.24181438503679 10.0
86.26305575465713 10.0
86.30013885824155 9.0
86.30903964657362 10.0
86.35437630705182 10.0
86.35663054896366 9.0
86.42280275877144 10.0
86.43086207671224 10.0
86.45788865770274 11.0
86.49183254709008 10.0
86.5303290014815 10.0
86.53124342656474 10.0
86.5337276490631 10.0
86.56291712814057 10.0
86.59102179073614 9.0
86.6434680339134 9.0
86.65340623340025 10.0
86.69458254913143 10.0
86.7114095737156 9.0
86.78853371814442 8.0
86.81649484710414 8.0
86.81717970326078 8.0
86.83123421407107 8.0
86.87879992319294 8.0
86.88360912555655 7.0
86.97593566258433 8.0
87.02000476650709 8.0
87.09880037539585 8.0
87.13192782389424 8.0
87.13819416859626 8.0
87.1805511051314 8.0
87.18954168697987 8.0
87.1900677065682 7.0
87.19618386239293 6.0
87.21475389250826 6.0
87.23002466217542 6.0
87.2950534420076 6.0
87.32936768262941 6.0
87.4105570471019 6.0
87.43901434334302 6.0
87.46461463256674 6.0
87.46737699150951 5.0
87.47683610496013 5.0
87.52494372900904 5.0
87.53819852502566 5.0
87.6047895103968 5.0
87.61544414478044 5.0
87.62739628247238 4.0
87.69633463534956 5.0
87.71500451102943 4.0
87.7151947554422 5.0
87.78766822631395 5.0
87.90303893982737 5.0
87.94828875502793 5.0
88.01580693294392 5.0
88.04795583914718 6.0
88.07510907735944 6.0
88.1666416474027 6.0
88.21755249170738 6.0
88.27709670680485 7.0
88.27865618584828 7.0
88.40946563680623 7.0
88.42634759788581 8.0
88.48522041236717 8.0
88.55925769490418 8.0
88.58049376040408 8.0
88.61289608384078 8.0
88.61414044067416 8.0
88.63963979330612 9.0
88.64252168292063 9.0
88.64636638954596 8.0
88.66583473450598 8.0
88.68430692910081 8.0
88.71619464502768 8.0
88.77081678362818 8.0
88.7888314676531 8.0
88.8447477912537 8.0
88.92262593906649 7.0
88.93107844177024 7.0
88.93499596363732 7.0
89.11312412170071 7.0
89.14732922263323 7.0
89.17008848480025 7.0
89.18346110740674 6.0
89.18825704009517 5.0
89.2377306494235 6.0
89.2399193223191 6.0
89.24353976971727 6.0
89.3033486486804 6.0
89.35933745326669 6.0
89.39929421703503 6.0
89.44413518879269 6.0
89.47548404837895 5.0
89.49774450620522 4.0
89.68574025287256 4.0
89.78160537155392 4.0
89.78966937098596 4.0
89.79759144555983 4.0
89.92442221389123 5.0
89.93765430338001 5.0
89.9815632483278 5.0
90.03036814260699 4.0
90.03126824311875 4.0
90.04747088894777 4.0
90.06253411526248 3.0
90.12430290766294 3.0
90.14046326614006 3.0
90.16877781361086 3.0
90.18666045699128 3.0
90.20079563905311 3.0
90.33438578702167 3.0
90.35359721181051 3.0
90.38582852739285 3.0
90.48639641388348 3.0
90.53481790706454 3.0
90.59230843794424 3.0
90.65286237285991 3.0
90.70503757341096 3.0
90.74156753571533 3.0
90.9549037701846 2.0
91.06594908494138 2.0
91.08151223965451 2.0
91.14212530589433 2.0
91.16975623204013 2.0
91.20061391828038 2.0
91.26366263697456 2.0
91.2663213328252 2.0
91.29723888895273 1.0
91.29736910374804 1.0
91.30342426026507 1.0
91.32130243004806 1.0
91.3375769572045 1.0
91.35920715564461 1.0
91.37944029301967 2.0
91.41457769654293 2.0
91.48797094626491 2.0
91.49196268833799 2.0
91.68841421779531 2.0
91.6975129786716 2.0
91.71452295486364 2.0
91.71901857055086 3.0
91.75693339332943 3.0
91.76894482702475 3.0
91.80006049056375 3.0
91.86247009120947 4.0
91.90781775292665 4.0
91.92064405942693 4.0
91.92700568376033 4.0
92.00898729744738 4.0
92.04305607128883 4.0
92.04341425486396 4.0
92.06324134001405 4.0
92.11092327430006 4.0
92.18375205222391 4.0
92.19561993729448 5.0
92.36878444924258 5.0
92.37857650043658 4.0
92.42503304168335 3.0
92.5009098162639 3.0
92.50586645575822 4.0
92.56692213723352 4.0
92.60820005856107 4.0
92.7081899698794 4.0
92.71218811121922 4.0
92.7176061909987 4.0
92.72362745096414 4.0
92.74222050940544 4.0
92.75896935340472 4.0
92.80269551974216 4.0
92.81111796435422 4.0
92.83654463383729 4.0
92.89533448603981 4.0
92.92623698018713 4.0
92.929358880997 4.0
92.94359120738737 4.0
92.94447453529494 4.0
92.97743666902423 4.0
93.04557901482366 4.0
93.1201151968269 4.0
93.17570972995503 4.0
93.38089603261977 4.0
93.40832997983769 4.0
93.41950830687533 4.0
93.47494855622902 4.0
93.49082286172461 4.0
93.51599812367786 4.0
93.61455841211001 4.0
93.62633228097526 3.0
93.62765870708621 3.0
93.72435703248927 3.0
93.81010182601305 4.0
93.87137376883118 5.0
94.02880563266598 5.0
94.07856275780141 5.0
94.1164911558703 5.0
94.13162761863501 5.0
94.13435397963023 5.0
94.13986799801798 5.0
94.33538569930127 5.0
94.46451066692765 5.0
94.48829968323511 5.0
94.55385697691922 5.0
94.56465718769452 5.0
94.56675716966438 4.0
94.57108175719483 4.0
94.59149553895014 4.0
94.59501991778475 5.0
94.5975152282645 6.0
94.654724983444 6.0
94.69536691176283 6.0
94.7131254483904 6.0
94.81436755097859 6.0
94.84050714914362 6.0
94.87190580379176 6.0
94.9337571993162 6.0
94.95449718169927 5.0
94.97058573143993 5.0
94.98942852903066 5.0
95.08661618029218 5.0
95.20461715250809 5.0
95.30798065149882 5.0
95.31597315698639 5.0
95.40324737299186 5.0
95.45149338194904 4.0
95.53711067475342 4.0
95.55484099884947 3.0
95.56304270479497 3.0
95.5668278833638 3.0
95.58430537248522 4.0
95.59769413853068 4.0
95.60248282960796 4.0
95.60518803555965 4.0
95.62044902087244 4.0
95.63930573779442 4.0
95.69101570420402 4.0
95.71531858436303 3.0
95.71841424681475 3.0
95.75396304597137 3.0
95.78725133621893 3.0
95.81782462490115 3.0
95.83571808965249 3.0
95.8587410612896 2.0
95.86923882704299 2.0
95.91656206356652 2.0
95.99567362914513 2.0
96.02027005479219 3.0
96.15042843807555 3.0
96.18582601236582 2.0
96.19107727163755 2.0
96.27623602785337 2.0
96.29720950168061 2.0
96.30739300575227 2.0
96.31530711014297 2.0
96.35223147076535 2.0
96.37321432055028 2.0
96.37474590869137 3.0
96.3850379961271 3.0
96.424829226087 2.0
96.46271097188286 2.0
96.5126823938579 3.0
96.53165297461422 4.0
96.53756403015285 4.0
96.70864367002967 4.0
96.72263387293057 4.0
96.72751794871866 4.0
96.74461727339222 4.0
96.79587416065445 4.0
96.80497306515215 4.0
96.81269557113369 4.0
96.8524169383828 4.0
96.85513360429606 4.0
96.89532036502673 3.0
96.9794227295764 2.0
97.00888485027227 2.0
97.07933007924959 2.0
97.13832583348267 3.0
97.13872435622933 3.0
97.16601828514945 3.0
97.1758703146641 2.0
97.17614537995463 2.0
97.1808062188881 2.0
97.1841848762167 2.0
97.2281798183467 2.0
97.26216556872428 2.0
97.2899825718095 3.0
97.29504585888623 3.0
97.36854088297386 3.0
97.4305997554969 3.0
97.45187585047015 4.0
97.47499388893873 5.0
97.49288781641614 5.0
97.51714925397815 6.0
97.52218939321703 6.0
97.5604195833278 7.0
97.5979450279238 7.0
97.61010740767705 7.0
97.77398576038641 7.0
97.77544363594586 7.0
97.881119080324 8.0
97.89400827576863 7.0
97.94933881539924 7.0
97.97509136739126 7.0
98.0015511790897 7.0
98.06521057123919 7.0
98.1005230010589 7.0
98.16217443703458 6.0
98.19755125447244 6.0
98.21133384595218 5.0
98.23809292341794 5.0
98.24963629637824 5.0
98.27414974753611 5.0
98.33999827488812 5.0
98.34451540017521 5.0
98.40579945493262 5.0
98.4352502850157 4.0
98.4698821945097 4.0
98.49148747073824 4.0
98.5167117722691 5.0
98.51674511642773 6.0
98.54306040732897 6.0
98.59481600332107 6.0
98.60904640834686 5.0
98.67183238979894 5.0
98.69925964653267 6.0
98.71705936260801 6.0
98.83124797220505 7.0
98.83947535985838 7.0
98.85586253482853 7.0
98.8783513135459 7.0
98.88491464078484 6.0
98.88759778498766 6.0
98.89226892469681 6.0
98.89564820092252 6.0
98.93426388682258 5.0
98.98459302748492 4.0
99.00695156729476 5.0
99.00711133026272 5.0
99.06806220263626 4.0
99.09831271930412 5.0
99.1312986921119 5.0
99.28660730840693 5.0
99.30432349238659 4.0
99.32132257763574 5.0
99.33789274268048 5.0
99.36733159638001 4.0
99.37931301452961 4.0
99.40813428652282 5.0
99.45913162304164 5.0
99.48467851257332 5.0
99.60319135072145 5.0
99.604218747851 5.0
99.60717744671385 5.0