0.0 0.0
0.0017107671000771523 1.0
0.021289214933268207 2.0
0.027796148081476832 3.0
0.047151193629161176 4.0
0.06251709036023184 5.0
0.1438319160998182 6.0
0.2858902641127327 7.0
0.2938188686719987 8.0
0.30424918105179993 9.0
0.33671812692786285 10.0
0.3387605350446492 11.0
0.3647436470240346 12.0
0.3849863569367895 13.0
0.4134897803920439 14.0
0.42513345670207575 15.0
0.43773091967794064 14.0
0.4704619511964659 15.0
0.5084411026448368 16.0
0.5662476504529079 17.0
0.6043028119196214 18.0
0.6451328136843753 19.0
0.6461090687113004 18.0
0.6701298797888748 19.0
0.6778347565926849 20.0
0.7023394835049547 21.0
0.7177948038611077 20.0
0.7593598803000309 21.0
0.773665064387347 22.0
0.8104550858465893 23.0
0.8253492591308518 24.0
0.8261067778304082 23.0
0.8311135613010419 24.0
0.8451367088292704 25.0
0.8718416064923817 24.0
0.8844151888712288 23.0
0.8855937055447545 22.0
0.9168746025479034 23.0
0.970196479117605 22.0
1.0087537078589284 23.0
1.0156254457790792 22.0
1.0445783971849598 23.0
1.051851249078188 24.0
1.0711256602955472 25.0
1.084694482685243 24.0
1.0898286302351625 23.0
1.1026708522192623 24.0
1.1697569227041773 25.0
1.2275930948094957 26.0
1.2330820120989827 27.0
1.2744370080178695 26.0
1.2864439608911704 25.0
1.3015173771612734 26.0
1.457201673669666 25.0
1.5568814375593485 26.0
1.582029186992083 27.0
1.6062210742073901 26.0
1.6679011007773514 25.0
1.77054085699635 24.0
1.773395916044128 25.0
1.8059466667087298 24.0
1.864595118162239 23.0
1.8670410500129417 24.0
1.8900111463065636 23.0
1.944015347843825 24.0
1.9677475803749325 23.0
1.9722549855171017 24.0
2.0332645020294233 25.0
2.045466593611225 26.0
2.066134687649891 27.0
2.123349911090735 26.0
2.1417396324298323 27.0
2.1583179489547297 28.0
2.169230657723729 29.0
2.1958194893893106 30.0
2.2121890222180682 31.0
2.231753655060389 30.0
2.2521604951329732 31.0
2.327319475550865 30.0
2.329465357203172 29.0
2.395522894883319 30.0
2.5909696610448067 29.0
2.6311638697855946 28.0
2.688663823398103 29.0
2.694402741232133 30.0
2.714635943378981 29.0
2.779966516018276 28.0
2.817928295432447 27.0
2.8266107048631155 26.0
2.8370793264085843 27.0
2.848211169889474 28.0
2.8558927668250567 27.0
2.9043295242167715 26.0
2.913272803456723 27.0
2.929307261705655 26.0
2.9324461860708415 25.0
2.9383856841204246 26.0
3.006101056600822 27.0
3.0130568706583287 28.0
3.021150326818925 27.0
3.028621818872141 28.0
3.0292780458520223 27.0
3.0308636828980444 26.0
3.0324757882811864 25.0
3.0364206277916823 26.0
3.0397649052745574 27.0
3.060101856285006 28.0
3.092898839245207 29.0
3.09372078710505 28.0
3.1203848390435844 27.0
3.1356933027536584 26.0
3.167047945710031 25.0
3.167075615670279 26.0
3.19798454860942 25.0
3.2006530097582537 24.0
3.2013759175010272 23.0
3.2371822545192215 22.0
3.2374607283861616 21.0
3.253881155974718 22.0
3.283470986653754 21.0
3.3409553162726575 22.0
3.3441292328854484 21.0
3.3589230636578233 20.0
3.4002878587638756 21.0
3.4035849852492177 22.0
3.433853760536901 21.0
3.4868838227169965 22.0
3.5184355028645893 23.0
3.523788235460774 22.0
3.529251869756786 23.0
3.5986577902258743 22.0
3.6990960876668932 23.0
3.7144112465782584 24.0
3.7175623979649797 23.0
3.7400326628653637 24.0
3.746246891372231 25.0
3.810325149752367 24.0
3.859495365395528 23.0
3.8829403674320764 24.0
3.8984485339117696 23.0
3.933506610768102 24.0
3.950889272805914 23.0
3.968710411063034 24.0
3.9755184266805825 25.0
3.986669894960474 26.0
3.9960375057233244 27.0
3.9968838949067518 28.0
4.000214656713174 27.0
4.001440398682767 26.0
4.008415280412397 25.0
4.01520980528843 24.0
4.032937153433576 25.0
4.074592773970667 24.0
4.108499874271655 23.0
4.239609389587185 22.0
4.250198353412438 23.0
4.314470284031834 22.0
4.371265590920693 21.0
4.375837258706467 20.0
4.401414664760149 21.0
4.4479094628024844 22.0
4.507612739456483 21.0
4.510833606082113 22.0
4.58790131441713 21.0
4.601630046608276 20.0
4.652784559236275 21.0
4.665674238179894 20.0
4.705640800981354 21.0
4.7284204224303465 22.0
4.75207613076493 23.0
4.755190574410574 22.0
4.774826762378885 21.0
4.807373968069838 20.0
4.816482937113732 21.0
4.81716008686898 20.0
4.822112287966927 21.0
4.837618677710337 20.0
4.886174476228391 21.0
4.904856671880252 22.0
4.91925089195407 23.0
4.927735507477707 22.0
4.931645402125734 21.0
4.954605119839078 20.0
4.956815634567082 19.0
5.0243746721846785 20.0
5.110870657892335 21.0
5.126033944885676 22.0
5.1675205473557435 21.0
5.178560062514665 22.0
5.180474574836623 23.0
5.192285817041811 22.0
5.2357941080281565 21.0
5.296185153672069 22.0
5.3180716317976255 23.0
5.324604758452901 24.0
5.353411150024785 23.0
5.356422928260106 24.0
5.392482738235188 25.0
5.397415595215459 26.0
5.397692219953782 27.0
5.463829586238782 26.0
5.465047927081949 25.0
5.553369363340843 24.0
5.589848770487112 23.0
5.5999088422509535 22.0
5.641621080249349 23.0
5.644871756409223 24.0
5.651502328796909 23.0
5.652063584104413 22.0
5.667945750614241 21.0
5.716741114378145 20.0
5.733522680566176 21.0
5.747723119180045 22.0
5.75828873274624 23.0
5.771925832506588 24.0
5.7880209672863785 23.0
5.8151171411142215 22.0
5.8327921031975 21.0
5.849236770168871 22.0
5.878948678342412 21.0
5.8828347327172255 20.0
5.8848677418515996 19.0
5.900547394259276 20.0
5.901642261909263 21.0
5.9406955194591875 22.0
6.055998236969319 21.0
6.145273898068534 22.0
6.165094744789853 23.0
6.2130387315197435 22.0
6.303406408559677 23.0
6.303568786510932 24.0
6.369019897367659 23.0
6.387422820984344 22.0
6.432765142716919 21.0
6.439841174766822 20.0
6.443218238703642 19.0
6.50067148382728 20.0
6.516687313535822 21.0
6.544707764655351 22.0
6.568108906481741 23.0
6.61076111771524 24.0
6.64254527644507 25.0
6.669386069911434 24.0
6.681510409872344 23.0
6.685507332821001 24.0
6.691041567664994 25.0
6.75402735093842 26.0
6.803826987121178 25.0
6.816468647127473 24.0
6.867534982399841 23.0
6.963117045750307 22.0
6.974005755192903 21.0
6.989114875714003 22.0
7.016156890806291 23.0
7.020957407857209 22.0
7.030749886721792 23.0
7.033240742188575 22.0
7.059262711410873 23.0
7.065980292048369 24.0
7.069532945980993 23.0
7.123435234204523 24.0
7.161933733087694 25.0
7.168131023661401 26.0
7.181577162662856 25.0
7.195099570322303 26.0
7.218781313694557 25.0
7.220741723115361 26.0
7.2273341630682575 27.0
7.24633459017363 26.0
7.293555139770172 27.0
7.298085881173022 26.0
7.305449328450367 27.0
7.308632244675078 28.0
7.362208395514353 29.0
7.378154695719139 30.0
7.378769839228465 29.0
7.406430060704489 28.0
7.415345323521726 29.0
7.429816914625577 28.0
7.434509983097893 27.0
7.455921092087156 26.0
7.540883736871466 25.0
7.594108341328329 26.0
7.604259152298663 25.0
7.620401074646189 24.0
7.648205018908578 25.0
7.6990843276891745 24.0
7.773656334045641 25.0
7.809325772553101 24.0
7.838860505735452 23.0
7.87430154267416 22.0
7.897880642794334 23.0
7.911038854475514 22.0
7.932546597288073 21.0
7.932695900840104 22.0
7.959753292859961 21.0
8.110970392126456 22.0
8.128557907337777 23.0
8.147281986171079 24.0
8.15862541422073 25.0
8.199581519468987 26.0
8.242624820702968 25.0
8.272438907738039 24.0
8.28186775541593 23.0
8.355521092289283 22.0
8.363353929674215 21.0
8.3915946334249 22.0
8.412440514378094 23.0
8.420108580332354 22.0
8.442404112016947 21.0
8.445094671885613 22.0
8.452013429620923 21.0
8.459933347852512 22.0
8.469315385951933 23.0
8.501347304738866 22.0
8.524154795959953 23.0
8.5379551845531 24.0
8.558890675820653 23.0
8.561472508176266 24.0
8.56288133997452 23.0
8.57552747697344 24.0
8.596792518445021 25.0
8.657313330754093 24.0
8.687906906620352 23.0
8.6932747559967 22.0
8.705260199096633 21.0
8.724341481144604 20.0
8.736427698290552 21.0
8.789531479104875 20.0
8.801939232069822 21.0
8.804446675485247 20.0
8.865335524885072 21.0
8.895663787375534 20.0
8.949803382015162 21.0
8.961627355463053 22.0
8.966599744231974 23.0
8.983577937890372 24.0
8.99964735880704 25.0
9.00395840365518 24.0
9.012396258040225 23.0
9.026280203254919 24.0
9.054935603118084 25.0
9.10564354753787 24.0
9.248256021891814 23.0
9.251209085910189 22.0
9.255401462398865 21.0
9.277122708604365 22.0
9.315269405728593 21.0
9.320320384573765 22.0
9.33854668214484 23.0
9.368907672075984 24.0
9.408791330750363 23.0
9.424594341280521 22.0
9.426386572406777 23.0
9.452047844803674 22.0
9.461176576974081 23.0
9.479177308263896 24.0
9.480137160611504 23.0
9.488478111913793 24.0
9.49255079966957 25.0
9.50363239475311 24.0
9.50639539884247 23.0
9.569983323944234 24.0
9.597970147159083 25.0
9.605175795255255 24.0
9.622191860317765 25.0
9.638765411752788 26.0
9.724765464868991 27.0
9.844455285475744 28.0
9.868387423792488 27.0
9.87619374579865 28.0
9.888929717397158 29.0
9.898526861804806 30.0
9.904242260132204 29.0
9.974683385580262 28.0
10.04828317977154 27.0
10.15104091994661 26.0
10.24969358031028 25.0
10.29670980793902 24.0
10.317579516099274 25.0
10.32316038346167 24.0
10.357462094115165 25.0
10.36235057487331 24.0
10.37754536416317 25.0
10.421780425655214 26.0
10.464283221900681 27.0
10.553912013605677 26.0
10.578162404152067 25.0
10.607650852252641 24.0
10.630498109934464 25.0
10.637896886607152 26.0
10.664865054905519 27.0
10.683273744884321 26.0
10.72840649160887 25.0
10.73158270834331 24.0
10.819077406785928 23.0
10.83398773415591 22.0
10.83915955671452 21.0
10.913585589242253 22.0
10.942724428719497 21.0
10.97454076722635 20.0
11.00151608678531 19.0
11.012118888246395 20.0
11.071639966930329 19.0
11.106064729419854 18.0
11.107359032408684 17.0
11.16362145502707 16.0
11.1695161379842 15.0
11.21474900620888 16.0
11.24390756621739 17.0
11.341120891216095 18.0
11.396005952691295 19.0
11.399327571242726 18.0
11.440141673641845 17.0
11.504372520893707 16.0
11.618513100461286 17.0
11.643792131252996 16.0
11.649696401024615 15.0
11.65285189388252 14.0
11.664854674592675 13.0
11.6674277888293 12.0
11.676552478210803 13.0
11.69515677883459 14.0
11.743799229797164 15.0
11.790220550858718 14.0
11.794419842366242 15.0
11.856235422237978 16.0
11.86159122104547 17.0
11.910636887386977 18.0
11.912536014704257 17.0
11.92512839495985 16.0
11.942037283238106 17.0
11.953162597839487 18.0
11.98760147922559 17.0
12.0200175721509 16.0
12.023791020269755 17.0
12.070799985791616 18.0
12.100804755446426 17.0
12.10746042387703 16.0
12.225113587232542 15.0
12.236810129059396 14.0
12.273718573722006 15.0
12.284734549445135 16.0
12.292008889250287 17.0
12.32627213705523 16.0
12.37158831293255 15.0
12.398639138919677 16.0
12.406218871685152 15.0
12.505870335794828 16.0
12.507776687897627 17.0
12.598093267334038 18.0
12.60494739283243 17.0
12.671477492063248 18.0
12.678048919247658 19.0
12.754046576281576 20.0
12.770491639531643 21.0
12.771325398656002 20.0
12.800382987152947 21.0
12.804194529140462 20.0
12.848141896689249 19.0
12.868943694561523 18.0
12.955794761949313 17.0
12.982573603636686 18.0
12.983452374728893 19.0
12.987789112336584 20.0
12.999485130052706 19.0
13.010521909033738 18.0
13.080208565485224 19.0
13.140756836941332 18.0
13.147241139213778 19.0
13.15573744441741 20.0
13.2057213757785 21.0
13.297447138040921 20.0
13.3356045021304 19.0
13.381573481788434 20.0
13.475619696714494 21.0
13.49586038234669 22.0
13.548229455181758 21.0
13.557558535086663 20.0
13.559420811775398 21.0
13.628598414291176 20.0
13.668177097964316 19.0
13.668825374536596 20.0
13.668908633848709 19.0
13.710792849532764 18.0
13.723921266291024 19.0
13.731389761693425 18.0
13.734628778063687 19.0
13.799780093696878 18.0
13.869128100351148 19.0
13.87802446542188 20.0
13.92127082939802 19.0
13.964637311554199 20.0
13.995903196108687 21.0
14.028578784063553 22.0
14.084445620124026 21.0
14.106891914379116 22.0
14.14140377993314 23.0
14.17405129701781 24.0
14.226843590091523 25.0
14.230334818819035 26.0
14.231240364135932 25.0
14.29388502883318 24.0
14.337014161047803 23.0
14.354425554307634 22.0
14.372043565451436 21.0
14.411542043431002 20.0
14.43299926631892 19.0
14.46969156229742 20.0
14.472239113198613 21.0
14.532199754693359 20.0
14.578158786664645 19.0
14.671836297529277 18.0
14.68483367672899 17.0
14.690254301211212 16.0
14.78613872240273 17.0
14.815226522077266 18.0
14.910488960631529 19.0
14.928502647347091 18.0
14.964854725201446 17.0
15.03788753956073 16.0
15.183962645417479 15.0
15.184882022830804 16.0
15.25146468789163 17.0
15.324264576653611 18.0
15.336830125904829 19.0
15.358120270739565 18.0
15.373776024817952 17.0
15.455818667388321 16.0
15.61833767042446 17.0
15.639111236138595 18.0
15.668568069783126 19.0
15.687428526296678 18.0
15.74408592820689 19.0
15.75585264601694 20.0
15.804313725327912 19.0
15.84885658647664 18.0
15.857442151225541 19.0
15.898015741464608 18.0
15.941970043260094 19.0
16.037545951381595 20.0
16.04475496116691 19.0
16.05147017756687 20.0
16.067375070783758 19.0
16.069528388149216 18.0
16.075587064107747 19.0
16.090821336654617 18.0
16.092342556119167 19.0
16.117471972274252 20.0
16.159328562263926 19.0
16.23088080510003 18.0
16.255157486583172 19.0
16.260742564199816 18.0
16.288053076523223 19.0
16.296802669416873 20.0
16.37194102756554 19.0
16.372242440837592 18.0
16.411926169797596 19.0
16.446507948719745 18.0
16.46785707723576 17.0
16.488197122394855 16.0
16.518648301260445 17.0
16.541321974637125 18.0
16.553462737489966 17.0
16.56654833464239 18.0
16.567582894918818 19.0
16.667498063740005 18.0
16.66832753567514 19.0
16.726592473396668 18.0
16.736265731397115 19.0
16.748411638611277 18.0
16.756785663374416 19.0
16.757034264244197 18.0
16.785207140861132 19.0
16.813984213984767 18.0
16.881806393904256 19.0
16.893983372537814 20.0
16.9581505393554 21.0
16.989921039912506 22.0
16.998489876822056 21.0
17.022201397068464 22.0
17.03266653313496 23.0
17.135714167833296 24.0
17.196129069396044 23.0
17.200097248591348 22.0
17.215858491380494 23.0
17.245339087696077 24.0
17.351131248140195 23.0
17.391407866387542 24.0
17.40862965817877 25.0
17.417931787345342 24.0
17.4439337451139 25.0
17.521703514528035 24.0
17.548181114515856 23.0
17.560216129091106 22.0
17.592526269956476 23.0
17.60994521084009 24.0
17.67227029405023 25.0
17.67387177079205 26.0
17.769634690759116 27.0
17.782346122941533 28.0
17.827052427779467 29.0
17.8751698724981 30.0
17.89296368905813 29.0
17.921149458804617 30.0
17.95438532012621 29.0
18.009703505831418 28.0
18.027681279533347 27.0
18.074050892979603 26.0
18.119094077733788 27.0
18.144532476682837 28.0
18.194385285450227 27.0
18.19973139196065 28.0
18.20724719994439 29.0
18.25197480066301 28.0
18.308204647097092 27.0
18.321134734971544 28.0
18.333157855235406 29.0
18.3537289249527 28.0
18.398024946812217 27.0
18.402148957280097 26.0
18.410059549877246 25.0
18.43739076208774 24.0
18.53978178526133 25.0
18.54995496752 26.0
18.57893021437974 25.0
18.580574685016007 26.0
18.58883328858168 27.0
18.608492493444384 28.0
18.68227428310305 29.0
18.707632941254488 28.0
18.765179149763828 29.0
18.78271037941141 30.0
18.79805661648601 29.0
18.9024085595545 28.0
18.906169298552104 27.0
18.914778668207767 26.0
18.917035549556633 25.0
18.956111345428205 24.0
19.006748225035096 23.0
19.012116547958442 22.0
19.016554780334054 23.0
19.025767729684674 22.0
19.049845174087583 23.0
19.069177645686274 22.0
19.0914621568872 21.0
19.092609411907933 20.0
19.094150161647867 19.0
19.105555855121672 20.0
19.151113434585298 19.0
19.17875410191689 18.0
19.2455643277295 17.0
19.25719434009113 16.0
19.267462862008813 15.0
19.382679678522663 16.0
19.386560220412846 15.0
19.423177364737832 14.0
19.4484684323153 13.0
19.456244333680985 14.0
19.52079591683578 13.0
19.740689814122817 14.0
19.74626711992322 15.0
19.826147560959466 16.0
19.898156296019295 15.0
19.92563564507476 14.0
19.942778208598494 13.0
19.942905550587053 14.0
19.96565161164944 15.0
20.051448535231437 14.0
20.054677523396034 13.0
20.055759813608873 12.0
20.079258775018136 13.0
20.11764719545543 14.0
20.13759786457682 15.0
20.141610636094278 14.0
20.14612921240844 15.0
20.187753003100397 16.0
20.243900470402313 15.0
20.305310517801527 14.0
20.341348425929482 13.0
20.34869598445218 12.0
20.349602182370656 13.0
20.452315392341873 14.0
20.45617969191565 13.0
20.47133811994676 12.0
20.493662492257325 13.0
20.51966674720173 14.0
20.519814033142865 15.0
20.527854591880182 16.0
20.562182646167575 17.0
20.585398548925024 16.0
20.6662512070343 15.0
20.672894383547398 14.0
20.69163601867668 15.0
20.74837670394167 16.0
20.77974790957361 17.0
20.796087482670504 18.0
20.801097814520723 17.0
20.806309448628316 18.0
20.848098802447062 17.0
20.84889788669667 16.0
20.90910556784815 17.0
20.917796564616598 16.0
20.927392461750784 15.0
21.11130946936719 16.0
21.16897910500976 17.0
21.19564099039421 18.0
21.209361735858174 17.0
21.218480102803653 16.0
21.260899565754254 17.0
21.28232913996457 18.0
21.360127196551048 17.0
21.398381419711832 16.0
21.413542941223678 15.0
21.438108813208835 16.0
21.471259321935868 15.0
21.476008185588626 14.0
21.5370132774477 13.0
21.542692288400616 12.0
21.55230085976442 13.0
21.579350679314075 14.0
21.64608564485818 15.0
21.677286523683694 14.0
21.696496789423893 15.0
21.728477385711507 16.0
21.767288722833552 17.0
21.770016261610998 18.0
21.77550225667868 19.0
21.789030227958975 20.0
21.790323011261723 21.0
21.817238320220646 20.0
21.817459873035087 21.0
21.889995701961173 22.0
21.92181114491542 23.0
21.93470180911815 24.0
21.93659775192507 25.0
21.961331194766146 24.0
21.964361103955575 23.0
22.061660614891267 24.0
22.079650347306444 23.0
22.082605183049637 24.0
22.084552713160566 23.0
22.08927201152642 22.0
22.090290866662535 23.0
22.130499127373778 24.0
22.15651585535449 23.0
22.160872988010095 22.0
22.180037776664737 23.0
22.227542752564617 22.0
22.247113561333272 23.0
22.300808071788655 24.0
22.330397929234678 25.0
22.433312943623243 24.0
22.433697132712233 23.0
22.500912158055794 22.0
22.531736053319683 21.0
22.53567804823096 22.0
22.540884375414983 21.0
22.545790031225057 20.0
22.55611237007451 21.0
22.575400698710634 22.0
22.577452609028633 21.0
22.581149655694244 20.0
22.623650360821692 19.0
22.69073302679082 18.0
22.69536516332962 19.0
22.718487045913996 20.0
22.74152699089146 21.0
22.808303661413486 22.0
22.811184618564564 21.0
22.813826428651502 20.0
22.82392292073156 21.0
22.879706347994755 20.0
23.082258651363247 21.0
23.111409935147343 22.0
23.15864532357217 23.0
23.166998337024523 24.0
23.259287976632315 25.0
23.259639195582285 24.0
23.281203570956112 25.0
23.35072645296535 24.0
23.35537485994639 25.0
23.417680054717373 26.0
23.42005658586984 25.0
23.45826939499499 24.0
23.460781193276436 25.0
23.465056357856046 26.0
23.54859376392972 25.0
23.558943924317578 26.0
23.589399669918286 27.0
23.59697463583496 28.0
23.59954028029728 27.0
23.611482603938505 26.0
23.61207357430502 27.0
23.72696392649115 28.0
23.73626813432883 27.0
23.81251594486063 26.0
23.847706937696486 27.0
23.850911435819775 26.0
23.86380199499345 25.0
23.864624005847826 26.0
23.86843392602394 27.0
23.87660854810088 26.0
23.9155900104739 27.0
23.937108751146653 28.0
23.96436714916637 29.0
23.977264939571977 30.0
24.02418434570895 31.0
24.201124352457775 30.0
24.243961924191684 29.0
24.294968511234583 28.0
24.295515808678743 27.0
24.447390124569758 26.0
24.46269833595036 27.0
24.481997052804026 26.0
24.486302033558808 25.0
24.496720738340095 24.0
24.52913746348141 25.0
24.548834343148645 24.0
24.563573783058782 23.0
24.59017046067093 24.0
24.66851732448587 25.0
24.71715387375172 24.0
24.78538866362805 25.0
24.811918697218807 24.0
24.85112504624763 23.0
24.882209548270687 22.0
24.909144037644918 23.0
24.921726560225366 24.0
24.955071996804612 25.0
24.958296174909027 26.0
24.969199273149062 27.0
24.985223201481364 26.0
24.987980077272685 25.0
25.04801973514053 24.0
25.114366341439048 23.0
25.12063095895081 24.0
25.23145066658683 25.0
25.31073706122881 26.0
25.335776788919443 25.0
25.349082265015 24.0
25.36962954084091 25.0
25.3817741658902 24.0
25.42724692112251 23.0
25.444688331703055 24.0
25.559605304332337 25.0
25.583333309757926 24.0
25.59108841049036 25.0
25.654305185707074 26.0
25.65726755005685 27.0
25.662339303092864 26.0
25.66251820909582 25.0
25.662831924819205 24.0
25.663286905692797 23.0
25.691269971300205 24.0
25.74710895047273 23.0
25.748053908483598 22.0
25.764386896531022 23.0
25.795474917929585 22.0
25.799314727773236 23.0
25.841918144649405 22.0
25.878892589577532 23.0
25.887465404393634 22.0
25.926312150909485 23.0
25.96495863517729 24.0
26.016661325880072 23.0
26.030892212246087 22.0
26.047914468033404 23.0
26.113902009513506 24.0
26.136196554549016 23.0
26.1384995560918 22.0
26.1403898006565 23.0
26.144435925423615 24.0
26.14988611720817 25.0
26.15792874325566 24.0
26.17927867304113 25.0
26.188804334203425 26.0
26.31824378153058 25.0
26.34161055279371 26.0
26.42310996368609 25.0
26.433197658803106 24.0
26.476920003370367 25.0
26.483589595459847 26.0
26.55738800962889 25.0
26.602534769637764 24.0
26.614232219919522 23.0
26.62414923252064 24.0
26.736458474491947 23.0
26.740163880061594 24.0
26.819481138492364 25.0
26.828393365312543 24.0
26.859208605077065 23.0
26.901703007982768 24.0
27.021949962406758 25.0
27.052182230359463 24.0
27.09318244154731 23.0
27.119989445932188 24.0
27.134153011610326 23.0
27.206755832023937 24.0
27.258303069915225 25.0
27.26975261252394 24.0
27.280532515633723 25.0
27.290851557033466 24.0
27.330794768054094 23.0
27.33728249413226 22.0
27.35751253249157 23.0
27.41499190333033 24.0
27.41545249021556 23.0
27.468462312893 22.0
27.475541678476283 23.0
27.480512268732788 22.0
27.487681535564704 21.0
27.518811600520678 22.0
27.536128337111744 23.0
27.54604357623152 22.0
27.584876300426295 23.0
27.5941186440745 24.0
27.59641997969298 23.0
27.601844525118285 22.0
27.62481507254798 21.0
27.693857733896923 20.0
27.827622319245886 19.0
27.839088789082723 18.0
27.884817303496554 19.0
27.919896408668986 18.0
27.93753578341064 17.0
27.959045191019122 16.0
27.97979983549295 15.0
27.993605064725124 16.0
28.002735140224665 17.0
28.0063202455607 18.0
28.03439236123672 19.0
28.065219691019465 18.0
28.07293154459258 19.0
28.11223064319849 18.0
28.112921192189148 17.0
28.130166738345874 18.0
28.141486163135376 17.0
28.14226812232402 16.0
28.161929947417605 17.0
28.195572419187297 18.0
28.212230628887127 17.0
28.216402689005033 18.0
28.25835251191717 19.0
28.268272774476085 18.0
28.28811894219257 17.0
28.30841187058362 16.0
28.358646429439865 15.0
28.392038005549608 14.0
28.41142656696742 15.0
28.415818005309994 16.0
28.43030704757771 17.0
28.476343163585334 16.0
28.49936420172163 15.0
28.50156628971936 14.0
28.509257736195604 15.0
28.53000654842272 14.0
28.53888652582238 13.0
28.542867093507496 12.0
28.56704812541905 11.0
28.707914474161836 10.0
28.754279876946192 11.0
28.83971916075317 10.0
28.884716942144948 9.0
28.897268485693203 10.0
28.91405001201178 11.0
29.01647673733974 10.0
29.033796061859434 9.0
29.054299776780145 10.0
29.102077590433474 11.0
29.149746631168302 12.0
29.217400268162688 13.0
29.228696275002275 14.0
29.2608909065743 15.0
29.263472481524964 16.0
29.271751383184682 17.0
29.286952040337034 18.0
29.293107100135387 17.0
29.296691991708173 16.0
29.319326985027825 17.0
29.38055855634202 18.0
29.38437946499764 17.0
29.39810923248748 16.0
29.40154708676536 15.0
29.41181143367715 16.0
29.412773708322838 15.0
29.47370090992526 16.0
29.571183763385648 17.0
29.58924010839978 18.0
29.65434659799288 17.0
29.6692396957278 16.0
29.80017472298981 17.0
29.834213924246466 16.0
29.844151897537955 15.0
29.862765156047235 14.0
29.933054099242216 15.0
29.990311771809388 16.0
30.009003493393013 15.0
30.045093335973323 16.0
30.159908597071894 15.0
30.17690029629558 16.0
30.211487766510533 15.0
30.219255252177724 14.0
30.222358219096648 13.0
30.300527156440264 14.0
30.316020699621046 15.0
30.324050805340338 16.0
30.349306538312813 15.0
30.409994022184108 14.0
30.51442810156248 13.0
30.52762642373263 14.0
30.547357735770788 15.0
30.549458338459214 16.0
30.552662623676323 17.0
30.552745367517918 18.0
30.566952916074 19.0
30.607620355604297 20.0
30.637129782585273 19.0
30.701397264905815 18.0
30.72771616270434 17.0
30.783693539881718 18.0
30.800527539095352 19.0
30.839237744129036 18.0
30.90069510627921 17.0
30.93256623818917 16.0
30.94634943075007 15.0
30.966041386292286 16.0
30.98584907027805 15.0
31.001023412633078 14.0
31.02759264262633 15.0
31.05006340721589 14.0
31.06392244337394 15.0
31.092067657243806 16.0
31.119501316536144 17.0
31.126574941543726 18.0
31.136900837343156 19.0
31.145883027655902 18.0
31.295803961902276 17.0
31.302632930867976 18.0
31.309382737336385 17.0
31.312966552141738 18.0
31.362422213134835 19.0
31.369567312279166 18.0
31.45916616753264 17.0
31.511212080169635 18.0
31.53163911656682 19.0
31.538333455608026 18.0
31.54788061682577 19.0
31.55753998556818 20.0
31.58131400778182 21.0
31.58641989245917 22.0
31.616781337199797 23.0
31.617181542279475 22.0
31.617786905080568 23.0
31.684880841945816 22.0
31.70010063637624 21.0
31.704612585798476 22.0
31.716970439398835 23.0
31.743689757758805 24.0
31.75463463234272 25.0
31.829082551868517 26.0
31.83363289141717 27.0
31.90596841075829 28.0
31.916356174034647 27.0
31.937351234981364 26.0
31.953567733517446 27.0
31.961249983165434 26.0
31.965483554522322 27.0
31.977715147968354 26.0
32.05070078668071 25.0
32.10006580756846 24.0
32.11882337878438 25.0
32.16893755657393 24.0
32.18174273704442 23.0
32.18915965092601 24.0
32.18997895155197 23.0
32.21436338726276 24.0
32.23218886935204 25.0
32.26104776631555 26.0
32.28131651163877 25.0
32.29726630233982 24.0
32.30841411900218 23.0
32.311636749652656 22.0
32.36286319322638 21.0
32.45314495690364 20.0
32.454030356051476 21.0
32.495753773204264 20.0
32.505330670162564 19.0
32.50563200975452 20.0
32.51943872160303 21.0
32.55754173275833 20.0
32.58865135672519 21.0
32.61999623970323 22.0
32.66704212507694 21.0
32.71581346368406 22.0
32.763866723970764 21.0
32.78191654475346 20.0
32.801283569383386 19.0
32.80521884001181 18.0
32.81199981404359 17.0
32.821318937358434 18.0
32.908523174674286 19.0
32.962902537965064 18.0
33.00638325658968 17.0
33.04004731163142 16.0
33.053179551044295 17.0
33.06080940019625 18.0
33.17428480017726 19.0
33.196847468048546 18.0
33.225950601404826 17.0
33.240062207611 16.0
33.27419459340925 17.0
33.35584379370302 18.0
33.358438313315084 19.0
33.37564705068474 18.0
33.38668709706104 17.0
33.38793817274317 18.0
33.39833460809317 19.0
33.48283280701838 20.0
33.574163508810386 21.0
33.59786141174556 22.0
33.6471397670731 21.0
33.649274230567045 22.0
33.67315650213297 23.0
33.67367456809904 24.0
33.7115815426177 23.0
33.72808432639123 24.0
33.746267961111116 23.0
33.761003095980314 22.0
33.807216187690464 21.0
33.87333144822335 20.0
33.876403657116185 21.0
34.01114120984326 22.0
34.03468942265902 23.0
34.082757850371905 24.0
34.14394952860404 23.0
34.15021318760452 22.0
34.19976998850514 23.0
34.204058500896714 22.0
34.22245739915567 23.0
34.2440037102321 24.0
34.256624841573455 23.0
34.300697060516804 22.0
34.33268404041392 21.0
34.364757065744975 20.0
34.43444927996984 19.0
34.490194849582636 20.0
34.67806271708253 19.0
34.80158413076083 20.0
34.81797387106468 19.0
34.86761319781895 18.0
34.93740844032572 17.0
34.943973231231496 16.0
34.96044489638532 15.0
35.00477426348066 16.0
35.008616099396164 17.0
35.023347400660576 18.0
35.15152745877412 19.0
35.15458619045118 20.0
35.18982706549887 19.0
35.22330740683549 20.0
35.24124447996436 19.0
35.25899357255665 20.0
35.31599658636462 21.0
35.31966473327066 20.0
35.32287066825788 19.0
35.36411831856485 18.0
35.373212424868136 17.0
35.39646117903146 16.0
35.4086831360633 17.0
35.4520376451336 16.0
35.50203000546548 15.0
35.531334928390386 16.0
35.67727988664074 17.0
35.67980114610302 18.0
35.721733445921274 19.0
35.72707666645055 20.0
35.8100976962336 21.0
35.88536432406923 20.0
35.94258423363373 21.0
35.961103130522325 20.0
35.966149266308356 21.0
35.96913148173781 22.0
36.04069897205629 21.0
36.060343363089636 22.0
36.10365663793963 21.0
36.14551765390747 22.0
36.19758695780763 21.0
36.25060344720211 22.0
36.30186533336085 23.0
36.30244159487954 24.0
36.30516880456608 25.0
36.36452677771891 26.0
36.41779662372983 25.0
36.434774838326696 26.0
36.43955554262938 25.0
36.46941424307994 26.0
36.47762479068947 25.0
36.48071849406443 24.0
36.49485417295329 25.0
36.50503023102843 26.0
36.52432261558734 25.0
36.55228880365341 24.0
36.5703010085488 25.0
36.575395802186705 24.0
36.582440408534296 25.0
36.595585856878216 24.0
36.60020176746365 25.0
36.63385909430104 26.0
36.689739022545375 27.0
36.742294575703156 26.0
36.746526013389015 27.0
36.747270859104354 28.0
36.77195596552295 27.0
36.810431132625006 26.0
36.82326221210739 27.0
36.858486538597646 26.0
36.87261438445037 25.0
36.89224864929023 24.0
36.934891210756184 25.0
37.02715447777216 24.0
37.09181212103297 25.0
37.092109655496074 26.0
37.118506221513236 25.0
37.1387547214711 26.0
37.21454424161245 25.0
37.214898458875474 24.0
37.24231977379771 25.0
37.286845093791776 24.0
37.2892231277864 25.0
37.298372319399085 26.0
37.360405863861125 25.0
37.36453316154761 26.0
37.428977804390264 25.0
37.45421777782868 24.0
37.454861391015065 25.0
37.46120767895378 24.0
37.46862637462427 25.0
37.47475334621112 26.0
37.5559333591178 27.0
37.59889589861709 26.0
37.59907634634602 25.0
37.60291253953882 26.0
37.632822797591814 27.0
37.670410499675484 26.0
37.68395587127261 27.0
37.714102166083855 28.0
37.73302335080334 29.0
37.76394657916732 28.0
37.76703920545903 29.0
37.80751696639282 30.0
37.88410040329024 29.0
37.91065703385631 28.0
37.931658930468366 29.0
37.94300683995151 30.0
38.01048091496311 31.0
38.06853084787803 32.0
38.090977486393164 31.0
38.113602100665574 32.0
38.117367554250094 31.0
38.155710054890235 30.0
38.17442657496309 29.0
38.20140501153131 30.0
38.271914861344044 29.0
38.308120390268265 30.0
38.33821036036423 31.0
38.38365511598678 30.0
38.41425820504374 29.0
38.43757602912784 28.0
38.44009279103968 27.0
38.456884501626604 28.0
38.48671958157449 27.0
38.49088592637788 28.0
38.53191034694096 29.0
38.55169659515999 28.0
38.555255533484264 27.0
38.55739581298049 26.0
38.56373082777238 25.0
38.58538432078608 24.0
38.61949297911244 25.0
38.64224280243394 24.0
38.65403753999062 23.0
38.67160966477599 24.0
38.69060685976857 25.0
38.72678467026024 24.0
38.728280882134435 25.0
38.74498485035135 24.0
38.77378603703938 23.0
38.8156481468152 22.0
38.84582327556641 23.0
38.86587820617623 24.0
38.866559249132465 23.0
38.88210609448634 24.0
38.89592287548247 25.0
38.898561103763555 26.0
38.91468238803339 25.0
38.93090787026125 24.0
38.95380884447071 23.0
38.96612808629292 22.0
38.97922999201084 23.0
38.99770835436528 22.0
39.09258929943025 23.0
39.09565343756123 24.0
39.10826196558454 23.0
39.12240771172981 22.0
39.164399184727934 23.0
39.19039149778754 24.0
39.20397758145935 25.0
39.23439664826426 24.0
39.28955704034122 23.0
39.315043831833975 22.0
39.36504066815417 23.0
39.39576586972952 24.0
39.408940761132996 23.0
39.42340341733153 22.0
39.426468844232595 23.0
39.428767582168206 22.0
39.43146465423896 21.0
39.477804170442774 20.0
39.51132853835588 21.0
39.52435729314703 22.0
39.55771561017307 23.0
39.56423152424626 24.0
39.58320208616499 25.0
39.59547840056758 26.0
39.598241356440404 27.0
39.60239993730626 26.0
39.62166947516123 25.0
39.62846023797673 24.0
39.64501393506207 25.0
39.65131497264296 24.0
39.66174754108378 23.0
39.680554469128936 24.0
39.6989853869465 23.0
39.700403390531925 22.0
39.70359518763489 23.0
39.77301603219946 24.0
39.7830169195144 25.0
39.834832174235295 26.0
39.87330687881371 25.0
39.874930350770285 24.0
39.906319291469245 25.0
39.92119581567296 24.0
39.93810328982488 25.0
39.94550111853599 24.0
39.97364333851577 25.0
39.97527899767753 24.0
39.98116420077573 23.0
39.98408693299882 24.0
40.030176956710825 25.0
40.060318809539496 24.0
40.081564703572674 25.0
40.15184908086415 26.0
40.19496877534762 27.0
40.217959869642264 26.0
40.2578991879729 27.0
40.269404975136645 26.0
40.288891033867635 27.0
40.30268178747439 28.0
40.32140151821183 27.0
40.32958247163155 26.0
40.344350448766775 25.0
40.39028222219378 24.0
40.500192664879094 23.0
40.50292144607444 22.0
40.574966483731686 21.0
40.621954506866615 20.0
40.62396638914794 21.0
40.64552227961831 22.0
40.660409105800056 23.0
40.663498561707925 22.0
40.66980753146377 23.0
40.69090498503403 22.0
40.72577656509326 21.0
40.753801652901636 22.0
40.75720229343272 23.0
40.76151641966608 24.0
40.851083369102554 25.0
40.86312101264874 24.0
40.86897062739878 25.0
40.89478555278832 26.0
40.90077552620162 25.0
40.94191737126593 24.0
40.955703826652524 25.0
40.97728862506524 26.0
40.978267926958196 27.0
41.037224249813384 26.0
41.052361337010446 27.0
41.06208582790161 28.0
41.077293413930946 27.0
41.09542355949241 28.0
41.11198286902563 29.0
41.163244741081066 28.0
41.16632077287678 29.0
41.28593302894611 30.0
41.31017370094253 31.0
41.33715219124978 32.0
41.360488767626464 31.0
41.37355284119626 30.0
41.43717125440415 31.0
41.45049024074437 32.0
41.46219601569831 33.0
41.487224264631934 32.0
41.52758245330239 33.0
41.582044952313986 34.0
41.58493471281237 33.0
41.634645737723986 34.0
41.66563141307652 35.0
41.708477791069406 36.0
41.77593024622873 37.0
41.793325527530875 36.0
41.85136941006952 35.0
41.87802714567813 36.0
41.89088272129762 35.0
41.89958216271974 36.0
41.92882701388645 35.0
41.92951641772906 34.0
41.98340558891273 35.0
42.01556584899713 34.0
42.04967926678096 33.0
42.05057560656823 32.0
42.102620667624215 31.0
42.151038760882116 30.0
42.16246096274582 31.0
42.16584070790646 32.0
42.166960437203436 31.0
42.201107342399226 30.0
42.20874517285623 29.0
42.28986408455224 30.0
42.35530123637755 31.0
42.42462020287143 30.0
42.519637650823206 31.0
42.54517398302189 30.0
42.579521509014164 29.0
42.600577163412716 30.0
42.63242830781934 29.0
42.6339497273499 30.0
42.64244589391703 31.0
42.64844048904396 30.0
42.66661432285449 29.0
42.70318756398442 28.0
42.818566891617 29.0
42.83940733931001 30.0
42.862878866678344 29.0
42.86497298796843 30.0
42.91055445813296 29.0
42.922907215686095 28.0
43.05550628681647 29.0
43.082955203237326 28.0
43.08777891385365 29.0
43.10187170638406 30.0
43.1384325526103 31.0
43.1392059030137 30.0
43.14620195076845 29.0
43.15994508107032 28.0
43.17017873756412 29.0
43.227319744590474 28.0
43.28021778982744 27.0
43.324688441859564 28.0
43.337011225491224 29.0
43.34954833023777 28.0
43.34986867387936 27.0
43.37986547258661 26.0
43.413501453421546 27.0
43.41966235215796 28.0
43.47168616051258 27.0
43.47314413000286 26.0
43.517107461252216 27.0
43.5251286817094 26.0
43.53326285717662 27.0
43.548449067872184 26.0
43.59487805497106 25.0
43.625420083906384 24.0
43.625769273138246 25.0
43.64871316615354 26.0
43.669408647335466 27.0
43.71012298833591 26.0
43.744026984829894 27.0
43.74957640391882 28.0
43.808799368090874 29.0
43.85268818411333 30.0
43.893420015012865 29.0
43.9018127168592 30.0
43.95646506321296 29.0
43.9629425621676 28.0
44.00423669984161 27.0
44.023370749093154 28.0
44.02346001958117 27.0
44.033582223941906 26.0
44.05636968941467 25.0
44.10422850931732 24.0
44.15312825357852 23.0
44.16136621250743 22.0
44.201995763107554 23.0
44.22643233769878 22.0
44.27158808900682 21.0
44.31850567417142 20.0
44.32034656097112 21.0
44.387506159926374 22.0
44.429404802443294 21.0
44.44238042509993 20.0
44.44249262914669 19.0
44.4566279458302 18.0
44.45711695738039 19.0
44.45796436506273 18.0
44.46932839588547 19.0
44.47261069170707 18.0
44.47647527660209 17.0
44.55574485605461 18.0
44.56195465156023 17.0
44.583699191391574 18.0
44.61132935092562 19.0
44.791861372916415 18.0
44.814368138441395 19.0
44.94714278960567 20.0
45.01138278711327 21.0
45.04651710096272 20.0
45.08174070829204 21.0
45.10616016988839 20.0
45.15726784298212 21.0
45.20685044698867 22.0
45.270720275245914 21.0
45.314453724980424 22.0
45.32673915908663 23.0
45.429730480319755 22.0
45.43375695213123 21.0
45.44205861530102 20.0
45.46585644385622 21.0
45.48288782410244 20.0
45.55969971585909 19.0
45.56793301780241 18.0
45.582886110675936 17.0
45.700662611247736 16.0
45.72807165775904 17.0
45.729695710500366 16.0
45.78914230482031 17.0
45.85192236780392 18.0
45.85544790992995 19.0
45.858520834386105 18.0
45.86557002173817 19.0
45.87177134683875 18.0
45.903051390397295 19.0
45.93649916124964 20.0
45.984308000686994 21.0
46.00484483414656 22.0
46.05605772545582 23.0
46.08467447063501 22.0
46.101067838510126 23.0
46.1373427850319 22.0
46.1638036472618 23.0
46.31103815878975 22.0
46.319588788923284 23.0
46.371936614103184 24.0
46.395589644113045 23.0
46.507027210023196 22.0
46.543330974891475 23.0
46.56607233618059 24.0
46.58376341977464 23.0
46.608798923899485 22.0
46.614421869450446 21.0
46.62563115114364 20.0
46.64878587920078 19.0
46.6656722331533 18.0
46.730553123491234 17.0
46.73217770348219 18.0
46.762789457504546 19.0
46.76595142886255 18.0
46.819490557994754 19.0
46.85169888510217 20.0
46.88162619253768 21.0
46.9073545198261 20.0
46.91974911950541 21.0
46.92687407255368 22.0
46.927489495500545 23.0
46.932335495624365 24.0
46.95364312227974 25.0
46.959291410391565 26.0
46.98530971426257 25.0
46.99633954076158 24.0
46.99949712443881 23.0
47.005654721864936 24.0
47.03046005466063 25.0
47.07076232954263 24.0
47.072337706398564 23.0
47.09220868486619 24.0
47.112483514278196 23.0
47.14532908520974 22.0
47.147763618931 23.0
47.168998799234316 22.0
47.2116956792355 23.0
47.23923490762389 24.0
47.31794869739389 23.0
47.343665276589384 22.0
47.40305265039241 23.0
47.455621012820295 24.0
47.458979380452426 25.0
47.49675893643457 26.0
47.51196323556869 27.0
47.5645730075057 28.0
47.577235797614286 27.0
47.684833483053914 28.0
47.71312186943355 27.0
47.738454876690746 26.0
47.74093811752597 27.0
47.76635516137227 26.0
47.84848877398977 25.0
47.86534978789147 26.0
47.89341969148919 25.0
47.8986519558177 26.0
47.94254613870563 27.0
47.94361738613699 28.0
47.995706421349674 29.0
48.02715328659391 28.0
48.057177229962186 27.0
48.07073984525624 26.0
48.097965710164935 27.0
48.119982680564014 28.0
48.12691312821492 29.0
48.12769701729431 28.0
48.134914676798 29.0
48.169863881669606 28.0
48.1705697262005 29.0
48.18148844399378 28.0
48.20791283399405 27.0
48.21277847192197 26.0
48.28433218949027 25.0
48.30668663010635 26.0
48.371423706494404 25.0
48.375386079480954 26.0
48.38040390537051 27.0
48.44684858929804 26.0
48.44848661902539 27.0
48.45907037303184 26.0
48.47248663828437 27.0
48.51232462367607 26.0
48.520510842710365 25.0
48.540546892220824 26.0
48.547490565587744 25.0
48.608386106925096 24.0
48.60908615534344 25.0
48.65572699332167 24.0
48.680274783570745 23.0
48.69699795135815 24.0
48.70242146714058 25.0
48.83838838089259 26.0
48.91851330407866 27.0
48.94324925711189 28.0
48.94895996318729 27.0
49.02298477574067 28.0
49.107901627950255 27.0
49.144760739433416 28.0
49.197031494831215 27.0
49.25980698192479 26.0
49.27407948480338 25.0
49.28359608028116 24.0
49.30776602094273 23.0
49.32379872684063 22.0
49.32530658485887 23.0
49.32892989347275 22.0
49.338732450211715 23.0
49.34138079805331 22.0
49.3616773239598 23.0
49.36307391970247 24.0
49.36830672476301 23.0
49.43541353878811 22.0
49.441716715220615 21.0
49.45067953840135 22.0
49.45911203680812 21.0
49.48903078382729 20.0
49.59615367347193 19.0
49.609681552263126 20.0
49.61057644001646 21.0
49.620669635497364 20.0
49.65424279730017 21.0
49.68059474190468 22.0
49.705709072243 21.0
49.71385566707144 22.0
49.71567045055202 21.0
49.71945909979089 22.0
49.727747608647306 21.0
49.787103408060915 20.0
49.79064732083565 19.0
49.84716374336895 18.0
49.90912274975829 19.0
49.95996613999053 18.0
49.98492269083434 17.0
50.020082701764984 18.0
50.03185836157717 19.0
50.036253238826944 18.0
50.05352232025501 17.0
50.08349671050335 18.0
50.167531407943606 19.0
50.16760004421932 20.0
50.19545795387253 19.0
50.19588215504975 18.0
50.233741446121584 19.0
50.25614042633835 18.0
50.28879398178476 17.0
50.31633520360773 18.0
50.32977872719785 19.0
50.3991554950819 18.0
50.39972090407727 17.0
50.40602883766742 18.0
50.43435768977359 17.0
50.46356194600952 18.0
50.495018213995856 17.0
50.544758652218164 16.0
50.575720278313035 15.0
50.58861886784694 16.0
50.602405968316155 17.0
50.63460521186269 16.0
50.67228512648201 17.0
50.685677882598554 18.0
50.70634112565213 17.0
50.738485481498 18.0
50.77622716649555 19.0
50.81680920328046 18.0
50.9081447401592 17.0
50.96665409068269 16.0
50.99253545880571 17.0
50.995859352704386 16.0
51.128455603310464 17.0
51.12908516435827 16.0
51.137916488325 15.0
51.16761491793708 14.0
51.187636442129374 15.0
51.19544834009258 14.0
51.24115577497941 13.0
51.24511360155891 14.0
51.29137613205686 15.0
51.29694501910971 16.0
51.368859049351194 17.0
51.37272888567858 16.0
51.37514306035639 15.0
51.42101165731411 16.0
51.440012095847784 15.0
51.44101762616232 16.0
51.53547448236189 17.0
51.54563840835475 16.0
51.557793667694085 17.0
51.6283550524277 18.0
51.62955340149413 19.0
51.63764689149309 18.0
51.64111384026555 17.0
51.64346599185992 16.0
51.662867602065184 15.0
51.67356909702342 14.0
51.69740067544967 15.0
51.7106955531173 16.0
51.715960300677345 15.0
51.72380921314049 16.0
51.75082931336022 17.0
51.75091855874075 16.0
51.75221912468361 17.0
51.76750099870228 18.0
51.81188840164745 19.0
51.84363724361841 20.0
51.85304441804854 19.0
51.877239590281064 20.0
51.92847830295792 19.0
51.99655994910215 18.0
52.013370410399475 17.0
52.02995313184258 18.0
52.075112209772506 19.0
52.07616024512941 18.0
52.077830008823696 17.0
52.09775036510812 16.0
52.14000459363143 17.0
52.1572315135399 16.0
52.20241926005072 17.0
52.208006557447426 18.0
52.23276549234347 17.0
52.233445960037685 18.0
52.28915210008386 19.0
52.31265663854635 18.0
52.320526428030256 19.0
52.3303699290253 20.0
52.345182557483625 19.0
52.38707609969668 20.0
52.4124033633594 21.0
52.437339257550235 20.0
52.43777455187589 21.0
52.58769316482499 22.0
52.60447912360186 21.0
52.612554361864085 22.0
52.62814586019749 23.0
52.63498772880982 24.0
52.643041369247555 23.0
52.685084800779535 22.0
52.71505302291756 23.0
52.71542513996426 22.0
52.81735620017324 21.0
52.855284039870845 22.0
52.87834973942266 23.0
52.8822616484435 22.0
52.892410368169905 23.0
52.972185561639904 22.0
52.98964509143466 21.0
52.99914814824546 22.0
53.05299405644202 21.0
53.06301512299315 22.0
53.087331607430414 23.0
53.08782498980464 24.0
53.189764755106474 25.0
53.196358601104485 24.0
53.2398144184078 25.0
53.24245041418693 24.0
53.32089747533823 25.0
53.3293696577529 24.0
53.384477962853346 23.0
53.394399660990686 22.0
53.40517917014418 21.0
53.705971803574016 20.0
53.70953015239165 19.0
53.71047757136905 18.0
53.72263735684336 19.0
53.743273875269715 20.0
53.76440670175083 19.0
53.79777443078586 18.0
53.809749981245595 17.0
53.81620777354536 16.0
53.859616528604555 17.0
54.044589179311565 16.0
54.05973748849214 17.0
54.20814848591659 18.0
54.22092033956253 19.0
54.27023724186076 20.0
54.389607005866736 19.0
54.39993917136134 20.0
54.40848071697171 21.0
54.46092599284134 20.0
54.5936240678306 19.0
54.60062971268501 18.0
54.66966371687452 17.0
54.74451657212497 16.0
54.79822388525311 17.0
54.84944941851899 16.0
54.90587885959852 17.0
54.95160217211906 18.0
54.999206765964715 17.0
55.020809845475284 18.0
55.09391497778064 17.0
55.1386066025549 16.0
55.24816558660575 17.0
55.27436641765718 18.0
55.33462572841443 17.0
55.366224594457165 16.0
55.44213793107788 15.0
55.48166706283432 14.0
55.57840534358302 13.0
55.64730395146594 12.0
55.66419067889328 13.0
55.723580170452074 14.0
55.78479702440478 13.0
55.808894099008846 14.0
55.816745788877164 13.0
55.90801974171708 14.0
55.97336267676694 15.0
56.02367807698381 14.0
56.06021442920483 15.0
56.133293014792365 14.0
56.19952780323144 13.0
56.26229814870708 12.0
56.3018583592626 13.0
56.31555261144706 12.0
56.34438588001247 11.0
56.39528864113287 12.0
56.426002619795646 13.0
56.53211529877507 14.0
56.53432040371454 15.0
56.574938670570226 16.0
56.72541380300641 17.0
56.725661751681756 18.0
56.743253480940524 17.0
56.79403378959807 16.0
56.83196107176236 15.0
56.95737995769726 14.0
57.007433540617946 13.0
57.0987211593892 14.0
57.1196820127149 13.0
57.18024582310451 12.0
57.23896748681633 13.0
57.24786714202545 12.0
57.250874784462106 11.0
57.27475430063666 10.0
57.30178367515804 11.0
57.4405834336621 12.0
57.45669347229925 11.0
57.484654083458636 12.0
57.553663569648684 13.0
57.581268549484435 14.0
57.595933637743684 13.0
57.60915467585729 14.0
57.661780128095764 15.0
57.670496204912524 16.0
57.68180462211259 17.0
57.68469977073143 18.0
57.73708265175955 17.0
57.76457573775504 16.0
57.82611311214607 15.0
57.86703611696431 16.0
57.87260589253417 15.0
57.92839918802714 14.0
57.942141664568986 15.0
58.01330430411431 16.0
58.02612886066437 17.0
58.15776148990385 16.0
58.18377163617827 17.0
58.24931129600651 16.0
58.361024035316184 17.0
58.380406253729824 18.0
58.3880618709207 17.0
58.42792814251238 18.0
58.46341745774884 19.0
58.531769542515235 20.0
58.57432297572282 19.0
58.58098736993804 20.0
58.64334637061133 19.0
58.677395386685916 20.0
58.6913586306827 19.0
58.771201327352706 18.0
58.79277152232002 19.0
58.806143052976054 20.0
58.81466759114356 19.0
58.900127832942275 18.0
58.90598361883612 17.0
58.95298337061742 16.0
58.95844637230384 15.0
58.96813556375625 14.0
59.00622071310058 13.0
59.13952741039888 12.0
59.14905861394336 11.0
59.153120340735285 10.0
59.16085346411753 11.0
59.16986018692079 10.0
59.20333055312816 9.0
59.37316334687959 10.0
59.46059501076256 9.0
59.50935985327314 10.0
59.52253845990509 11.0
59.553604908843596 10.0
59.57235145212982 11.0
59.574926969493184 12.0
59.623871598101694 13.0
59.65356245275854 12.0
59.789116588422374 11.0
59.81101011886307 10.0
59.814312086843564 11.0
59.86562055076622 12.0
59.91876397374222 13.0
59.954757682946145 14.0
60.023270123884174 15.0
60.15523659055459 16.0
60.16407768446315 15.0
60.24450368024955 16.0
60.26943553760068 15.0
60.301565760941855 14.0
60.30946779141175 13.0
60.359568497687654 14.0
60.38031797912712 15.0
60.398528110081216 14.0
60.40793400403658 13.0
60.41752748067763 12.0
60.50240227960791 13.0
60.56095328467353 12.0
60.57769281140734 11.0
60.584915079232964 10.0
60.607255335831994 9.0
60.67432180188123 8.0
60.84659403484498 7.0
60.87283400411931 8.0
60.89444922850427 9.0
60.91630987200575 10.0
60.99074526649632 9.0
61.021071437999865 8.0
61.133221883395116 9.0
61.2674200245114 8.0
61.301590141681686 9.0
61.37966333442299 10.0
61.392022674543966 11.0
61.399529351156154 12.0
61.40090501081422 13.0
61.492467124015995 12.0
61.54048686791961 11.0
61.54313655585644 10.0
61.56326551002337 11.0
61.56598985627527 10.0
61.596494678346936 11.0
61.60171880755229 10.0
61.858786461889686 11.0
61.91054869820691 12.0
61.91749483869627 11.0
61.97403781774598 12.0
62.06032628823062 13.0
62.090090535718 14.0
62.11185787641315 15.0
62.187157419701975 14.0
62.31779346900203 15.0
62.35874699719262 14.0
62.38001275426485 13.0
62.398033013914855 14.0
62.42237570234392 13.0
62.42565562549808 14.0
62.438089922049734 15.0
62.45790104796469 14.0
62.48657757717633 13.0
62.510861656411905 12.0
62.55817128837506 13.0
62.6154138789516 14.0
62.643836740954136 15.0
62.659975730640035 16.0
62.69182573065446 15.0
62.70937340911033 14.0
62.72442306975381 13.0
62.7586338937078 14.0
62.80148483449285 13.0
62.9326862414295 14.0
62.951866644099084 15.0
62.95673756932083 14.0
62.99420705172977 13.0
63.0732577854049 12.0
63.09624205472114 13.0
63.158299832310966 14.0
63.1697699488297 13.0
63.182255500096474 12.0
63.23718459890654 13.0
63.25427596606537 12.0
63.306480234726365 13.0
63.34433827357064 14.0
63.34725943728936 15.0
63.36279338272059 14.0
63.39737388964726 15.0
63.446610497728734 14.0
63.45856859055769 13.0
63.48261049808902 12.0
63.529994838046925 13.0
63.629935480823605 14.0
63.641170017658474 13.0
63.73239829615199 12.0
63.83407387755191 11.0
63.868619204985784 12.0
63.9507813506985 11.0
64.10022684219953 10.0
64.2093232749711 11.0
64.32722836940553 10.0
64.35799453143206 11.0
64.44641492675848 10.0
64.4508050593153 9.0
64.4725444306472 10.0
64.54612134765436 9.0
64.64930292217724 10.0
64.7208456745849 11.0
64.75290050020273 10.0
64.81750076878393 11.0
64.866756706569 12.0
64.86768878099473 13.0
64.8693818872282 14.0
64.91209623403822 13.0
64.98828173721468 14.0
65.0353413995327 13.0
65.06758812640912 12.0
65.08802080704221 13.0
65.09921354984749 12.0
65.10967855146941 11.0
65.11596676897801 10.0
65.20130724031002 9.0
65.39778517463562 10.0
65.51101433614241 11.0
65.54817794960175 10.0
65.60248496194045 11.0
65.63780878663869 12.0
65.72455357975866 13.0
65.77340796568447 12.0
65.81058163527163 13.0
65.84046636816113 14.0
65.85204242692353 13.0
65.89105241213674 12.0
65.94150962997139 11.0
65.97978553509822 12.0
66.0536842466429 13.0
66.05749907768161 14.0
66.060978021655 15.0
66.06309170468647 16.0
66.09871082259406 15.0
66.15681791123467 14.0
66.19993042727448 13.0
66.20303032215467 14.0
66.33355830059627 13.0
66.3484384143584 14.0
66.40527019460681 15.0
66.46443399305424 16.0
66.53338383065415 15.0
66.56037022512396 14.0
66.60332637062389 13.0
66.640593282608 12.0
66.68104227452172 11.0
66.69748520396266 12.0
66.71774702818152 11.0
66.7944228959329 12.0
66.80175087856338 11.0
66.88524759758768 10.0
66.92766344476452 11.0
66.98168444230659 10.0
67.00350421669303 11.0
67.0795089534312 12.0
67.19398446194923 11.0
67.20025906015714 12.0
67.22999683198508 13.0
67.26856684207269 12.0
67.26957143182463 11.0
67.28702659956186 12.0
67.3632257284705 11.0
67.37850101838191 12.0
67.39135844983618 11.0
67.42101151277384 12.0
67.45931742885898 13.0
67.47322697894386 12.0
67.5253264564808 11.0
67.52646843111008 10.0
67.58069313613555 9.0
67.58425955900465 8.0
67.6284717079998 9.0
67.64447750805013 10.0
67.68139472243261 9.0
67.71514799443072 8.0
67.72426120050191 9.0
67.77452983558541 10.0
67.7850710976003 11.0
67.78594329666495 10.0
67.79584384589528 11.0
67.8188228285768 10.0
67.88692110716782 9.0
67.90184033923481 8.0
67.92951190115626 9.0
67.94828451734539 10.0
67.97538396893609 11.0
67.98299765527531 10.0
68.0871558914509 9.0
68.10940389714493 10.0
68.12415472943393 11.0
68.2007397460134 12.0
68.2146657197822 11.0
68.29752820911646 10.0
68.30682239628071 9.0
68.40333099658068 10.0
68.47283482532475 9.0
68.50913423486497 10.0
68.55592786479994 11.0
68.56767781331922 12.0
68.58857574388128 13.0
68.72299370183983 12.0
68.76606248728376 13.0
68.76915763734668 14.0
68.81219811260051 15.0
68.86963293020281 16.0
68.89053562475765 15.0
68.91583297320048 14.0
68.976770689513 13.0
68.99941610040034 12.0
69.04774248135945 11.0
69.09331035003879 12.0
69.15424301559914 13.0
69.16143147896335 14.0
69.18964964218353 13.0
69.22980583949938 14.0
69.23444562903754 13.0
69.24943586294208 14.0
69.25233801719178 15.0
69.29063891226227 16.0
69.30296662562891 17.0
69.37706942136398 18.0
69.43645110797347 17.0
69.449373907464 16.0
69.4507638974443 15.0
69.46715250413635 14.0
69.52296076259783 15.0
69.58917122468597 14.0
69.61813139695221 15.0
69.64101000411515 16.0
69.66371263950916 17.0
69.69934753579425 16.0
69.80003881811136 15.0
69.82030105586719 16.0
69.92001320230612 17.0
69.93862061449232 18.0
69.94635596072777 17.0
69.96614528773299 18.0
69.97394172167542 19.0
70.02828415226239 20.0
70.04135452099378 21.0
70.05635695754806 20.0
70.0866828562986 19.0
70.11447276475879 20.0
70.12941724936445 21.0
70.15349774584703 20.0
70.22264211500334 21.0
70.23225956948285 22.0
70.26451710914081 21.0
70.29960561363325 20.0
70.34973893878646 21.0
70.35431068705925 20.0
70.5052168016647 21.0
70.56854135170059 22.0
70.58182118463968 21.0
70.5826328235722 22.0
70.65088105220994 23.0
70.67207263144253 24.0
70.72157745444044 23.0
70.72203242162662 22.0
70.79532862649002 21.0
70.96837500587948 22.0
71.04132315880211 23.0
71.18288555892211 22.0
71.2146055366137 21.0
71.25355069927274 22.0
71.29682740797175 23.0
71.30845405286816 24.0
71.35915652619624 23.0
71.36156935896804 22.0
71.37665655602132 21.0
71.38591907310449 20.0
71.4220741640743 19.0
71.42704999693565 18.0
71.430855856998 17.0
71.43119616958444 18.0
71.48997131589473 17.0
71.5060031273417 16.0
71.51307411324096 15.0
71.5290794276929 16.0
71.53658653389452 15.0
71.63779545180314 14.0
71.697684683951 13.0
71.69899720711784 12.0
71.72144859191775 13.0
71.73382682273507 14.0
71.75218247498937 15.0
71.84682530176897 14.0
71.89396554494172 15.0
71.89590364909463 16.0
71.89720022076612 17.0
71.90967886089872 16.0
71.93575730745053 17.0
71.99991411277053 16.0
72.04698411540004 15.0
72.08635765173084 16.0
72.09645705598021 17.0
72.15686783196499 16.0
72.20979354368212 15.0
72.21219341387429 16.0
72.25829005438094 17.0
72.2683106658434 18.0
72.28797679889556 17.0
72.4167346315913 16.0
72.43426465396497 15.0
72.48551021150605 16.0
72.60674350512272 15.0
72.67912757630407 14.0
72.69852456679286 13.0
72.70986172696061 14.0
72.71977143627149 15.0
72.73168494254088 14.0
72.78533759725697 15.0
72.81347093609553 16.0
72.84876049783435 15.0
72.8563053861054 14.0
72.91461071344135 15.0
72.94435320588039 16.0
72.95317345222068 17.0
72.97326148340832 16.0
72.98244512732352 15.0
73.27955663697679 16.0
73.29284527367365 17.0
73.40332002355015 16.0
73.4130641548685 17.0
73.46402869037632 18.0
73.48974332451722 19.0
73.49143786534498 20.0
73.50549647730125 21.0
73.51360577939943 20.0
73.530801082673 21.0
73.57770515023537 20.0
73.58078523338179 21.0
73.61370351180673 20.0
73.61517569483834 19.0
73.61628546741201 20.0
73.66530713893405 19.0
73.7575423849606 20.0
73.76812399830541 21.0
73.8099148793276 22.0
73.85627050692048 21.0
73.92371241829828 22.0
73.93514137028447 21.0
74.01852478683486 20.0
74.01972393498585 19.0
74.18897500474598 20.0
74.27315598240678 21.0
74.29956974957386 22.0
74.30718368616509 21.0
74.31463097415758 20.0
74.37824205397493 21.0
74.39661042106536 20.0
74.48283444666617 19.0
74.56539916822413 18.0
74.58475919430973 19.0
74.62482235864141 20.0
74.6506861648714 21.0
74.70059323743949 22.0
74.70250295829555 23.0
74.75078372232481 24.0
74.76706400014127 23.0
74.79493950013831 22.0
74.79531263869528 21.0
74.86741704502244 20.0
74.87384910864093 21.0
75.00224775515228 22.0
75.02431769528155 21.0
75.03388540196009 20.0
75.04027871059449 21.0
75.04446162316579 22.0
75.15152199966349 23.0
75.30197745217205 24.0
75.30936292311767 25.0
75.38491755411607 26.0
75.40544729753934 25.0
75.4424607916086 26.0
75.50284845267484 25.0
75.61780337829997 26.0
75.6178753316526 25.0
75.73496166497844 24.0
75.73776320463334 23.0
75.77305857465252 24.0
75.79348707998827 23.0
75.8597496389626 24.0
75.88481791951301 23.0
75.97985950610686 22.0
76.02149267450879 21.0
76.03299589753959 20.0
76.07091923772333 21.0
76.1085956084265 22.0
76.13665008224235 23.0
76.14225366186014 22.0
76.14684039381291 21.0
76.16830399054919 22.0
76.17617986053357 23.0
76.19157828957448 24.0
76.22515336150153 23.0
76.30318746224405 22.0
76.33954357493326 23.0
76.42852660753807 22.0
76.437046062035 21.0
76.44120428390076 20.0
76.44124403918636 19.0
76.46661256337859 20.0
76.46784662696629 21.0
76.51207605037207 20.0
76.58597324527858 21.0
76.58927748091762 20.0
76.6049617600447 19.0
76.81530168208597 20.0
76.81825963336777 21.0
76.82002162386743 20.0
76.83841045755217 21.0
76.84191158025648 20.0
76.87822293887847 19.0
76.91465811687672 18.0
76.92319275869548 19.0
76.9510966939571 20.0
76.9565565058931 19.0
76.97655121619694 20.0
76.98085123488484 19.0
76.98204339985557 20.0
76.98405391684565 21.0
76.995009593192 20.0
77.06847773106009 21.0
77.08386438767042 22.0
77.08893172296062 21.0
77.09711204768102 20.0
77.17539059609354 19.0
77.21045743893123 20.0
77.25706342568878 21.0
77.3146945483102 22.0
77.32593807709713 21.0
77.32697854109311 22.0
77.37629516344498 23.0
77.4085178853284 24.0
77.49242639555253 25.0
77.51565704448117 24.0
77.52537594729098 23.0
77.59590084714324 24.0
77.63152594802918 23.0
77.64372445270513 22.0
77.67240552809076 23.0
77.74277120237714 22.0
77.74717447527013 23.0
77.75664364567106 22.0
77.81378652136613 21.0
77.83562422475663 20.0
77.83612297575166 21.0
77.85301950232054 20.0
77.904917257146 19.0
77.933968639516 20.0
77.97790342883899 21.0
78.03361363158272 20.0
78.05983538924734 21.0
78.08831064356734 20.0
78.14402101653437 21.0
78.15161805282563 20.0
78.20099192105737 19.0
78.21173376475616 18.0
78.22586383038998 17.0
78.28446963334055 16.0
78.28795648747845 17.0
78.3264082366296 18.0
78.35233947444294 19.0
78.4317749480823 20.0
78.4425025559999 19.0
78.46432697596494 20.0
78.46525631632933 19.0
78.49127351645231 20.0
78.54526014260065 19.0
78.56534846209449 20.0
78.59326513168523 19.0
78.62049750346596 20.0
78.6338466672111 21.0
78.68933908635746 22.0
78.69475524911203 21.0
78.69814616610681 22.0
78.70847786426086 21.0
78.7288689616644 22.0
78.80347641851392 21.0
78.88075843761972 20.0
78.96090003291644 19.0
78.98470815121274 20.0
78.98746391225332 19.0
78.99612103166655 18.0
79.01115575837615 19.0
79.04461875373913 18.0
79.0491223823389 17.0
79.05857789065088 18.0
79.06326151043417 19.0
79.06531442817841 20.0
79.0950448143213 21.0
79.10207971731208 20.0
79.14984583667344 19.0
79.15485790565423 20.0
79.167976311571 21.0
79.19504144225769 22.0
79.21073407529006 23.0
79.21889248534914 22.0
79.23338772560945 21.0
79.2450848414007 20.0
79.28491494876518 21.0
79.33438834773962 22.0
79.34322575792102 23.0
79.3711718920267 22.0
79.4535206787675 21.0
79.46231551057498 22.0
79.53793585843805 23.0
79.5748168605963 22.0
79.60171593595673 21.0
79.70750964631543 20.0
79.71453211723612 21.0
79.72281144757252 20.0
79.73727290752983 21.0
79.75182930535804 22.0
79.79053223797571 21.0
79.81337202176407 22.0
79.83380046903801 21.0
79.83744061168937 22.0
79.85912338521094 21.0
79.94835938943037 22.0
79.98672028268867 23.0
80.01345637761199 22.0
80.09834977143733 21.0
80.12442686874743 20.0
80.16972298915422 21.0
80.19768924777644 20.0
80.22440064454557 21.0
80.24248034008801 20.0
80.25217617399888 19.0
80.28565072390012 20.0
80.28944486946234 19.0
80.29918156861208 20.0
80.32239221213257 21.0
80.33411820174351 20.0
80.35117841795002 19.0
80.36313924510712 18.0
80.36326777649836 17.0
80.38036350730587 18.0
80.40185075086548 17.0
80.49679995246225 16.0
80.58407265212674 17.0
80.6044920869912 16.0
80.66862363394625 17.0
80.78723344016232 16.0
80.84979529770013 15.0
80.8604403584894 16.0
80.87943738638548 15.0
80.91933285447695 16.0
80.95755452146945 17.0
80.96956051314623 16.0
80.979776158105 17.0
81.00694014910108 18.0
81.03746473578025 17.0
81.0389544114299 18.0
81.05431804456302 19.0
81.07378879830601 20.0
81.0835377398539 19.0
81.1402654069079 18.0
81.20739895899688 17.0
81.21837102853732 16.0
81.24187453550427 17.0
81.24217586446302 18.0
81.29790645830059 17.0
81.32162072307433 18.0
81.32951682034692 17.0
81.35510839166123 18.0
81.38769701222601 19.0
81.40565592507755 18.0
81.42751363824019 17.0
81.4365740356139 16.0
81.43754121726307 15.0
81.45779173949835 16.0
81.47309041619364 15.0
81.48794971618776 16.0
81.53789956676334 17.0
81.6831064787093 16.0
81.69233629737877 17.0
81.70081100256573 18.0
81.7387642967752 17.0
81.75775710654355 16.0
81.90337722829067 17.0
81.90907176968517 18.0
81.95186183943264 19.0
81.95661225857918 18.0
82.0360635378138 19.0
82.0730558813194 20.0
82.07737857480514 19.0
82.15183501677186 18.0
82.23161506912625 17.0
82.29566861053875 16.0
82.3569466920885 15.0
82.45264249420845 14.0
82.47580318094508 15.0
82.51118958438143 16.0
82.55713604533595 15.0
82.58890412502737 16.0
82.61574135079118 15.0
82.69714131521167 14.0
82.71817408605973 15.0
82.72181598188826 16.0
82.78616996566831 15.0
82.86812732135883 16.0
82.92266644723782 17.0
82.92621685828588 18.0
83.0229713050485 17.0
83.0431310105012 16.0
83.10685971995528 15.0
83.11003099076927 14.0
83.15041556065664 15.0
83.19165794122195 14.0
83.22038495207313 15.0
83.25416332368367 16.0
83.30522650388563 15.0
83.36767995808252 14.0
83.38253622270781 13.0
83.3839837522942 14.0
83.44758452140812 13.0
83.46679208539085 12.0
83.513635265422 13.0
83.52100252566781 12.0
83.52418556412184 13.0
83.5660466128642 14.0
83.58359759782358 13.0
83.59001506523647 12.0
83.62222586862059 13.0
83.71127657342619 12.0
83.71306448793054 13.0
83.72801520506304 14.0
83.74477582451424 15.0
83.77443739609905 14.0
83.85919500827694 13.0
83.97760101684574 14.0
84.00175991522411 15.0
84.08230152291779 16.0
84.12504689077709 15.0
84.12891450563345 14.0
84.13778693747062 13.0
84.1424605605339 12.0
84.17380180835569 13.0
84.26911453491148 12.0
84.2748758873157 11.0
84.31342616561788 10.0
84.33361352505412 11.0
84.3522179504366 10.0
84.3586567681281 9.0
84.39459262277003 8.0
84.40247428665154 9.0
84.55480568204774 8.0
84.56218537580416 9.0
84.63561565796827 8.0
84.65434978499641 9.0
84.70684198495766 10.0
84.71791483033239 9.0
84.7226464750483 8.0
84.72458049976332 9.0
84.74373840231523 10.0
84.76988669038893 9.0
84.77019734676088 8.0
84.7802479522548 9.0
84.81097788138321 8.0
84.91571831928248 9.0
84.92222610436366 8.0
84.95900317994221 9.0
85.00474755982157 10.0
85.10575374117076 11.0
85.13742708767634 10.0
85.15818677905082 11.0
85.18933257600229 10.0
85.20741360124269 11.0
85.28281654093828 12.0
85.28832817930378 13.0
85.33269925198935 14.0
85.35541419362025 13.0
85.36100170597031 14.0
85.48120598806794 15.0
85.54010015094313 16.0
85.55300879310458 17.0
85.59646266214737 18.0
85.60086564844401 19.0
85.63641197699496 20.0
85.66295868372357 21.0
85.8124599871685 20.0
85.83138374691644 19.0
85.95168475858097 20.0
85.9610970153197 21.0
85.99247170242398 20.0
86.00270542463758 19.0
86.0370884081682 20.0
86.0775192936559 19.0
86.108663875817 18.0
86.12225907806662 17.0
86.12378201669921 18.0
86.12887263395227 19.0
86.16131356619267 18.0
86.17273517716741 17.0
86.17378697807955 16.0
86.17876845184793 15.0
86.18456868388559 16.0
86.24181438503679 15.0
86.26305575465713 16.0
86.30013885824155 17.0
86.30903964657362 16.0
86.35437630705182 17.0
86.35663054896366 18.0
86.42280275877144 17.0
86.43086207671224 18.0
86.45788865770274 17.0
86.49183254709008 18.0
86.5303290014815 19.0
86.53124342656474 18.0
86.5337276490631 19.0
86.56291712814057 20.0
86.59102179073614 21.0
86.6434680339134 22.0
86.65340623340025 21.0
86.69458254913143 20.0
86.7114095737156 21.0
86.78853371814442 22.0
86.81649484710414 23.0
86.81717970326078 24.0
86.83123421407107 23.0
86.87879992319294 24.0
86.88360912555655 25.0
86.97593566258433 24.0
87.02000476650709 25.0
87.09880037539585 26.0
87.13192782389424 25.0
87.13819416859626 24.0
87.1805511051314 23.0
87.18954168697987 22.0
87.1900677065682 23.0
87.19618386239293 24.0
87.21475389250826 23.0
87.23002466217542 22.0
87.2950534420076 23.0
87.32936768262941 24.0
87.4105570471019 23.0
87.43901434334302 22.0
87.46461463256674 21.0
87.46737699150951 22.0
87.47683610496013 21.0
87.52494372900904 22.0
87.53819852502566 23.0
87.6047895103968 22.0
87.61544414478044 21.0
87.62739628247238 22.0
87.69633463534956 21.0
87.71500451102943 22.0
87.7151947554422 21.0
87.78766822631395 20.0
87.90303893982737 19.0
87.94828875502793 20.0
88.01580693294392 19.0
88.04795583914718 18.0
88.07510907735944 19.0
88.1666416474027 18.0
88.21755249170738 17.0
88.27709670680485 16.0
88.27865618584828 15.0
88.40946563680623 16.0
88.42634759788581 15.0
88.48522041236717 14.0
88.55925769490418 15.0
88.58049376040408 16.0
88.61289608384078 17.0
88.61414044067416 18.0
88.63963979330612 17.0
88.64252168292063 18.0
88.64636638954596 19.0
88.66583473450598 18.0
88.68430692910081 17.0
88.71619464502768 16.0
88.77081678362818 15.0
88.7888314676531 14.0
88.8447477912537 15.0
88.92262593906649 16.0
88.93107844177024 15.0
88.93499596363732 16.0
89.11312412170071 15.0
89.14732922263323 16.0
89.17008848480025 17.0
89.18346110740674 18.0
89.18825704009517 19.0
89.2377306494235 18.0
89.2399193223191 19.0
89.24353976971727 18.0
89.3033486486804 19.0
89.35933745326669 18.0
89.39929421703503 19.0
89.44413518879269 20.0
89.47548404837895 21.0
89.49774450620522 22.0
89.68574025287256 21.0
89.78160537155392 20.0
89.78966937098596 19.0
89.79759144555983 20.0
89.92442221389123 19.0
89.93765430338001 18.0
89.9815632483278 17.0
90.03036814260699 18.0
90.03126824311875 17.0
90.04747088894777 16.0
90.06253411526248 17.0
90.12430290766294 16.0
90.14046326614006 17.0
90.16877781361086 18.0
90.18666045699128 19.0
90.20079563905311 20.0
90.33438578702167 19.0
90.35359721181051 18.0
90.38582852739285 17.0
90.48639641388348 16.0
90.53481790706454 15.0
90.59230843794424 16.0
90.65286237285991 15.0
90.70503757341096 14.0
90.74156753571533 13.0
90.9549037701846 14.0
91.06594908494138 13.0
91.08151223965451 14.0
91.14212530589433 13.0
91.16975623204013 12.0
91.20061391828038 13.0
91.26366263697456 14.0
91.2663213328252 15.0
91.29723888895273 16.0
91.29736910374804 17.0
91.30342426026507 18.0
91.32130243004806 19.0
91.3375769572045 20.0
91.35920715564461 21.0
91.37944029301967 20.0
91.41457769654293 21.0
91.48797094626491 20.0
91.49196268833799 21.0
91.68841421779531 22.0
91.6975129786716 21.0
91.71452295486364 20.0
91.71901857055086 19.0
91.75693339332943 20.0
91.76894482702475 19.0
91.80006049056375 18.0
91.86247009120947 17.0
91.90781775292665 18.0
91.92064405942693 19.0
91.92700568376033 18.0
92.00898729744738 19.0
92.04305607128883 20.0
92.04341425486396 21.0
92.06324134001405 20.0
92.11092327430006 21.0
92.18375205222391 22.0
92.19561993729448 21.0
92.36878444924258 22.0
92.37857650043658 23.0
92.42503304168335 24.0
92.5009098162639 25.0
92.50586645575822 24.0
92.56692213723352 23.0
92.60820005856107 24.0
92.7081899698794 23.0
92.71218811121922 24.0
92.7176061909987 23.0
92.72362745096414 22.0
92.74222050940544 23.0
92.75896935340472 22.0
92.80269551974216 23.0
92.81111796435422 22.0
92.83654463383729 21.0
92.89533448603981 22.0
92.92623698018713 21.0
92.929358880997 20.0
92.94359120738737 21.0
92.94447453529494 20.0
92.97743666902423 21.0
93.04557901482366 20.0
93.1201151968269 21.0
93.17570972995503 20.0
93.38089603261977 19.0
93.40832997983769 18.0
93.41950830687533 17.0
93.47494855622902 16.0
93.49082286172461 17.0
93.51599812367786 16.0
93.61455841211001 17.0
93.62633228097526 18.0
93.62765870708621 17.0
93.72435703248927 16.0
93.81010182601305 15.0
93.87137376883118 14.0
94.02880563266598 15.0
94.07856275780141 14.0
94.1164911558703 15.0
94.13162761863501 14.0
94.13435397963023 15.0
94.13986799801798 16.0
94.33538569930127 15.0
94.46451066692765 14.0
94.48829968323511 15.0
94.55385697691922 16.0
94.56465718769452 15.0
94.56675716966438 16.0
94.57108175719483 15.0
94.59149553895014 14.0
94.59501991778475 13.0
94.5975152282645 12.0
94.654724983444 11.0
94.69536691176283 10.0
94.7131254483904 11.0
94.81436755097859 12.0
94.84050714914362 11.0
94.87190580379176 12.0
94.9337571993162 13.0
94.95449718169927 14.0
94.97058573143993 13.0
94.98942852903066 12.0
95.08661618029218 11.0
95.20461715250809 12.0
95.30798065149882 13.0
95.31597315698639 12.0
95.40324737299186 11.0
95.45149338194904 12.0
95.53711067475342 11.0
95.55484099884947 12.0
95.56304270479497 13.0
95.5668278833638 14.0
95.58430537248522 13.0
95.59769413853068 12.0
95.60248282960796 13.0
95.60518803555965 12.0
95.62044902087244 13.0
95.63930573779442 14.0
95.69101570420402 13.0
95.71531858436303 14.0
95.71841424681475 15.0
95.75396304597137 16.0
95.78725133621893 15.0
95.81782462490115 16.0
95.83571808965249 17.0
95.8587410612896 18.0
95.86923882704299 17.0
95.91656206356652 18.0
95.99567362914513 17.0
96.02027005479219 16.0
96.15042843807555 15.0
96.18582601236582 16.0
96.19107727163755 15.0
96.27623602785337 16.0
96.29720950168061 17.0
96.30739300575227 16.0
96.31530711014297 17.0
96.35223147076535 16.0
96.37321432055028 17.0
96.37474590869137 16.0
96.3850379961271 15.0
96.424829226087 16.0
96.46271097188286 17.0
96.5126823938579 16.0
96.53165297461422 15.0
96.53756403015285 16.0
96.70864367002967 17.0
96.72263387293057 18.0
96.72751794871866 17.0
96.74461727339222 18.0
96.79587416065445 19.0
96.80497306515215 20.0
96.81269557113369 19.0
96.8524169383828 18.0
96.85513360429606 17.0
96.89532036502673 18.0
96.9794227295764 19.0
97.00888485027227 20.0
97.07933007924959 21.0
97.13832583348267 20.0
97.13872435622933 19.0
97.16601828514945 20.0
97.1758703146641 21.0
97.17614537995463 22.0
97.1808062188881 21.0
97.1841848762167 22.0
97.2281798183467 21.0
97.26216556872428 22.0
97.2899825718095 21.0
97.29504585888623 22.0
97.36854088297386 21.0
97.4305997554969 20.0
97.45187585047015 19.0
97.47499388893873 18.0
97.49288781641614 19.0
97.51714925397815 18.0
97.52218939321703 19.0
97.5604195833278 18.0
97.5979450279238 17.0
97.61010740767705 18.0
97.77398576038641 17.0
97.77544363594586 16.0
97.881119080324 15.0
97.89400827576863 16.0
97.94933881539924 17.0
97.97509136739126 18.0
98.0015511790897 19.0
98.06521057123919 20.0
98.1005230010589 21.0
98.16217443703458 22.0
98.19755125447244 21.0
98.21133384595218 22.0
98.23809292341794 21.0
98.24963629637824 20.0
98.27414974753611 21.0
98.33999827488812 20.0
98.34451540017521 21.0
98.40579945493262 20.0
98.4352502850157 21.0
98.4698821945097 22.0
98.49148747073824 23.0
98.5167117722691 22.0
98.51674511642773 21.0
98.54306040732897 20.0
98.59481600332107 19.0
98.60904640834686 20.0
98.67183238979894 21.0
98.69925964653267 20.0
98.71705936260801 21.0
98.83124797220505 20.0
98.83947535985838 19.0
98.85586253482853 18.0
98.8783513135459 17.0
98.88491464078484 18.0
98.88759778498766 19.0
98.89226892469681 20.0
98.89564820092252 19.0
98.93426388682258 20.0
98.98459302748492 21.0
99.00695156729476 20.0
99.00711133026272 19.0
99.06806220263626 20.0
99.09831271930412 19.0
99.1312986921119 18.0
99.28660730840693 17.0
99.30432349238659 18.0
99.32132257763574 17.0
99.33789274268048 16.0
99.36733159638001 17.0
99.37931301452961 18.0
99.40813428652282 17.0
99.45913162304164 18.0
99.48467851257332 17.0
99.60319135072145 18.0
99.604218747851 19.0
99.60717744671385 18.0