0.0 45.0
0.00625359827230767 45.0
0.06919656274796404 44.0
0.10785872687578939 43.0
0.11401894729642832 42.0
0.14478864239018785 42.0
0.1551473057021992 41.0
0.22108928594643157 42.0
0.2233874077373769 41.0
0.23317761446898735 41.0
0.27186532258489116 42.0
0.2904561639168135 43.0
0.3300499665056057 43.0
0.35105282645752156 43.0
0.42939290777513 42.0
0.48487243595084173 42.0
0.49067029528789213 41.0
0.5332148375110405 41.0
0.5361842974151584 41.0
0.5687435644384956 40.0
0.5705561833257511 40.0
0.5740140823582792 40.0
0.6146587341422384 39.0
0.620448503605256 39.0
0.6369006534784853 40.0
0.6577323615876587 40.0
0.6582629438495134 39.0
0.6634963131243466 40.0
0.6761171954197955 39.0
0.697159376627645 39.0
0.713775156118941 39.0
0.7676322637746485 39.0
0.7888645055351112 39.0
0.7907045793717379 38.0
0.8307803744127777 38.0
0.8439169971369663 38.0
0.854345274536961 39.0
0.9043399811907349 38.0
0.9139620491429801 39.0
0.9273722627580097 39.0
0.9591941897671332 39.0
0.962314001586298 39.0
0.9727196069795517 39.0
0.981800819516179 38.0
1.0000911088256712 39.0
1.0224683140010218 38.0
1.0548146119011181 38.0
1.0688249458859604 37.0
1.1022424958168797 38.0
1.10527655296428 39.0
1.1636618068716833 39.0
1.1781324239255526 38.0
1.183624282933191 39.0
1.2371606056075293 40.0
1.255091521876965 40.0
1.271229507906553 40.0
1.2851661297377273 39.0
1.3223244021334868 38.0
1.330491477285478 39.0
1.3315451079425789 38.0
1.3375772464845321 37.0
1.4015090088515088 38.0
1.4116218297346332 38.0
1.431932084990243 37.0
1.43239264425466 37.0
1.4462391555620002 36.0
1.461613155184846 36.0
1.4787747514740048 37.0
1.4929972276326362 37.0
1.5018167546352559 37.0
1.5040364239405262 37.0
1.5349882967773174 36.0
1.5798888429249354 36.0
1.6176834013979935 36.0
1.6283213597370483 35.0
1.6745464325354356 34.0
1.7060840487380793 34.0
1.713032283996147 34.0
1.7341095727176372 34.0
1.7437777513670825 34.0
1.7581301296615788 34.0
1.7657094378185587 33.0
1.7673750992973887 34.0
1.783667318388833 34.0
1.7875783801706862 34.0
1.7991176003778833 33.0
1.8062458189913122 33.0
1.8234100718082824 33.0
1.8459572778084785 33.0
1.9069599950369682 34.0
1.9164705757651632 34.0
1.9549190940815198 33.0
2.0179488780086077 34.0
2.0366258394135603 34.0
2.0847837669194416 35.0
2.0920095248287036 35.0
2.1224554642195597 35.0
2.1542474327759225 34.0
2.174868747560318 34.0
2.1893597441183084 33.0
2.2160833690144415 33.0
2.220300176812151 33.0
2.2316159102643374 32.0
2.256271695118574 33.0
2.270794036310544 33.0
2.2977313427961374 32.0
2.39070037489578 33.0
2.395345204187222 33.0
2.4016020023489735 33.0
2.420773866824038 34.0
2.508868546930931 35.0
2.5380661881904114 34.0
2.553194830346269 35.0
2.6315371386277353 34.0
2.633892625701909 34.0
2.6443181235126048 33.0
2.6760093162785807 33.0
2.729564208957016 32.0
2.817280681472108 31.0
2.834408560963527 30.0
2.8525175371276954 30.0
2.8574145286094943 30.0
2.8875380646203106 30.0
2.8916421741254186 30.0
2.9083438735025604 30.0
2.910458689608181 30.0
2.9134120661928735 30.0
2.954904944188554 31.0
2.9782932018243478 31.0
3.0067182067305933 31.0
3.012135991721989 31.0
3.025687053106387 32.0
3.1188883050145013 31.0
3.1244113120372576 31.0
3.147566163375615 32.0
3.2110266179107687 33.0
3.2274795029240186 32.0
3.2569930159213296 33.0
3.3146168885517935 33.0
3.317340548395182 32.0
3.3360146545949796 31.0
3.3366851649780074 31.0
3.3631936918813405 30.0
3.369542393836853 31.0
3.378046978675815 31.0
3.417981131373366 31.0
3.4262144866023427 31.0
3.4399329990996392 30.0
3.454160615082423 30.0
3.5448954428077677 31.0
3.569720104527361 32.0
3.607199029800485 32.0
3.6214278049607818 31.0
3.623180815203215 31.0
3.7026272956663067 32.0
3.728562664340083 31.0
3.7431661560121734 30.0
3.7481020840255814 30.0
3.7815366078717605 30.0
3.8096554430572374 31.0
3.8369469257013455 31.0
3.857950822613798 30.0
3.8740488242586455 31.0
3.894613518201874 30.0
3.9297318137840365 30.0
3.930554968795851 31.0
3.9462653116626316 30.0
3.9605654220019564 29.0
3.9751368413302535 29.0
4.003713759496104 29.0
4.007109204604582 30.0
4.023996744922343 30.0
4.046733421811445 30.0
4.082172095802723 30.0
4.094905632145485 30.0
4.099693493575504 29.0
4.1105555990453 30.0
4.130586797683398 30.0
4.140484695538889 31.0
4.14467715233092 32.0
4.145301928506881 31.0
4.165057406619239 31.0
4.2081675483340115 31.0
4.250863493411261 31.0
4.334138915304833 30.0
4.349593671716949 31.0
4.35295792246279 31.0
4.427862910287716 31.0
4.444616132039143 31.0
4.473435096966407 31.0
4.504012943164436 30.0
4.50469884179913 30.0
4.532268038096983 30.0
4.543900472066827 30.0
4.5522266285870545 31.0
4.555086797153125 32.0
4.573504869949158 32.0
4.578823302986062 32.0
4.598034025557745 33.0
4.606665136697723 32.0
4.679820136324281 33.0
4.690846846223901 33.0
4.7060379976798945 33.0
4.715196856896017 33.0
4.723649360622878 33.0
4.745900403577222 34.0
4.761371306903328 33.0
4.784506580675361 34.0
4.810059689259549 35.0
4.815172711647534 34.0
4.877797922267997 33.0
4.8808115949249915 33.0
4.8849245465909314 33.0
4.886746177372407 34.0
4.895426624758727 34.0
4.906686352846231 35.0
4.935788953365953 36.0
4.972662128002987 36.0
4.988370247625895 36.0
5.041434901756433 36.0
5.045489959540841 35.0
5.076387315065497 36.0
5.1186362048326375 36.0
5.169486724476571 36.0
5.206866302054849 35.0
5.265326183180625 35.0
5.313932663398155 35.0
5.334312739768545 34.0
5.354504485477715 34.0
5.365205597709435 33.0
5.489592808197725 32.0
5.489857036820472 32.0
5.507139152748268 31.0
5.53287248356015 31.0
5.540894407089955 32.0
5.586649822751487 32.0
5.593142572465767 32.0
5.6019789004530915 32.0
5.615839067559543 33.0
5.636342521009394 32.0
5.652371135279219 33.0
5.656629717671051 32.0
5.674238016353413 32.0
5.681908343485786 33.0
5.684929776466543 32.0
5.715350004765925 31.0
5.757331315994818 30.0
5.7922182334265475 31.0
5.871829008013759 31.0
5.877867772142693 31.0
5.882874291333534 31.0
5.914736286223169 32.0
5.9318939148270955 32.0
6.00858849445227 31.0
6.02735919593224 30.0
6.03550096897167 30.0
6.044791858383533 30.0
6.045319380499571 30.0
6.061896901116426 30.0
6.111930026918463 31.0
6.131135228479445 30.0
6.1462976532822164 29.0
6.153662299427782 30.0
6.180470372194484 30.0
6.183677408054003 29.0
6.216759915314191 29.0
6.221423920644361 30.0
6.267136456327365 31.0
6.277523875559794 31.0
6.305277882598308 31.0
6.338575948654472 30.0
6.343466170216261 30.0
6.344731698493855 31.0
6.360137870749748 31.0
6.413928071133338 31.0
6.415847022197471 31.0
6.429006639504198 31.0
6.445228409355315 32.0
6.470821140816945 31.0
6.527130363407193 30.0
6.537697986152938 31.0
6.574654819601793 30.0
6.631509024461476 29.0
6.639273165603947 29.0
6.6762114805845645 30.0
6.702800233829502 31.0
6.720332483884179 31.0
6.736911324964897 30.0
6.7454251620733015 30.0
6.773390982786198 29.0
6.7777488648473945 28.0
6.79652242988242 29.0
6.804155148841772 29.0
6.861883743616108 28.0
6.888544978998622 28.0
6.891325355558367 28.0
6.971456805007955 27.0
6.9807423347976965 27.0
7.001585998930907 27.0
7.030346020373902 26.0
7.051132071392249 27.0
7.090329009564368 27.0
7.10505950305563 27.0
7.148792456807023 27.0
7.151793298604749 27.0
7.211018786205341 26.0
7.261739230716009 26.0
7.2858863040520525 26.0
7.303768331073394 25.0
7.318065823374147 25.0
7.328622207477198 25.0
7.347675209550376 25.0
7.365022438118061 25.0
7.3851467022916175 26.0
7.4019678030485405 26.0
7.538173226769526 26.0
7.538579896437118 25.0
7.61868784041989 24.0
7.628001656549066 24.0
7.63097597722709 24.0
7.634983712975024 24.0
7.641969755575685 25.0
7.64649475330622 25.0
7.686926828123984 24.0
7.6928414344341025 23.0
7.718009968822339 23.0
7.720578348720494 23.0
7.859805184596194 23.0
8.008349797603515 23.0
8.032169850737157 23.0
8.046394204399537 22.0
8.064783216548514 23.0
8.080261378373116 23.0
8.081920236385054 24.0
8.119600204346675 24.0
8.130108967923764 23.0
8.158261717109498 23.0
8.161273441907081 23.0
8.232697342977747 23.0
8.281767431929017 22.0
8.293802853544259 23.0
8.327469485690695 23.0
8.335365016855265 23.0
8.34629407699785 23.0
8.373013774369252 24.0
8.410361309809332 24.0
8.43717637215533 24.0
8.443133753903373 23.0
8.471998801687848 22.0
8.518612823102313 22.0
8.518914424071754 23.0
8.523786051615378 23.0
8.534171127639558 24.0
8.54942033709873 25.0
8.592565090511258 25.0
8.633422162437812 25.0
8.640850814533607 25.0
8.652059613949412 25.0
8.675253232551276 25.0
8.67673529060318 24.0
8.702998616845205 23.0
8.730298342788936 23.0
8.77760205993862 22.0
8.789739960225711 22.0
8.843340074447113 22.0
8.85645744432361 23.0
8.90273537202425 23.0
8.905143267284673 23.0
8.9291446918501 23.0
8.966673065111893 22.0
9.026647327128968 22.0
9.052928056097796 22.0
9.058738451723325 22.0
9.120153933921733 22.0
9.131748286511998 22.0
9.135861189976326 23.0
9.147115244109346 23.0
9.148111099836482 24.0
9.170089027534118 25.0
9.178430938047624 25.0
9.193646237745401 24.0
9.20994478858248 23.0
9.26752915823531 24.0
9.281572584699422 25.0
9.283689545213445 25.0
9.318805988537106 25.0
9.322344959365585 25.0
9.354446815475217 24.0
9.365041890162361 25.0
9.39458405383743 24.0
9.399537635326963 24.0
9.405416260012606 24.0
9.423307987401104 23.0
9.436247898720586 23.0
9.471188279651058 22.0
9.485804368196826 21.0
9.512276469511427 21.0
9.528966402447512 21.0
9.537460151917555 20.0
9.542551739447504 20.0
9.554028538519598 20.0
9.60005721792572 20.0
9.621916264112395 20.0
9.622314645574306 21.0
9.624097587438738 21.0
9.694871186561281 21.0
9.731260495078063 20.0
9.843799796324893 20.0
9.846744500078202 19.0
9.860335949798143 18.0
9.884736958777838 19.0
9.91709746863579 18.0
9.95387872825772 18.0
9.96287842289704 18.0
9.967112101716324 18.0
9.981319721500276 17.0
10.04893990075313 17.0
10.060384611967562 16.0
10.072810865854086 16.0
10.156219480272108 16.0
10.159369672359484 16.0
10.169433421706783 16.0
10.177870024341141 16.0
10.212718095021343 16.0
10.28569333539618 17.0
10.338177463569279 18.0
10.360299999102 18.0
10.363080252797205 18.0
10.36949478739691 17.0
10.409088084900375 16.0
10.482858641696597 15.0
10.50881748857822 15.0
10.528342772488697 16.0
10.550176406349683 16.0
10.56372178366212 15.0
10.57112153869791 16.0
10.59320028148398 16.0
10.609174680667076 16.0
10.624722994661637 16.0
10.636851241089605 15.0
10.637275168752415 15.0
10.664897139725737 16.0
10.719148359242014 16.0
10.729466401894069 15.0
10.744661218994446 16.0
10.747784583567789 17.0
10.762071668127456 16.0
10.788350515986037 15.0
10.804295426186329 14.0
10.816646321432563 14.0
10.860207244514356 13.0
10.866858833490882 13.0
10.887185340680361 12.0
10.889278469664163 11.0
10.910668566846597 11.0
10.923831341519437 11.0
10.956678330523157 11.0
10.96602191874054 11.0
11.017812271999244 12.0
11.022135487448297 12.0
11.031616236788592 12.0
11.073249412307549 11.0
11.091456402845939 11.0
11.108352644992813 12.0
11.13094878777993 12.0
11.170761562581873 12.0
11.174438172968676 12.0
11.176326218932434 12.0
11.1952757542098 12.0
11.253562720558657 12.0
11.316932890023354 12.0
11.330054463130972 12.0
11.347476424179261 12.0
11.357264526404238 12.0
11.506397996570566 12.0
11.521668342880556 12.0
11.539410032432745 12.0
11.552195939351316 12.0
11.575914046724217 12.0
11.610090865354662 11.0
11.688928131773546 10.0
11.690857683991183 10.0
11.702408727591296 10.0
11.747240672492971 10.0
11.774156474196715 9.0
11.782069606479048 9.0
11.800399024645362 8.0
11.826805444832171 8.0
11.861012211858972 7.0
11.87273023550565 7.0
11.947920562995533 6.0
12.034776137290255 7.0
12.057422441251056 7.0
12.061558091812943 7.0
12.063780910769568 7.0
12.14239798101464 7.0
12.16195857644392 6.0
12.240973683060947 6.0
12.26083043965497 6.0
12.317344164525982 6.0
12.338849876341271 5.0
12.368021995673002 5.0
12.419172235882478 5.0
12.479964032744165 5.0
12.530023639141868 5.0
12.605705279631977 5.0
12.652098245841936 5.0
12.752432781388162 5.0
12.784957350368577 5.0
12.793728437746438 5.0
12.80420053703643 5.0
12.831029696066848 5.0
12.96836204138566 5.0
13.077680949365847 5.0
13.082164443122457 5.0
13.115379119651099 4.0
13.269270967336698 4.0
13.30269770352213 4.0
13.537147084633 4.0
13.57259002259312 4.0
13.600595948152463 3.0
13.605677745153555 2.0
13.640985126265752 2.0
13.672035117315488 2.0
13.674706533251724 2.0
13.739640290734298 2.0
13.74160657382665 2.0
13.784875025554493 1.0
13.806211669631283 1.0
13.825759031484546 1.0
13.886073211122614 0.0
13.929769970244402 0.0
13.979957013470596 0.0
14.21638960692094 0.0
14.254838840506666 1.0
14.280983667296127 1.0
14.352901706837352 1.0
14.35387672695458 1.0
14.391803085010556 1.0
14.438361171635968 1.0
14.551220856592591 1.0
14.617919054936827 1.0
14.673783760242262 1.0
14.707461479506748 1.0
14.719493010754038 1.0
14.875973609406165 1.0
14.895731382495324 1.0
14.922111894880908 1.0
14.99022965558358 1.0
15.03291333287654 1.0
15.056934601927159 1.0
15.11273431466817 1.0
15.127119409119537 1.0
15.182993640593262 1.0
15.245656786934454 1.0
15.346044846375765 1.0
15.383872729680688 1.0
15.394870821605739 1.0
15.451519634419185 1.0
15.519808287616254 1.0
15.537758506125254 1.0
15.562804812859973 1.0
15.60313032213396 0.0
15.627425195900514 0.0
15.644870819298344 0.0
15.79433222200166 0.0
15.802549640652469 0.0
15.983098319037108 0.0
16.047649932461734 0.0
16.130398262583075 0.0
16.16781214314781 0.0
16.171336057206815 0.0
16.233664295564164 0.0
16.41588497879883 0.0
16.65935101085472 0.0
16.694232104547336 0.0
16.829096120760983 0.0
16.8947051057154 0.0
16.984038830275313 0.0
17.18056443885462 0.0
17.28492445917734 0.0
17.329678834566213 0.0
17.37069782692328 0.0
17.626343006366348 0.0
17.900272093664544 0.0
17.98350529289098 0.0
18.227822024069905 0.0
18.41149440532264 0.0
19.040472862404844 0.0
19.102537532878305 0.0
19.129348132135853 0.0
19.31426348214304 0.0
19.39050724351483 0.0
19.42868352056233 0.0
19.447251281154877 0.0
19.448372711853533 0.0
19.48881220553091 0.0
19.53923611485479 1.0
19.62654223771993 1.0
19.655579658182095 1.0
19.681155091011224 1.0
19.69337511307372 1.0
19.720895507914044 1.0
19.728407658305187 1.0
19.804315973288404 1.0
19.82060761235621 1.0
19.856645576199774 0.0
20.07922239869519 0.0
20.113738679258546 0.0
20.289019627162894 0.0
20.496414877608746 0.0
20.844467110991737 0.0
20.91251237604241 0.0
20.959833904013944 0.0
21.00585463996573 0.0
21.038016645657667 0.0
21.09500066559046 0.0
21.168355403844476 0.0
21.20078102878321 0.0
21.272015838280872 0.0
21.349947789531868 0.0
21.36135078542867 0.0
21.452719354005104 0.0
21.54272089601812 0.0
21.675340589967306 0.0
21.684150072843988 0.0
21.687113925135836 1.0
21.69014787737761 1.0
21.77062937950505 1.0
21.79660809868741 0.0
22.032905964025584 0.0
22.28748637213299 0.0
22.346586482284863 0.0
22.41602245720725 0.0
22.423281668695623 0.0
22.59582200834378 0.0
22.638332943773893 0.0
22.657432639530292 0.0
22.709105072553797 0.0
22.887492554942018 0.0
22.940039549584828 0.0
22.945723118643244 0.0
22.96652369398994 0.0
23.20321349668662 0.0
23.237691764157745 1.0
23.250481065580715 1.0
23.255223750167676 1.0
23.355659350393275 1.0
23.357366270524818 1.0
23.476964472818004 1.0
23.486207567196217 1.0
23.558608586147436 1.0
23.60404021521155 1.0
23.64319386399977 1.0
23.706976010919615 1.0
23.83337519047735 1.0
23.866278623756386 1.0
24.004699576145107 1.0
24.03141976998208 1.0
24.32264277345349 1.0
24.38303636970313 1.0
24.505828914165967 1.0
24.525539728863038 1.0
24.576764922867692 1.0
24.63406923107836 0.0
24.65006891512005 1.0
24.768287861737036 1.0
24.807997799771698 1.0
24.952011168663205 2.0
24.952546816559096 2.0
25.01856589285704 2.0
25.064735332675568 2.0
25.24789378113067 2.0
25.269506574407835 1.0
25.399710785719694 1.0
25.419619700347457 1.0
25.491867696000586 1.0
25.507000472214646 1.0
25.562283880242923 1.0
25.683681488238815 1.0
25.81403989176739 1.0
25.839287329958186 1.0
25.847031380258503 1.0
26.002605728659432 1.0
26.036769858191022 0.0
26.18088687359449 0.0
26.277837279597982 0.0
26.645483242379587 0.0
26.656028961435542 0.0
26.702596725747142 0.0
26.721998986136178 0.0
26.722761996339365 0.0
26.84355166510278 0.0
26.91195864563734 0.0
26.920783134005422 0.0
27.06879441509986 0.0
27.168948247805616 0.0
27.176517635998525 0.0
27.407857269911123 0.0
27.437610387828435 0.0
27.5167798212653 0.0
27.636039800120095 0.0
27.751999302096216 0.0
28.20750456058477 0.0
28.344993189714454 0.0
28.61439652197583 0.0
28.723316497007797 0.0
28.773212364895123 0.0
28.79138989305773 0.0
29.035999314346213 0.0
29.18368272500879 0.0
29.200620095751006 0.0
29.3959472876582 0.0
29.636190239109737 0.0
29.72963493444215 0.0
29.731468449543215 0.0
29.737117964916067 0.0
29.90264935798213 0.0
29.940845750914708 0.0
29.964003096060832 0.0
30.387138078180758 0.0
30.46199617628308 0.0
30.557284470935414 0.0
30.991796269861954 0.0
31.00105882834939 0.0
31.160615561771824 0.0
31.262437540471215 0.0
31.578312970189394 0.0
31.65869702425934 0.0
31.801650214371442 0.0
31.818703912813035 0.0
32.047447394015116 0.0
32.14425352984639 0.0
32.27985167986191 0.0
32.94446763482589 0.0
32.99575216190221 0.0
33.065967049697655 0.0
33.12046171117121 0.0
33.37829796562861 0.0
33.81134304688154 0.0
33.88116089209126 0.0
34.225503639964046 0.0
34.2401505650719 0.0
34.62916698798158 0.0
34.68445343966342 0.0
35.531104152417484 0.0
35.759337816951756 0.0
35.8364216244963 0.0
35.84063730423239 0.0
35.98159533133491 0.0
36.65131945448027 0.0
36.891050524663704 0.0
36.98406679771631 0.0
37.046909181140414 0.0
37.08824075023581 0.0
37.20263289291188 0.0
37.28954791780504 0.0
37.663017423742794 0.0
37.72209158229721 0.0
37.79297029632379 0.0
37.9112598858012 0.0
38.239893388217105 0.0
38.47285519212853 0.0
38.71882466885977 0.0
38.7521655978994 0.0
38.928099486304994 0.0
39.127206964154894 0.0
39.1951345273674 0.0
39.318280330325656 0.0
39.32606379922014 0.0
39.554241628066414 0.0
39.6053839444028 0.0
39.65546213726771 0.0
39.658670130779235 0.0
39.721527091597714 0.0
39.83117480099593 0.0
39.8875203650084 0.0
40.04325224660454 0.0
40.28103650812682 0.0
40.33929830590021 0.0
40.606533270020435 0.0
40.75506897536625 0.0
40.76224675080573 0.0
40.790133016577926 0.0
41.425712415237385 0.0
41.78357015004962 0.0
41.82820399834924 0.0
41.96039632010685 0.0
42.10917046558921 0.0
42.1276693176308 0.0
42.59014931993383 0.0
42.74125598240387 0.0
42.76398618659301 0.0
42.770550133807646 0.0
42.866381201170036 0.0
43.32464475968253 0.0
43.51392210420972 0.0
43.74811036576712 0.0
43.88960066081951 0.0
43.98854291336109 0.0
44.02160802989566 0.0
44.168970944309095 0.0
44.30317527404631 0.0
44.32599925106371 0.0
44.54256761563146 0.0
44.673058799904254 0.0
44.792701648445444 0.0
44.97596609686027 0.0
44.99597397439279 0.0
45.018048821291245 0.0
45.37630578961605 0.0
45.44228629898688 0.0
45.524957315606656 0.0
45.5785802869734 0.0
45.7148206514282 0.0
45.91398143403181 0.0
45.985638496871594 0.0
46.18205375697033 0.0
46.426993980089165 0.0
46.63271335658575 0.0
46.915510587792106 0.0
47.116239140135306 0.0
47.50763263620133 0.0
47.63513408358873 0.0
47.81724932911925 0.0
48.0954814202285 0.0
48.09761968200253 0.0
48.101903466897724 0.0
48.18900519693464 0.0
48.190464075623886 0.0
48.320841702616974 0.0
48.348372111211106 0.0
48.42230359672968 0.0
48.43871367311258 0.0
48.55044616954578 0.0
48.9658708837117 0.0
49.06105998730388 0.0
49.133263684158344 0.0
49.21692192984116 0.0
49.295131585037716 0.0
49.51500045995359 0.0
49.681410665283295 0.0
49.80341726578508 0.0
49.89740630921016 0.0
49.92437103142291 0.0
50.15964545785012 0.0
50.54452653391239 0.0
50.67732744685007 0.0
50.843076103591066 0.0
50.895899194530564 0.0
50.974045983706 0.0
51.01058086029077 0.0
51.01474522839192 0.0
51.26226710272252 0.0
51.55310151359025 0.0
51.59443125577225 0.0
51.942135530289924 0.0
52.14709017266823 0.0
52.35865692871477 0.0
52.40340985354977 0.0
52.67478120272347 0.0
52.883150071791114 0.0
53.12230897531323 0.0
53.20880092517892 0.0
53.39958251507927 0.0
53.630227036160086 0.0
53.67667371047377 0.0
53.72330478571781 0.0
53.94259627837713 0.0
53.989865708705985 0.0
54.63732438428743 0.0
54.67526698938575 0.0
54.7711922406836 0.0
54.87855266658291 0.0
55.02611043285507 0.0
55.10815286578262 0.0
55.30422673117171 0.0
55.39526663708063 0.0
55.40906615590579 0.0
55.46200370227308 0.0
55.49027923636897 0.0
55.55854070496744 0.0
55.75755996921853 0.0
56.00128877823648 0.0
56.0498322618827 0.0
56.100264098049735 0.0
56.20091685062211 0.0
56.31256000560489 0.0
56.377444647078775 0.0
56.38632204144616 0.0
56.42050342553671 0.0
56.48395479310926 0.0
56.570918641931016 0.0
56.60472745327619 0.0
56.92246040301978 0.0
57.07221596381387 0.0
57.30935105718451 0.0
57.3846793218438 0.0
57.41555473405359 0.0
57.443119082887236 0.0
57.51412710960173 0.0
57.56969933503259 0.0
58.026615484793034 0.0
58.05922569162919 0.0
58.07214486308867 1.0
58.30137924475832 1.0
58.43359729692925 1.0
58.480134178592564 1.0
58.58411948397696 1.0
58.62332979309968 1.0
58.69894478312785 1.0
59.40269563764232 1.0
59.406888428375765 2.0
59.4397789853549 2.0
59.454981217877766 2.0
59.544210587440666 2.0
59.73005265264141 2.0
59.73574129762769 2.0
59.80881203774425 2.0
59.84304188202961 2.0
59.87152579587598 2.0
59.88652863243723 1.0
59.9144022002636 1.0
60.050175105381314 1.0
60.29114598831137 1.0
60.372147058541884 1.0
60.378995784536976 1.0
60.52774045622394 1.0
60.62408488538928 1.0
60.647844564474084 1.0
60.67882344992583 1.0
60.78319940253181 1.0
60.83582975208081 1.0
60.901704612593555 1.0
60.9742283412413 1.0
61.04473830112164 1.0
61.140975268549276 1.0
61.1471389350532 1.0
61.48911261142805 1.0
61.57120783936766 1.0
61.616665110643076 1.0
61.71656607761249 0.0
61.76133289726348 0.0
61.775136529512295 0.0
61.82456547886915 0.0
61.92074772786089 0.0
62.2878007034351 0.0
62.42987671940333 0.0
62.43383180388869 1.0
62.46014644359131 1.0
62.594612643160524 0.0
62.83000079590151 0.0
62.93159625956477 0.0
63.00236435063156 0.0
63.023204683438095 0.0
63.09724679662921 0.0
63.12438354613395 0.0
63.17313954948963 0.0
63.25682464634067 0.0
63.513055697302235 0.0
63.56931307497962 0.0
63.682442134552765 0.0
63.73950519597519 0.0
63.82279499464653 0.0
64.17073525095604 0.0
64.24063626924952 0.0
64.34518738792346 0.0
64.40820057801135 0.0
64.47126727525026 0.0
64.52395680458868 0.0
64.59210238510542 0.0
64.75125034498292 0.0
64.82175925865951 0.0
64.87680244151525 0.0
65.58522343085987 0.0
65.77836632202519 0.0
65.90406598425265 0.0
66.06407789960286 0.0
66.37485583472721 0.0
66.38450078810837 0.0
66.5545456240276 0.0
67.05947236081927 0.0
67.26569225850125 0.0
67.61151617061833 0.0
67.63098811915154 0.0
67.73500056810411 0.0
67.77923669111021 0.0
68.02560805271807 0.0
68.06626646121377 0.0
68.27307917040699 0.0
68.60792713088404 0.0
68.76013615944524 0.0
68.81029136637925 0.0
68.93459800530839 0.0
69.1505294829029 0.0
69.21559369304295 0.0
69.26341761904912 0.0
69.32764606494364 0.0
69.34483457910387 0.0
69.66438083942668 0.0
70.01114932859653 0.0
70.27821832381603 0.0
70.31473559430248 0.0
70.70712141176563 1.0
70.71492378226733 1.0
70.82275686261598 2.0
70.98187733995128 2.0
71.02748586874037 1.0
71.45211276991445 1.0
71.87795845591458 2.0
71.90223015842915 1.0
72.11889202047324 1.0
72.18677595794479 1.0
72.21567538424141 1.0
72.28795086319411 1.0
72.3441321751291 1.0
72.40134552460633 1.0
72.72341175031508 1.0
72.8214242364267 1.0
72.84241661834032 1.0
72.84653937967104 1.0
73.03177483633883 1.0
73.11334987832342 1.0
73.25504120291947 2.0
73.38370015188107 2.0
73.39963293976683 2.0
73.43935516083573 2.0
73.45188336773725 2.0
73.45927784056514 2.0
73.5359726428856 2.0
73.5503745001026 1.0
73.60684874866517 1.0
73.74549281040495 1.0
73.81463412277631 1.0
73.90716212811793 1.0
73.91735552811775 1.0
73.95438815686376 1.0
74.05018622928912 1.0
74.14880162060486 0.0
74.21944634373068 0.0
74.282599836392 0.0
74.3316558399793 0.0
74.34999640180764 0.0
74.37357420181645 0.0
74.4074980804534 0.0
74.42873464495251 0.0
74.47465939849384 0.0
74.55012441324592 0.0
74.70393535796654 0.0
74.76175314254606 1.0
74.79268238204497 1.0
74.80166544778369 1.0
74.87787603929286 1.0
74.91624640917959 2.0
74.99039711202158 2.0
75.14932197510423 2.0
75.21249278102316 2.0
75.21372810667735 2.0
75.31521142677632 1.0
75.3386754609774 1.0
75.51290428288533 1.0
75.52866500096437 1.0
75.61168510310851 1.0
75.68328889610936 1.0
75.7285114165075 1.0
75.74583684889281 0.0
75.8695671865151 0.0
75.91327775160482 0.0
76.32530871974811 0.0
76.33719811128444 0.0
76.38728631856374 0.0
76.39703930373209 0.0
76.55494267307542 0.0
76.6857886515175 1.0
76.69867495993286 1.0
76.71393138063775 1.0
76.81324449534733 1.0
76.8431076825287 1.0
76.92131807471252 1.0
76.9473176673728 1.0
76.98580909263197 1.0
77.0622196567965 1.0
77.09569192111735 1.0
77.16705962071897 1.0
77.2009806194713 1.0
77.23544554688543 1.0
77.3611092535627 0.0
77.42104324521621 0.0
77.47338329094354 1.0
77.72526106952925 1.0
77.74035552660123 1.0
77.76618770452798 1.0
77.80685263413899 1.0
77.88735773767614 1.0
77.91538838530818 1.0
77.94597977484733 1.0
78.00834355371137 1.0
78.01583019646874 1.0
78.02958555617786 1.0
78.04136020916567 1.0
78.13982029941458 1.0
78.37255045621153 1.0
78.37286003234911 1.0
78.42975674408869 1.0
78.63687252687528 1.0
78.69832983697992 0.0
78.75671822655707 0.0
78.87135313925916 0.0
78.88766788845017 0.0
78.90773084072943 0.0
78.92146063520435 0.0
79.1183340085569 0.0
79.18771372149759 0.0
79.18783147826684 0.0
79.25633000178435 0.0
79.28081811861175 0.0
79.28415950528245 0.0
79.33871344255262 0.0
79.34476965781278 0.0
79.38026405221038 0.0
79.39178090320418 0.0
79.39375448080891 0.0
79.39836513732179 0.0
79.50364087545286 0.0
79.72055078260752 0.0
79.79234330302407 0.0
79.8336204695162 0.0
79.90637415523952 0.0
79.92752273064602 0.0
80.04005761076571 0.0
80.06015522851735 0.0
80.21816003450343 0.0
80.28942456587295 0.0
80.46966526711357 0.0
80.56851159296943 0.0
80.71213151611158 0.0
80.93525929019225 0.0
81.15317142419258 0.0
81.34783210996123 0.0
81.72982628528669 0.0
81.84707430023839 0.0
81.88339250936694 0.0
81.88883092021577 0.0
82.3735356920946 0.0
82.38515871923127 0.0
82.45267719444018 0.0
82.65463579117171 0.0
82.75419040109982 0.0
82.82335342155176 0.0
82.97685200516675 0.0
83.1100194675826 0.0
83.4010158339575 0.0
83.66205758066806 0.0
83.80556411554275 0.0
83.81146616628564 0.0
83.94315452413973 0.0
83.96801766946486 0.0
83.9843069022332 0.0
84.06085393950697 0.0
84.1475854672818 1.0
84.27079074525676 1.0
84.42480627506117 0.0
84.45908528531064 0.0
84.48576059846272 0.0
84.74653758489681 0.0
84.90143351620173 0.0
84.92059817559256 0.0
84.96395689692385 0.0
85.16814598267635 0.0
85.2117716775569 0.0
85.28175357248266 0.0
85.46767118898788 0.0
85.5602881563872 0.0
85.72157441941825 1.0
85.94367150746218 1.0
86.13937065327279 1.0
86.15131059821213 1.0
86.21906581190363 0.0
86.4793613892337 0.0
86.6473212549657 0.0
86.73202125870701 0.0
86.84985985313276 0.0
86.85146708025839 0.0
87.10484173784116 0.0
87.28846746387283 0.0
87.52701274269936 0.0
87.75211128091192 0.0
87.7868624025297 0.0
87.87584442270555 0.0
87.88672068570483 0.0
87.91967367239629 0.0
88.0302842441598 0.0
88.44935240399857 0.0
88.46878924159618 0.0
88.50067764117125 0.0
88.66178248647783 0.0
88.70257597911207 0.0
88.81285144745672 0.0
88.84402365856303 0.0
88.98800904714427 0.0
89.03688954275012 0.0