0.0 0.0
0.006337141163589952 1.0
0.01596213031060051 2.0
0.024650800309253436 3.0
0.05102208188838099 4.0
0.05744225358470181 5.0
0.06096331473595473 6.0
0.06284810502491897 5.0
0.08500515974249187 6.0
0.09205360062997747 5.0
0.14246004594714728 6.0
0.1871433992524864 5.0
0.18979060852273258 6.0
0.19351692551322988 7.0
0.20131943250348017 8.0
0.22427395757807755 7.0
0.2287843102863221 8.0
0.23340767915194735 7.0
0.2821160684490956 8.0
0.2890395871991371 9.0
0.2906675538986524 10.0
0.3252763554013409 11.0
0.3354332107775928 12.0
0.34027515084914284 13.0
0.3561763962629469 12.0
0.36661942319930124 13.0
0.42436037622952333 12.0
0.4452393258778941 13.0
0.46416894581904433 14.0
0.4983536419214891 15.0
0.5125196420665245 16.0
0.5167399694356514 17.0
0.5400120369001142 16.0
0.5504807382743643 15.0
0.5562117019680345 16.0
0.5685048082847438 17.0
0.5685202703763736 18.0
0.5913213149582027 19.0
0.5929409714331781 20.0
0.6098794368802489 19.0
0.6131832185663051 20.0
0.6908590183997072 21.0
0.7113714893448256 22.0
0.7620526801275271 23.0
0.7972576533023721 24.0
0.8599079331292147 25.0
0.8918845730834488 24.0
0.9396799997646809 25.0
0.9482560103129097 26.0
0.9524395835577154 27.0
0.9731270292118832 28.0
0.9929370396452112 29.0
1.0431553506556661 30.0
1.0736489784328813 29.0
1.0863692465490347 28.0
1.0990945788174864 27.0
1.1215060862139912 28.0
1.1416956178673217 29.0
1.1543257364355808 28.0
1.1575620569924028 27.0
1.1801155490776665 28.0
1.1976192320734684 27.0
1.2139400317277396 26.0
1.217532794096739 27.0
1.237719847857264 26.0
1.2659714849208883 27.0
1.2667745823389067 28.0
1.2906864143495698 29.0
1.3015839432206666 28.0
1.318683599210175 29.0
1.3403396099719274 28.0
1.378174987141942 27.0
1.4180331254244969 28.0
1.4412111907979264 29.0
1.5350706396750562 28.0
1.5820063319760922 29.0
1.601510154911729 30.0
1.6118761578797725 29.0
1.6140538115087 28.0
1.6179931719286744 29.0
1.6451477840010091 30.0
1.6667020886707349 29.0
1.6786415721833248 30.0
1.681335272838208 29.0
1.6995560262498717 30.0
1.7033937706148734 29.0
1.708894285998178 30.0
1.7095319482324707 29.0
1.7824818629555885 30.0
1.7829433502423426 29.0
1.818406672287271 28.0
1.8197375885665497 29.0
1.8516955009978147 28.0
1.8543305474533347 29.0
1.856906469881295 30.0
1.87841275264558 31.0
1.8823208131287483 32.0
1.893165144834954 31.0
1.9617559632967552 30.0
1.9662569515463415 29.0
2.0000401499840565 30.0
2.008493744896107 29.0
2.0182565125995953 28.0
2.0338608717877826 27.0
2.092253153799415 28.0
2.105973451808113 29.0
2.1358511782994793 30.0
2.1386608108925893 29.0
2.166675786118283 28.0
2.169421756153873 29.0
2.180169278576904 28.0
2.1835812770262217 29.0
2.1838007101735446 28.0
2.2071075990918896 29.0
2.247338165736409 30.0
2.2727941125234694 29.0
2.2837240327058743 28.0
2.3243052034268272 29.0
2.339181196227948 28.0
2.40410496627403 27.0
2.414621865854289 26.0
2.4280514464638983 25.0
2.442295711759908 26.0
2.468898190602263 25.0
2.519730567229361 26.0
2.5624461242820504 27.0
2.5873210620151044 26.0
2.612150549721438 27.0
2.644618703500995 26.0
2.6459327012548113 27.0
2.65105282786238 28.0
2.676663316583041 27.0
2.6774474882101225 28.0
2.6803149027704705 29.0
2.6813799870868564 28.0
2.703967625152654 27.0
2.7216955419620446 28.0
2.727602455797275 29.0
2.7415065692942733 30.0
2.746213014826279 29.0
2.855652991875641 30.0
2.859929600946631 31.0
2.8651434341411073 32.0
2.8706586015923814 31.0
2.8709532960655193 32.0
2.87231670309253 31.0
2.8789877082816395 30.0
2.9940018992508506 29.0
3.0557313355563784 30.0
3.063601134217572 29.0
3.116802986858554 30.0
3.1189650489945877 29.0
3.1643696831593 28.0
3.1712827204238745 29.0
3.201171388633903 30.0
3.203451387238064 29.0
3.256898913502342 30.0
3.267982270695923 29.0
3.328193073867223 30.0
3.3619608457471393 29.0
3.3641928462852073 30.0
3.3699947454317143 29.0
3.404320264439456 30.0
3.41349753096633 31.0
3.4355527980811633 30.0
3.518996271258781 29.0
3.5270836022795202 28.0
3.5691970301225195 27.0
3.5762917625631947 26.0
3.5949487470553994 27.0
3.6091870514130266 28.0
3.7182835293677616 29.0
3.7338534783558126 30.0
3.787636475896738 29.0
3.8010091268644812 30.0
3.826131031590101 31.0
3.828403016856305 30.0
3.8448625092701403 31.0
3.8695863945533238 32.0
3.8713091977904672 31.0
3.8965102117289785 30.0
3.8974252964761 29.0
3.9423754843430645 30.0
3.965305863921795 31.0
3.9736136486625147 32.0
4.00809207949725 33.0
4.016482736172403 32.0
4.026679623015037 31.0
4.030510478423712 30.0
4.076353396040873 29.0
4.109663394447641 30.0
4.1526752455191245 31.0
4.213809415977725 32.0
4.218518308047152 33.0
4.218665233444546 32.0
4.221597449470763 33.0
4.22366237255577 32.0
4.284010412174432 31.0
4.286979490329869 30.0
4.306251307855797 29.0
4.358660583049474 30.0
4.4264269753927845 29.0
4.4365639219558615 30.0
4.615045063178467 29.0
4.616631774439607 30.0
4.6237972729756684 31.0
4.6632291713076865 32.0
4.704477547326819 31.0
4.791507845077311 30.0
4.810234828431405 31.0
4.815235216952023 32.0
4.819409300464247 31.0
4.836564094928387 32.0
4.86808698055732 33.0
4.950978031815921 34.0
5.037719537348641 35.0
5.038000824462309 34.0
5.043801965092432 33.0
5.044485419382611 32.0
5.065807678838605 33.0
5.07210292906867 32.0
5.073624390142494 33.0
5.101239148561322 32.0
5.114703987009681 31.0
5.139195220171526 32.0
5.148329104096986 33.0
5.1587234948769085 34.0
5.2195768177687665 33.0
5.303128634359222 32.0
5.307770524209753 33.0
5.337508441023095 32.0
5.339019619839298 31.0
5.44689682723132 30.0
5.540827654608247 29.0
5.566707532356096 28.0
5.577821763580944 27.0
5.582478699471429 26.0
5.642999374389707 25.0
5.663130233893864 26.0
5.6694049725884605 27.0
5.681140580950232 26.0
5.731092778498474 25.0
5.7927826844976025 24.0
5.916250656941967 25.0
5.9428030768768325 24.0
5.948160770406098 23.0
5.995951289607182 24.0
5.999592516748735 23.0
6.0189861242375216 22.0
6.020782877633319 21.0
6.043762257962394 20.0
6.049751988133596 21.0
6.071341240507312 20.0
6.09655508564154 21.0
6.118902666596061 22.0
6.165559988896996 23.0
6.221563271697785 24.0
6.226355146747511 25.0
6.273440857747295 24.0
6.298276332998111 25.0
6.305928770552759 24.0
6.316036329521014 25.0
6.394863678104451 26.0
6.436813052115028 27.0
6.465393356249283 28.0
6.484907751972936 29.0
6.50552110667792 30.0
6.506662992466099 29.0
6.521704809110333 28.0
6.538120685982732 27.0
6.54375885614484 28.0
6.5895287926174 29.0
6.618172186944327 30.0
6.636196720449284 31.0
6.651477353497676 32.0
6.755628541160118 31.0
6.759406061997227 30.0
6.805800345018522 29.0
6.843619692767182 28.0
6.882382989202244 29.0
6.887752920278453 30.0
6.891397901416623 29.0
6.893701039539609 30.0
6.8971769809229775 31.0
6.901705488388081 30.0
6.9047379478056365 29.0
6.922189325077814 28.0
6.937259471217137 29.0
6.95344512470461 30.0
6.9923868293081055 29.0
7.156967310295428 30.0
7.171426732843871 31.0
7.176264325179641 30.0
7.19497042540137 31.0
7.205886168211345 32.0
7.219941889254321 31.0
7.222578966711197 30.0
7.26967804735058 29.0
7.2873266411675734 28.0
7.289135254995135 27.0
7.299263322948028 26.0
7.319540365132612 25.0
7.525418421276163 24.0
7.525444082206605 23.0
7.5455925412079345 24.0
7.599242146034409 25.0
7.618632683023495 26.0
7.62872377383797 25.0
7.647660813387409 24.0
7.664831969616968 23.0
7.666583577515763 24.0
7.673198811528538 25.0
7.709041295920249 26.0
7.73710687030527 25.0
7.771709521208503 24.0
7.810344169875892 23.0
7.8125839386924145 24.0
7.8190505129296515 23.0
7.880645618218685 24.0
7.899424093739519 23.0
7.920887076611713 24.0
7.9372971944575825 23.0
7.9470960420365575 24.0
7.985538421197851 23.0
8.019514395910425 24.0
8.03241074796165 25.0
8.039936460865167 24.0
8.092779539601858 23.0
8.103230733152039 24.0
8.12961755685035 25.0
8.169323010732398 24.0
8.194431272744271 25.0
8.23130633119372 24.0
8.280893996901916 25.0
8.337118711442848 24.0
8.415565632467786 23.0
8.4337868540227 22.0
8.494795031950797 21.0
8.524555739327878 22.0
8.67550247313359 21.0
8.68605015695184 20.0
8.723397584968755 21.0
8.732706593334516 20.0
8.810828286524458 19.0
8.919339454553429 20.0
8.934616700616244 19.0
8.946697824599612 20.0
8.951716796691592 21.0
8.964459247363013 22.0
9.027886079577842 21.0
9.081307649065707 20.0
9.11809316760334 19.0
9.16619535182968 18.0
9.182703451649079 19.0
9.242479707627462 20.0
9.279030507552093 21.0
9.29333996360298 20.0
9.31918967687118 19.0
9.418342508833758 18.0
9.463159919383592 17.0
9.511887482485468 16.0
9.532412467802201 15.0
9.548643779643713 14.0
9.729455409350342 15.0
9.792849371142857 14.0
9.828573999804311 13.0
9.873981911713967 14.0
9.90274102082103 13.0
9.96552180889258 12.0
9.9864396954358 11.0
10.166146036421317 12.0
10.185489353650354 13.0
10.192302032272242 14.0
10.19799044614319 15.0
10.210823385791777 14.0
10.231626559239634 15.0
10.278581740896067 14.0
10.28340526648629 15.0
10.300991448146751 16.0
10.329284471574866 15.0
10.34516874714702 16.0
10.375913716323241 17.0
10.384278264337938 16.0
10.385626084220982 15.0
10.436641615709854 14.0
10.473303849684314 13.0
10.47758652904712 12.0
10.574070070885636 13.0
10.652658015403036 12.0
10.68945390098554 11.0
10.694243480055318 12.0
10.710851068094192 13.0
10.84004280301363 12.0
10.8891134624486 11.0
10.919240946920956 10.0
10.938279568153963 11.0
10.973029715119345 10.0
11.010035970654434 9.0
11.030177068361848 10.0
11.085591331747477 9.0
11.41393131250139 10.0
11.420580441862237 9.0
11.523817664032997 8.0
11.65643072251952 9.0
11.659629907419003 8.0
11.685116239327355 9.0
11.713845689168444 8.0
11.75362065487625 9.0
11.97497063178775 8.0
12.014952451651851 9.0
12.030353031841738 8.0
12.149949353929836 9.0
12.212063521428718 8.0
12.218695664128388 9.0
12.285222296871876 8.0
12.303003061421709 7.0
12.34119765800931 8.0
12.476130743419713 9.0
12.537653316580752 10.0
12.709539701864555 9.0
12.768169056769406 10.0
13.14854253263753 9.0
13.187826447518098 10.0
13.273639574704395 11.0
13.291546775962154 10.0
13.373142479677842 11.0
13.384951887152019 10.0
13.39004109483865 11.0
13.406338777073538 12.0
13.581048136788874 11.0
13.586314032757862 10.0
13.639865437916557 9.0
13.69954622687038 10.0
13.804897819777462 9.0
13.82884524613754 8.0
13.88516539559353 9.0
13.892008047088323 8.0
13.90070484422984 7.0
13.987667643993657 6.0
14.035110724425829 5.0
14.517058597131053 6.0
14.525079404221504 7.0
14.530945255760134 8.0
14.59130046760562 9.0
14.6741355700521 10.0
14.714956092388876 9.0
15.070310237472338 8.0
15.13491108815695 7.0
15.165678537896696 6.0
15.210552088573769 5.0
15.241585099746649 6.0
15.28257250252694 7.0
15.335496757304913 8.0
15.56213723952945 7.0
15.588671873720235 6.0
15.592443739192287 7.0
15.631534128692593 6.0
15.636075282295643 5.0
15.643609291956231 4.0
15.759833692689849 5.0
15.820942227291837 4.0
16.384595914409694 3.0
16.4468973997047 4.0
16.512599143099248 3.0
16.569354125174325 2.0
16.611502859650145 3.0
16.78876059348208 2.0
16.918636981207662 1.0
16.939755239364683 2.0
17.037973206717915 3.0
17.160435196725945 4.0
17.41517687385541 5.0
17.523239581106978 6.0
17.861350835635207 5.0
17.911356305578487 6.0
17.926828131996665 7.0
17.94370454087773 6.0
17.95093421552727 7.0
17.96770527540579 6.0
17.98651056907335 7.0
18.0734695910802 8.0
18.123675099719534 7.0
18.19918396303365 6.0
18.363225979338683 7.0
18.43468180032584 8.0
18.524333095970082 7.0
18.57706758011901 8.0
18.661924669260443 9.0
18.66906902824592 8.0
18.76407459335776 7.0
18.766841280542092 6.0
18.7899169234126 7.0
18.840319976864183 8.0
18.993864120292997 7.0
19.036277267683836 6.0
19.05947811327086 7.0
19.15593872900548 8.0
19.346828035551468 7.0
19.541170911611694 8.0
19.575909302003737 7.0
19.646599674713237 6.0
19.68667112927885 5.0
19.73516931793314 4.0
19.853424174890076 5.0
19.901007522520093 4.0
19.980031684027143 5.0
20.147918588944584 4.0
20.148594164978768 3.0
20.173604119878508 4.0
20.334874133999993 5.0
20.44169582564406 4.0
20.507819716065196 5.0
20.55744694317831 6.0
20.560406493901475 5.0
20.879880172182983 4.0
20.951356392151823 3.0
21.123624095560885 4.0
21.156378195570625 5.0
21.377668532186902 4.0
21.401384861216247 3.0
21.402870780669733 4.0
21.409000843286535 5.0
21.54089442090987 6.0
21.573038269225965 5.0
21.5780868658859 6.0
21.734560688058366 5.0
21.91772346494886 4.0
21.973081580562358 5.0
22.0928682427267 6.0
22.185392993250538 7.0
22.20712438544338 8.0
22.475110864274974 7.0
22.627319586949806 8.0
22.804744246678837 7.0
22.866947703686904 6.0
22.882228318216665 7.0
22.94259083822268 8.0
23.03859607484118 7.0
23.108190635627587 8.0
23.278732242490964 9.0
23.31298294963565 8.0
23.361863865858655 9.0
23.380221317969475 8.0
23.513170681098504 7.0
23.564029808982458 6.0
23.613610709923478 7.0
23.6314192838027 8.0
23.69622159563291 7.0
23.72305180788656 6.0
23.770785867666145 7.0
23.775155561337094 6.0
23.901406937888353 7.0
23.902953452228658 8.0
23.91562826728072 7.0
23.972435552452165 8.0
24.028239877516157 7.0
24.030326602121903 6.0
24.095978358675932 7.0
24.157971780298585 8.0
24.177629232935626 7.0
24.187629104380346 6.0
24.75016404204622 5.0
24.8423214148593 4.0
24.92824576010763 3.0
24.949097759430277 4.0
24.997125658332145 3.0
25.045012199587596 2.0
25.37841770686634 3.0
25.40429118130877 2.0
25.436704851804883 1.0
25.487731930559406 0.0
25.647694238422453 1.0
25.980649538294237 2.0
26.05971574622974 3.0
26.15624752156597 4.0
26.160219851968368 5.0
26.44721711105264 6.0
26.681656985574573 7.0
26.75953775639865 8.0
26.79323106302548 9.0
26.834217304497564 8.0
26.967543924151112 9.0
27.091685452695003 8.0
27.100734830104088 7.0
27.107903808309505 6.0
27.26947492610984 7.0
27.34006027350985 6.0
27.486959957064435 5.0
27.81356529983632 6.0
27.986883154760992 7.0
28.139536111557074 6.0
28.275268159970175 7.0
28.394987854627207 6.0
28.436257186096856 5.0
28.64556504008773 4.0
28.68735881408293 5.0
28.696621669340445 4.0
28.89436721759662 3.0
28.907232505228503 2.0
29.052110265825842 3.0
29.28810135272925 4.0
29.37814989718106 5.0
29.443351028438098 6.0
29.523861725953672 7.0
29.663962987286165 8.0
29.705093923854417 9.0
29.833144173945392 10.0
29.87320975683639 9.0
29.894111661619117 10.0
29.955440748360193 9.0
29.970094955432156 8.0
30.038478969366654 7.0
30.058971300076333 6.0
30.06693739353833 5.0
30.41918644501554 4.0
30.592375437429123 5.0
30.794819080917538 4.0
31.033439912785934 3.0
31.066135819898708 4.0
31.25796879168642 5.0
31.442244071243724 4.0
31.526437823637327 5.0
31.682955756033756 4.0
31.721201266852663 5.0
31.765962157479635 4.0
31.773656390652892 3.0
31.98639333416082 4.0
31.986745375837238 5.0
32.03466462629908 6.0
32.138798037291615 5.0
32.157955281417905 4.0
32.23319927678737 5.0
32.64538566598456 4.0
32.692665053576235 5.0
32.75896610873065 4.0
32.966753609760886 3.0
32.98507384712495 4.0
33.280554873078714 5.0
33.383133103581955 6.0
33.632450571646466 5.0
33.63774541298615 6.0
33.7266045904224 7.0
33.83675925479862 6.0
33.839639462239624 7.0
33.85518107315327 6.0
33.88311372808441 5.0
33.895507068609824 4.0
33.92899510342481 5.0
33.9732090084008 6.0
34.00239750090748 7.0
34.02608087181276 8.0
34.20819161495079 9.0
34.294575637202506 8.0
34.47452600216024 9.0
34.50541602137657 8.0
34.53000836830496 9.0
34.54631906237368 8.0
34.64524393702674 9.0
34.692755428796744 8.0
34.82980120419518 9.0
34.86234290253712 8.0
34.909077853724014 9.0
34.929760760560754 10.0
34.938542312896445 9.0
35.081973824313096 8.0
35.12451879956133 9.0
35.27727974261589 8.0
35.32769508434018 7.0
35.3490970115919 8.0
35.38432330566647 7.0
35.425154853024175 6.0
35.46758383450174 7.0
35.694647830591926 8.0
35.74466589208968 7.0
35.75141563810093 6.0
35.85799703918375 5.0
36.028166390303355 6.0
36.12062271502676 5.0
36.12748994695366 4.0
36.1481988659891 5.0
36.24184562163288 4.0
36.266396277033984 3.0
36.34406539191766 4.0
36.37531236134747 3.0
36.4126056321958 2.0
36.48246930887646 1.0
36.552380867617146 2.0
36.71208185629001 3.0
36.9181820770743 4.0
36.944124853832186 3.0
36.958002323575684 2.0
37.115617596658616 3.0
37.44693853552173 2.0
37.506757057615474 1.0
37.536409792936595 2.0
37.894113044289874 1.0
38.3214129530393 2.0
38.64239706837691 1.0
38.68201729111023 2.0
39.43111520551173 3.0
39.496882902478326 4.0
39.9466752768969 5.0
39.94806956368935 6.0
40.008452133951465 5.0
40.21677343094605 4.0
40.55408681650011 3.0
40.570510707603354 2.0
40.68846770790173 3.0
40.74148201211849 2.0
40.74168161879164 3.0
40.87751259229143 4.0
40.93569035219819 5.0
40.9683744013236 4.0
41.009895478673414 3.0
41.10631849791034 4.0
41.115522771789564 5.0
41.24862622077031 6.0
41.27721828995011 5.0
41.44570291872517 4.0
41.63556278304993 5.0
41.67975298897711 4.0
41.86823519600217 5.0
41.946621696515756 4.0
41.95640359241898 3.0
42.194698597048195 4.0
42.476578127792834 5.0
42.57729827324027 6.0
42.57864672683654 5.0
42.72123602416607 4.0
42.79059051876819 3.0
42.94923832025564 4.0
43.08171891144566 3.0
43.256809993271204 4.0
43.304143351835535 3.0
43.50298368041381 2.0
43.5239467291499 1.0
43.53131761851211 0.0
43.62778155740232 1.0
43.65475976779423 2.0
43.679558119592755 3.0
43.72851732790446 4.0
44.492316982287925 3.0
44.52983172544353 2.0
44.564245222621246 3.0
44.63469009105747 4.0
44.82534581375495 5.0
44.91830172768065 4.0
45.14672508572517 3.0
45.17758205755094 4.0
45.20237025677387 3.0
45.51921328669317 4.0
45.76224193054915 3.0
45.89562427484523 2.0
45.993325457712416 3.0
46.44536368230561 2.0
46.71283445294403 3.0
46.848547766532214 4.0
46.97960055526792 5.0
47.10644220753924 4.0
47.232306890273 3.0
47.31797016448636 2.0
47.39636997645137 1.0
47.68540645824591 0.0
47.79809923059654 1.0
47.99099253023811 2.0
48.018513786520735 3.0
48.1662330501699 4.0
48.264252115231415 3.0
48.357207897044404 4.0
48.365855502320755 3.0
48.60101347423168 4.0
48.744370599998554 3.0
48.84292060542628 2.0
49.4679011070266 3.0
49.59693894507997 4.0
49.67750642942675 5.0
49.67768150726368 4.0
49.80628067286042 3.0
50.07886595151084 4.0
50.124776915026445 3.0
50.249728463417576 4.0
50.27353324286033 3.0
50.377505015286346 2.0
50.62708409251362 3.0
50.73950635665535 2.0
51.25263197715169 3.0
51.43963305993536 2.0
51.56719551486482 3.0
51.591673990333184 4.0
51.99517357632731 5.0
52.10532243278931 4.0
52.12105819827657 3.0
52.24868672231144 4.0
52.52823789101192 5.0
52.83764393591584 4.0
52.8482538738473 5.0
52.95332240839039 6.0
53.09569317453407 7.0
53.12510337213975 8.0
53.16187038129341 7.0
53.267094300105136 6.0
53.39358210997508 7.0
53.449982139957754 8.0
53.60825387242139 7.0
53.616326032871214 8.0
53.65369864399262 7.0
53.699824247665845 6.0
53.88027013951178 5.0
54.01027965549589 4.0
54.171671357440204 5.0
54.228317934023394 6.0
54.3683870292024 7.0
54.37614169780776 6.0
54.52700019368745 5.0
54.76177028611214 4.0
54.98003664079479 3.0
55.23777939219634 4.0
55.618191140500144 3.0
55.84655241266955 4.0
55.97056426868422 3.0
56.04493938731008 4.0
56.08481085887357 3.0
56.16305528049348 2.0
56.17974037321487 3.0
56.30289649679919 4.0
56.31116663627618 3.0
56.33173639667698 2.0
56.50716105431272 3.0
56.68074943396737 2.0
57.27264758163275 3.0
57.33269381560324 2.0
57.53735483679059 3.0
57.5665342173939 4.0
57.61705934844712 5.0
57.61728475548234 4.0
57.65850756258642 3.0
57.825246869221814 4.0
57.95671696153584 3.0
58.19778379193423 4.0
58.360583238193016 5.0
58.415092761077915 6.0
58.72281013228908 5.0
58.829562412708725 6.0
58.83846369336558 7.0
59.01214685176451 8.0
59.03398240533964 7.0
59.0508208772165 8.0
59.32244084092286 9.0
59.40727370230548 8.0
59.42775531388563 7.0
59.48658213458961 6.0
59.51988277713049 5.0
59.68683857318862 4.0
59.7224951667293 5.0
59.80162912506143 6.0
59.92367260094533 5.0
59.998284314773635 4.0
60.014652352298434 5.0
60.117348274391375 6.0
60.15619764899391 5.0
60.20453257224548 4.0
60.272032253819674 3.0
60.34985878081957 4.0
60.4651690809452 5.0
60.526832572348376 4.0
60.535271625526924 3.0
60.649559046416194 2.0
60.8051817987918 3.0
61.353061190681544 2.0
61.54063292729897 3.0
61.60120190635728 2.0
61.76081246052191 3.0
62.1409817645373 2.0
62.21205968974845 3.0
62.21718310853386 4.0
62.22543855334241 3.0
62.37363870787372 2.0
62.49393931954342 1.0
62.53715477502852 0.0
62.72579564500961 1.0
62.76227052205931 2.0
62.9296149945486 3.0
62.931298831630315 2.0
63.144162012385635 3.0
63.18485408422938 4.0
63.19664232919277 3.0
63.2448805525042 4.0
63.35305562401422 5.0
63.44862987801763 6.0
63.55042364783272 7.0
63.64927236768763 6.0
63.764115932285335 7.0
63.772154829401224 8.0
63.948733216883646 7.0
64.1012101164589 6.0
64.1101335054478 5.0
64.13560659267263 4.0
64.1885839720438 5.0
64.19511728773061 6.0
64.76746654953429 7.0
64.79140269008563 6.0
64.79846820768906 5.0
64.8930955356661 6.0
64.97182481275922 7.0
65.19112424943037 8.0
65.29171549362556 7.0
65.5247805726743 8.0
65.57046158775822 7.0
65.80453043688168 6.0
65.81423518067626 5.0
65.86943212516006 6.0
65.91037606182276 7.0
66.00698580782974 6.0
66.39078047135946 5.0
66.44787806582455 6.0
66.45156891051234 5.0
66.57823752794536 4.0
66.63294057276774 5.0
66.65627885993459 6.0
66.72422693541023 7.0
66.7599773962534 6.0
66.87424633829558 7.0
66.87441098850381 8.0
67.10119316241469 7.0
67.2559354733778 8.0
67.38007097312858 7.0
67.4346720815214 6.0
67.63627302420895 5.0
67.6922532079184 6.0
67.70570633025476 7.0
67.9070283874273 8.0
67.94168369203452 7.0
68.28284535925928 6.0
68.3513669842467 7.0
68.37910830501028 6.0
68.41071436055883 7.0
68.66461721205401 6.0
68.79015705538419 5.0
69.06160749273201 4.0
69.44160606440732 3.0
69.54154631767516 4.0
69.83574358651722 5.0
69.97610050986454 6.0
70.01030484939315 7.0
70.050501736861 8.0
70.2512427720061 7.0
70.46529018481759 6.0
70.61270950724011 7.0
70.66482934472867 8.0
70.70850577047302 7.0
70.80549811202934 6.0
70.91246596862246 7.0
70.95785105466484 6.0
71.07789191414982 5.0
71.16294066983026 6.0
71.31599070672924 5.0
71.31950757946161 4.0
71.3492257734729 3.0
71.47582202932136 4.0
71.52183692875991 5.0
71.72299603082752 4.0
72.12839977723225 5.0
72.22493329032915 4.0
72.28925016306917 3.0
72.49298030742837 4.0
72.69796737888277 5.0
72.8164750959673 4.0
72.9055292256381 3.0
73.07592937005076 4.0
73.1049572860377 5.0
73.25167272534937 4.0
73.47114890937478 5.0
73.50805708538738 6.0
73.62446355725073 7.0
73.6301659217372 8.0
73.64127394989319 7.0
73.85295705273764 6.0
73.87752820032655 7.0
74.00004472437853 6.0
74.22350337012745 5.0
74.2638458761103 6.0
74.31998066309848 5.0
74.37407647724477 4.0
74.5184864949333 3.0
74.92465446486571 4.0
74.93620495998205 3.0
74.95970942059029 4.0
75.55469186391582 3.0
75.95295894153054 2.0
76.04154798609947 3.0
76.1828457045969 4.0
76.44209193085847 5.0
76.50817047579382 4.0
76.54190516068863 3.0
76.63258719915034 4.0
76.74010586458546 5.0
76.90384393473096 6.0
77.03767322205915 7.0
77.20770242190463 6.0
77.29107788850474 5.0
77.35945943498385 4.0
77.51645138428123 3.0
77.73224195034834 2.0
77.87893784588593 3.0
77.9184517010381 2.0
78.02648046993625 3.0
78.12786182371443 4.0
78.16636498620855 3.0
78.28201362405096 4.0
78.36753451927615 5.0
78.51990496907463 4.0
78.60811199430721 5.0
78.6102649708491 4.0
78.75112329389306 5.0
78.92228059361231 4.0
78.98561260487425 5.0
78.98765166509108 6.0
79.00124464177345 5.0
79.0291643251287 4.0
79.06343894150213 5.0
79.13003697553611 4.0
79.17161855461747 3.0
79.2008173449225 2.0
79.3494513279295 1.0
79.42878766800385 2.0
79.46943495199143 3.0
79.521094732939 2.0
79.52216565656333 3.0
79.57767985189909 2.0
79.58420417819562 1.0
79.65401121950745 2.0
79.73991861761 3.0
79.8532679443661 2.0
80.0335137419016 3.0
80.25826334426347 4.0
80.31689476058465 5.0
80.36233433404264 6.0
80.36931155848218 5.0
80.38495187265787 6.0
80.41421372666795 5.0
80.41856024394284 6.0
80.45882047106753 5.0
80.46645495989785 4.0
80.48014422566912 3.0
80.7120253808419 4.0
80.79878510071164 5.0
80.87969252582575 4.0
81.29822115206102 5.0
81.31477970935286 6.0
81.32687168664634 5.0
81.37789594552811 4.0
81.44798235772483 5.0
81.64092918312559 4.0
81.70660916489838 3.0
81.84179007518547 2.0
81.91514224034002 3.0
82.01865473422906 4.0
82.08232797176238 3.0
82.096088865729 4.0
82.23630022229742 5.0
82.59814380062231 4.0
82.73014956415811 5.0
82.74009562561625 6.0
82.78220468301485 7.0
82.84609347493496 8.0
82.84772665946328 7.0
82.95045448361594 8.0
82.96925389054435 9.0
82.98783951198594 8.0
83.17805198310444 9.0
83.2461865433918 8.0
83.61922780933757 9.0
83.62332270069876 10.0
83.69778841608476 9.0
83.82484603739492 10.0
83.9352982957381 9.0
83.98189520012961 10.0
84.12230296440558 9.0
84.18124484130622 8.0
84.19994635769984 7.0
84.21628910849668 8.0
84.3105473503845 7.0
84.31783015044607 6.0
84.31947301331142 5.0
84.35033885324071 4.0
84.43184571370584 3.0
84.44108254006979 2.0
84.46236655000155 3.0
84.53196297046536 2.0
84.69994710067999 3.0
84.77736664717746 4.0
84.80400787610805 3.0
84.89801018626915 4.0
84.98566959291757 3.0
85.09545169787478 2.0
85.19452380570593 1.0
85.22428437803863 2.0
85.32344843005481 1.0
85.86282312471498 2.0
86.14652031362154 3.0
86.29214733127716 2.0
86.4164341583296 3.0
86.64009336450377 2.0
86.80051240459166 3.0
86.80490946271327 2.0
86.88314356579434 3.0
86.98778013508392 4.0
87.00766930996598 5.0
87.02862195712338 4.0
87.17786038503438 5.0
87.1794933844635 4.0
87.26610884937664 5.0
87.38669233660212 4.0
87.51805650953239 5.0
87.53707693305785 6.0
87.58619503945191 5.0
87.61037875471672 6.0
87.73226834742363 5.0
87.73767424940183 6.0
87.7399395575858 7.0
87.95927811590907 6.0
88.10579025242802 7.0
88.13744891759099 8.0
88.23023775977934 9.0
88.23781198795673 10.0
88.24961734269766 9.0
88.25466482709204 8.0
88.29935700673799 7.0
88.36132665046634 8.0
88.42064114096588 7.0
88.44255785158725 6.0
88.45246191836573 5.0
88.48730239541585 6.0
88.54274101555042 5.0
88.61907938938825 6.0
88.62459419391301 5.0
88.76247037788866 4.0
88.80282946337203 3.0
88.82902040528607 4.0
89.03682925540004 3.0
89.05245628183216 2.0
89.05734295893406 3.0
89.25614211037045 4.0
89.29502244576268 3.0
89.50329540029715 4.0
89.59572381238573 3.0
89.75693182204292 4.0
89.75759701566317 5.0
89.86434131715542 6.0
90.03116475299164 7.0
90.06827968473357 6.0
90.07410832233441 5.0
90.09069334323101 4.0
90.21095074407923 5.0
90.51245539414839 6.0
90.53948641168247 5.0
90.71398340966572 4.0
90.77885915865228 5.0
90.892157084458 4.0
91.17836518667515 5.0
91.26615834564352 4.0
91.30929081580615 5.0
91.37118034342762 4.0
91.39317368362913 3.0
91.48861758651367 4.0
91.58561458577371 5.0
91.62095271062752 6.0
91.80273232000012 5.0
91.81292137410286 6.0
91.94425411936909 5.0
92.0534244082884 6.0
92.12751226467817 7.0
92.20920520841808 8.0
92.27283858106443 7.0
92.38702625843852 6.0
92.59191579371503 7.0
92.59878228506659 6.0
92.70719691235968 7.0
92.86373064851425 6.0
92.86746058964462 5.0
92.94442736876736 4.0
93.37655084364356 5.0
93.38540487049048 4.0
93.44477215324972 5.0
93.52031419231467 6.0
93.65286886371344 5.0
93.68044546884964 4.0
93.74702672790558 5.0
93.8023244298489 6.0
93.81647052296739 5.0
93.9341894007753 6.0
94.0734096285477 7.0
94.17979100281627 6.0
94.26486968714282 5.0
94.63147098705035 6.0
94.699388087355 5.0
94.83864888082884 6.0
94.84072597480446 7.0
94.920574918284 6.0
94.97674603408915 7.0
95.03663903136419 8.0