0.0 0.0
0.05398520355897072 1.0
0.12315428305560239 2.0
0.19095262955711348 3.0
0.21276724787047985 4.0
0.2362197155499473 5.0
0.25859664645451086 6.0
0.2680123842859864 7.0
0.4130067712786185 8.0
0.41459968660954133 7.0
0.42473993588553605 8.0
0.47708788883163783 7.0
0.5132870371542758 8.0
0.5279570394610411 9.0
0.5598184997172353 10.0
0.5789600995461014 11.0
0.5924799199393741 12.0
0.5942809551359488 13.0
0.631756025261606 12.0
0.6571152288066452 11.0
0.7614796624682878 10.0
0.8079482142634955 11.0
0.8409376129305048 12.0
0.8415698246208583 13.0
0.8433079231983472 12.0
0.8508402719770011 13.0
0.8759799872931954 14.0
0.9040938609055815 13.0
0.9343415684048056 12.0
0.944171006119859 13.0
0.9457733809864537 12.0
0.9591166784690256 13.0
0.9666392087992717 12.0
0.9922161635974108 13.0
1.0272022493621702 14.0
1.071544352066432 13.0
1.1072597011184828 14.0
1.1321189099409934 15.0
1.1837836444124652 14.0
1.2113860344730778 15.0
1.231899836960245 14.0
1.2638794653186494 15.0
1.2758088673071848 14.0
1.345420961504817 15.0
1.467153161234364 16.0
1.468857008239172 17.0
1.4703193588222283 18.0
1.5009048373134866 19.0
1.5356853991991986 18.0
1.5704022753815885 17.0
1.6862408705584166 16.0
1.7745020530582196 15.0
1.8022077255780196 14.0
1.8482297149316658 13.0
1.8508152553434913 12.0
1.8587491295986447 13.0
1.920033552841885 14.0
1.9486652280285603 13.0
1.9726014467646216 14.0
1.973353055046711 15.0
2.058326989548967 16.0
2.092406589515625 17.0
2.1420314914415144 18.0
2.148491945471355 17.0
2.1558966279666634 18.0
2.173669764172135 17.0
2.199318741655833 16.0
2.261584990012818 17.0
2.275610624318064 16.0
2.280100842495124 17.0
2.334453174141814 16.0
2.34615323275843 15.0
2.349392282298049 16.0
2.364225946577849 15.0
2.388521538885178 16.0
2.4026104079185076 15.0
2.455146453362227 14.0
2.4987424912361136 15.0
2.5103720787518693 16.0
2.5309601538500495 15.0
2.60902074446355 16.0
2.6215500371711933 17.0
2.638063269840044 16.0
2.6514280792334337 17.0
2.6554910969544814 18.0
2.7092968188787223 19.0
2.7100070140131343 18.0
2.72974916528311 19.0
2.7397791977785904 18.0
2.7474174469711765 19.0
2.757228380009747 20.0
2.7778055884776474 21.0
2.856800540437483 22.0
2.8812140378990865 21.0
2.9442830954100416 20.0
3.0313856623677653 21.0
3.079102519619115 20.0
3.104099083389311 19.0
3.1053582373538244 18.0
3.1326555300623116 19.0
3.169473367490217 20.0
3.175366574923556 19.0
3.2455509727682053 20.0
3.248929826764776 21.0
3.258602198542698 20.0
3.2602490770638433 19.0
3.276808851208964 18.0
3.328868534575502 17.0
3.3363321939164994 16.0
3.41164094081989 15.0
3.4299326304401134 14.0
3.465876044918488 13.0
3.4919804234171443 14.0
3.496731364717297 15.0
3.497215282576289 16.0
3.5114161286529146 15.0
3.5746956645493224 16.0
3.6118673088653215 15.0
3.685792441796663 14.0
3.7133815171559714 15.0
3.7754477454790205 14.0
3.837269093545197 13.0
3.8497498126684766 14.0
3.856321294462693 13.0
3.914892544518526 14.0
3.9784907165130114 15.0
4.020152941305984 14.0
4.044513190472043 15.0
4.060998454880675 16.0
4.092172688266055 17.0
4.103275114144906 18.0
4.199895163525381 17.0
4.200587742277164 18.0
4.2137361988943 19.0
4.336987690484607 20.0
4.373392341464569 21.0
4.443414522398891 20.0
4.445523957273495 21.0
4.473317421509548 22.0
4.479746622853885 23.0
4.494296133483155 24.0
4.498277493190423 23.0
4.625697678920816 22.0
4.6369809331480685 21.0
4.645713000831728 20.0
4.717891727052928 21.0
4.726902855184705 22.0
4.765496082188701 21.0
4.808372933693739 20.0
4.810296031104816 19.0
4.846569282194894 20.0
4.851009522502705 21.0
4.943204589501419 22.0
4.949207766705858 21.0
4.966192703659706 22.0
4.9716575879174405 23.0
5.004421864219391 24.0
5.005012687558439 23.0
5.02014168402334 22.0
5.021451154799155 21.0
5.112010459341906 22.0
5.119151184678633 21.0
5.127247380626338 20.0
5.16225876392732 21.0
5.178025464841209 20.0
5.190000125010041 19.0
5.204843844219021 18.0
5.214539303583293 17.0
5.290225208297243 18.0
5.333671739793863 17.0
5.376546095642609 16.0
5.377661820226891 15.0
5.408027398684513 16.0
5.4317764002573075 15.0
5.467685927504222 14.0
5.469243414764241 15.0
5.477954618902481 14.0
5.495100795504576 15.0
5.502031170052205 16.0
5.527159357612357 17.0
5.602922003254203 16.0
5.628523449322283 17.0
5.656642855919355 16.0
5.681423298930923 17.0
5.691779139050495 18.0
5.735891243602397 17.0
5.740901495745178 18.0
5.785282296721487 19.0
5.826689818698056 20.0
5.827611516623199 21.0
5.828063945489278 20.0
5.857362304048837 19.0
5.872269641097889 18.0
5.9362655378377545 19.0
6.02904010399459 18.0
6.067792922090292 17.0
6.109719813001805 16.0
6.110800510768177 17.0
6.146773327420706 18.0
6.170536099441624 19.0
6.176101739170089 18.0
6.212885054405516 19.0
6.225551196102653 20.0
6.277150296342413 19.0
6.283177420676344 18.0
6.292799426786912 19.0
6.322745687881367 18.0
6.3471926893592325 17.0
6.368791315897702 18.0
6.41498206306024 17.0
6.417359382970232 16.0
6.472823929470711 17.0
6.49594474213464 16.0
6.515485518167359 17.0
6.596745740525949 16.0
6.636986025594224 17.0
6.637256789435394 18.0
6.668207569109102 17.0
6.706403731071257 16.0
6.847908610700178 15.0
6.890653678571189 14.0
7.03843906328634 15.0
7.082099593567901 16.0
7.0910568154277795 17.0
7.138154476484964 18.0
7.17418134800919 19.0
7.210548866507334 20.0
7.222149561055513 21.0
7.233407502895868 22.0
7.305564114418876 23.0
7.320985799929584 24.0
7.328845980844313 25.0
7.334122581289909 26.0
7.398842186196353 25.0
7.412230562613104 26.0
7.422461192843766 25.0
7.470763616471816 26.0
7.4881648985587255 25.0
7.520894456295883 24.0
7.5699160082639665 25.0
7.583347373513613 24.0
7.606964965871436 25.0
7.609894362780972 24.0
7.628960465418903 23.0
7.661611319412719 22.0
7.689393851919192 21.0
7.734877196720517 20.0
7.735499665356729 19.0
7.741639542591612 20.0
7.755553160180833 19.0
7.818829585779941 18.0
7.840953574043552 17.0
7.8551341172711515 18.0
7.862823850140917 19.0
7.900879439724063 18.0
7.9334431207584215 17.0
8.011061101396587 18.0
8.026011226932665 19.0
8.059264980706756 20.0
8.07449285306734 21.0
8.099286369234276 22.0
8.10980628692817 21.0
8.146430578474684 22.0
8.151330634003957 21.0
8.203718867855654 22.0
8.203810468696075 21.0
8.208452400570637 22.0
8.23327418266777 21.0
8.272776980072335 22.0
8.300229959785371 23.0
8.313269640568915 22.0
8.319825554980634 23.0
8.326824067695322 22.0
8.330650892670054 23.0
8.340472597565386 24.0
8.37646728115562 25.0
8.471493875317385 24.0
8.520133253807213 23.0
8.62507892621639 24.0
8.649554564769767 23.0
8.700402741893031 24.0
8.715884849923565 25.0
8.738493142014182 24.0
8.750163325242593 25.0
8.753229087959436 24.0
8.781944592831701 25.0
8.799475653995605 26.0
8.845505562688686 25.0
8.84787804661275 24.0
8.876010694215532 23.0
8.909926304859734 22.0
8.965621380177415 23.0
8.967075217462646 24.0
8.996117823095364 25.0
9.011379054333746 24.0
9.044288183817178 23.0
9.058422587089382 22.0
9.108773664387963 23.0
9.114155290753343 22.0
9.142090996441976 23.0
9.158926822563261 22.0
9.160343300791368 23.0
9.201844336211522 24.0
9.302427585700991 23.0
9.318390506444256 24.0
9.318492772881555 25.0
9.326728424006452 24.0
9.340349428387743 23.0
9.357547148484306 24.0
9.36305795152437 23.0
9.394200589699054 22.0
9.432430283892174 21.0
9.453245922622827 20.0
9.467719728812783 21.0
9.498074069300973 22.0
9.53023963781729 21.0
9.65821867667473 20.0
9.724398746674664 21.0
9.791070364017912 22.0
9.94064944279396 21.0
9.997839127490495 22.0
10.007483015734195 23.0
10.008706358819241 24.0
10.051088456051982 23.0
10.051628047674031 22.0
10.089973325757503 23.0
10.112754943842557 24.0
10.188351542311993 23.0
10.188909042926996 24.0
10.206037012967235 25.0
10.253941027300769 24.0
10.269800941266064 23.0
10.281590310116908 22.0
10.383049751154902 21.0
10.388841013538322 22.0
10.404676903059423 23.0
10.40727792661445 22.0
10.409555320495986 21.0
10.48122688567604 22.0
10.486702681392892 21.0
10.50030175842957 22.0
10.51186406426045 21.0
10.52056499493045 22.0
10.528259763047185 23.0
10.536585396433564 22.0
10.551721090588098 21.0
10.653045755967925 22.0
10.675873663876434 21.0
10.696077010869715 22.0
10.74958027513254 21.0
10.754635635773058 20.0
10.7663462215828 21.0
10.766967046321989 20.0
10.814355887257168 21.0
10.822429338320445 20.0
10.863335866909885 19.0
10.875465097588988 18.0
10.879574528899203 19.0
10.88964329285132 18.0
10.891005061077824 19.0
10.925201685486414 20.0
10.946322741356914 19.0
10.950239930048657 20.0
10.959760289368944 19.0
10.986153387524164 18.0
11.04191629752899 19.0
11.125530555643175 18.0
11.13403163686423 17.0
11.17217621656708 16.0
11.234094641769452 15.0
11.24709280634455 16.0
11.327929628303432 15.0
11.409319026887896 14.0
11.449168730712936 13.0
11.453484924164586 14.0
11.471515185579847 15.0
11.478247140602019 16.0
11.487426928155253 15.0
11.53261828028551 16.0
11.60383089921402 17.0
11.613595712102542 18.0
11.645904221639253 19.0
11.654089713646455 18.0
11.730053315133041 19.0
11.73400035689288 20.0
11.75022812309361 19.0
11.809174597649745 20.0
11.816595076263297 21.0
11.825235644793208 22.0
11.834802343499279 21.0
11.867069331432399 22.0
11.886925133288951 23.0
11.887545826721873 24.0
11.913361932801545 23.0
11.942621795910375 22.0
11.946444878893212 23.0
12.176231600788036 22.0
12.213252151232115 23.0
12.219708255415872 22.0
12.262343456149377 21.0
12.269844995112091 22.0
12.34488549790806 21.0
12.36952464943711 22.0
12.456261649768448 21.0
12.458277677284979 22.0
12.458498264947126 21.0
12.4738551192606 20.0
12.521622907355157 19.0
12.54318503686486 18.0
12.590805818832505 17.0
12.640002372692203 18.0
12.748315986856577 17.0
12.80861278813614 16.0
12.818217988577414 17.0
12.881354393801463 16.0
12.885608025959828 15.0
12.9025678306846 16.0
12.920475958398681 15.0
12.929863234760923 14.0
12.958057702225544 15.0
12.961194108478505 16.0
13.03180768962586 17.0
13.044969627101876 18.0
13.05897519202645 19.0
13.117751385470147 20.0
13.129890296475633 19.0
13.134107219277919 20.0
13.172955921782933 19.0
13.196127332842304 18.0
13.210451114794111 17.0
13.243439863089149 18.0
13.25086500558217 17.0
13.266691172571452 16.0
13.332252307956225 15.0
13.339820360190842 16.0
13.345587952065017 17.0
13.352175417718046 18.0
13.352708111308278 19.0
13.394372535076437 20.0
13.453350218278205 21.0
13.456912813881267 20.0
13.46161410656068 21.0
13.517759797208486 22.0
13.534960029332453 21.0
13.557481122942209 22.0
13.576780109818193 21.0
13.586669299263885 22.0
13.650775702480948 21.0
13.683820869188938 22.0
13.709037840462967 21.0
13.723805390467168 20.0
13.768120093389312 19.0
13.772117770998918 20.0
13.780985024121447 19.0
13.799488639325146 20.0
13.830673021122916 19.0
13.84205033003878 20.0
13.909260333854473 21.0
13.923909843864122 20.0
13.928193319963176 19.0
13.946730688627424 18.0
13.989690269097382 17.0
14.011115719717187 16.0
14.013061631549718 15.0
14.0145922555215 14.0
14.01537838264748 15.0
14.033418916959706 16.0
14.059812291991417 15.0
14.063730516141897 16.0
14.078115452853753 15.0
14.08406734248677 14.0
14.128000722465151 13.0
14.140869305792261 14.0
14.254571500993329 15.0
14.28349143827446 14.0
14.349862657005927 13.0
14.351987112634633 14.0
14.365159747053557 13.0
14.44104817343398 14.0
14.570767232193425 15.0
14.610775638420261 16.0
14.614357116689344 15.0
14.637044710243087 16.0
14.641782189077585 17.0
14.65182079706142 18.0
14.665590409066155 19.0
14.676785382558753 18.0
14.69462342113693 17.0
14.707127224413687 18.0
14.710421480487684 17.0
14.712296736373878 18.0
14.748309871963421 17.0
14.796424758572392 18.0
14.801867331296057 17.0
14.802121157323853 18.0
14.808958786684217 17.0
14.823917897765435 16.0
14.833694284391889 17.0
14.868284537638655 18.0
14.886342776370645 19.0
14.917777453442778 18.0
14.953224391801347 17.0
14.993676933340346 18.0
15.013541289066417 19.0
15.01403612267441 20.0
15.068045972932588 19.0
15.094156431129461 18.0
15.185445685182453 17.0
15.204442101540685 18.0
15.224559303248077 17.0
15.235667216114555 16.0
15.246616207769529 15.0
15.271372833569524 16.0
15.281368640713753 15.0
15.286941166534845 16.0
15.289229700183823 17.0
15.290587029397145 18.0
15.305209644311647 19.0
15.312398980121582 20.0
15.325588845170428 21.0
15.35363479132202 22.0
15.397966123642425 23.0
15.408619691807775 24.0
15.439922395221275 23.0
15.45051688971939 22.0
15.47137495781341 23.0
15.482358015446398 22.0
15.496183654415951 21.0
15.503930661140377 22.0
15.546175450768537 21.0
15.559635293984996 20.0
15.583465509521991 19.0
15.606329281729503 18.0
15.644616425208957 17.0
15.662647475233234 16.0
15.664451817434761 17.0
15.72168952922664 18.0
15.738971204439329 17.0
15.769527519230083 18.0
15.797203505558672 19.0
15.87230365879555 20.0
15.881828354420621 19.0
15.931701484177534 20.0
15.938688444760386 19.0
15.99666948895732 20.0
16.021585601984373 19.0
16.051221281070514 20.0
16.05463087872758 21.0
16.056201212484336 20.0
16.104941211615092 21.0
16.11336144468354 20.0
16.145864140205596 19.0
16.155581542723983 20.0
16.157551363356085 19.0
16.194094074935244 18.0
16.198557614899624 19.0
16.202929578216416 20.0
16.237935230066647 21.0
16.253080273536646 20.0
16.26456009881955 21.0
16.279887147247187 20.0
16.341417314558115 21.0
16.38011527418272 20.0
16.401672557286776 21.0
16.40599017620205 22.0
16.448248524830557 23.0
16.545885022768942 22.0
16.599589524480894 23.0
16.626789909660737 24.0
16.69557811231209 25.0
16.695729947579416 24.0
16.720059489048552 25.0
16.7319434913895 24.0
16.73707885333518 25.0
16.752077403429382 26.0
16.785153348749215 25.0
16.85020122476764 26.0
16.92806261485109 27.0
16.930181285200554 28.0
16.94019180362972 29.0
16.941769665629007 30.0
16.987356354083126 31.0
16.989733494988045 32.0
17.027849829055427 31.0
17.069434417462897 30.0
17.096440981469858 29.0
17.0978557229482 28.0
17.12653396590529 27.0
17.164652203832368 28.0
17.219710957503164 27.0
17.256969285691035 26.0
17.261447503589064 25.0
17.308353858108436 24.0
17.339948170005517 25.0
17.37162369839637 26.0
17.375074102810203 25.0
17.381877543742352 24.0
17.444174083246313 25.0
17.45553245272621 26.0
17.534294092600902 25.0
17.560075300565906 24.0
17.560521684532485 25.0
17.613144911152066 24.0
17.628016582985612 23.0
17.63854498920353 22.0
17.734858196448844 21.0
17.750253233312907 20.0
17.784856105292448 19.0
17.794192439865956 18.0
17.79563579499927 17.0
17.795808680131614 16.0
17.81037006820191 17.0
17.835271127507433 18.0
17.849392811162353 19.0
17.87969019373318 18.0
17.883174682626546 19.0
17.902205648655467 20.0
17.977603113131664 21.0
18.051778466820316 20.0
18.057413439387172 19.0
18.078753474718 18.0
18.101115567102394 17.0
18.213887883504086 16.0
18.233763687561968 17.0
18.36916642804718 18.0
18.371676869244883 19.0
18.385707762233015 20.0
18.40224249055656 21.0
18.444006142428215 22.0
18.45162294781736 23.0
18.51250688870537 24.0
18.52273223616691 25.0
18.547053093500175 26.0
18.570036029321027 25.0
18.577851323302518 26.0
18.659158655937812 27.0
18.708801108411578 28.0
18.713594369533116 27.0
18.72784660502735 26.0
18.748422184793164 25.0
18.790892831145978 24.0
18.82457321591087 23.0
18.834820438008585 22.0
18.843769189655596 23.0
18.8917213231109 22.0
18.964098783269836 21.0
18.96758816662843 20.0
18.96838876404871 21.0
19.00910148908615 20.0
19.040078418586518 19.0
19.07960060087775 18.0
19.11277680232389 17.0
19.153227166155755 18.0
19.159320593272152 17.0
19.246086983532205 18.0
19.24678204337145 17.0
19.2489702633617 16.0
19.25783331955267 15.0
19.26844474535753 16.0
19.280907919294698 17.0
19.328796667414164 18.0
19.339651537327505 17.0
19.430075549882037 18.0
19.434765580255696 19.0
19.45652556638596 20.0
19.48150783157624 19.0
19.53479514606341 20.0
19.5537955620148 19.0
19.555539193610127 20.0
19.558925437989352 19.0
19.605651447405887 18.0
19.663991525881414 19.0
19.665195381053866 20.0
19.777611336077758 21.0
19.836046141189353 22.0
19.837100809939535 21.0
19.84584723070573 22.0
19.850757257528873 23.0
19.867054833886524 24.0
19.886631976800754 23.0
19.904265680881895 22.0
19.960428566084556 23.0
19.97553915916529 24.0
19.98281732286052 25.0
19.990836953692806 26.0
19.998615760510543 25.0
20.0079792870072 26.0
20.024824563276553 25.0
20.042656310581677 26.0
20.097674583472532 27.0
20.141259610877203 28.0
20.17039602683454 27.0
20.173944224328086 26.0
20.183417034957348 25.0
20.215290714894447 26.0
20.221018557291337 25.0
20.238873515314474 26.0
20.274232010164557 25.0
20.31048122642478 24.0
20.315474319486533 25.0
20.32035902255513 24.0
20.336477533519766 25.0
20.400603698109453 26.0
20.413723695208244 25.0
20.42940579971889 26.0
20.456149899231008 25.0
20.472903756774176 24.0
20.489214668893723 25.0
20.517758206011177 24.0
20.548870042921276 25.0
20.559755577955595 26.0
20.59543598149411 25.0
20.652058802236283 24.0
20.65968752250425 25.0
20.661402507075177 26.0
20.669275859882536 25.0
20.673686858214772 26.0
20.692314540741208 25.0
20.699293905429023 26.0
20.699410887928515 27.0
20.73036579901663 26.0
20.73713555216948 25.0
20.794138099918303 24.0
20.804402021380305 25.0
20.91973845647327 26.0
20.925082392248335 27.0
20.96189287936834 28.0
21.018693036138888 27.0
21.022281546671557 26.0
21.0343334095628 25.0
21.036453729159472 26.0
21.03962952491436 25.0
21.04004060358648 24.0
21.0460499248319 23.0
21.05980528913177 22.0
21.09164545815085 23.0
21.13141421293971 22.0
21.137547745564746 21.0
21.150659688760285 20.0
21.15377598990442 19.0
21.17685754289872 20.0
21.178417485008072 21.0
21.241654258293238 22.0
21.24997045793605 21.0
21.26420633958522 22.0
21.28245922640699 21.0
21.349928470286883 22.0
21.417453471297325 23.0
21.459501269157485 24.0
21.47103682800946 25.0
21.486960350368363 24.0
21.51681773036233 25.0
21.51699417869729 24.0
21.5560468947012 25.0
21.560120979113922 26.0
21.624919988954325 25.0
21.627065759692044 24.0
21.63453791763508 23.0
21.639001893395772 22.0
21.675069405130643 21.0
21.721113624327266 22.0
21.721356943111644 21.0
21.723215482710895 20.0
21.772545465274803 19.0
21.77407395423877 20.0
21.781227301449128 19.0
21.79175734127377 18.0
21.845578323729093 17.0
21.848630594134058 16.0
21.869226324850892 17.0
21.883271541794986 18.0
21.931549399348235 19.0
21.945992273957017 18.0
21.955020350155447 19.0
21.97764099259041 20.0
21.992247874505004 21.0
22.00885985771231 22.0
22.02866216675443 21.0
22.029242648194376 20.0
22.04245289040227 19.0
22.054913675063414 20.0
22.05893940208228 19.0
22.098904518326044 18.0
22.111240341291854 17.0
22.130551581475384 16.0
22.13653874724071 17.0
22.153380232077797 18.0
22.194495359565938 19.0
22.199407032245947 20.0
22.205266753681077 21.0
22.208897960456277 20.0
22.2360501451836 19.0
22.24159409995862 18.0
22.268531760788154 19.0
22.293992644294097 20.0
22.31041156568348 21.0
22.310677511507595 22.0
22.325932608788456 21.0
22.370273096761462 20.0
22.396490904046697 19.0
22.420893630668637 18.0
22.468711877910152 17.0
22.48461958438914 18.0
22.532244270668212 17.0
22.533579516503185 18.0
22.598248540562558 17.0
22.63351989588913 18.0
22.64991302530084 17.0
22.654213621213533 16.0
22.699979423128138 15.0
22.70244897994728 14.0
22.704554465688165 15.0
22.757361532931274 16.0
22.771741161015097 17.0
22.77311142494262 16.0
22.787646688730856 17.0
22.810928899231882 18.0
22.869410010590446 19.0
22.90886291370218 18.0
22.921466900921924 17.0
22.99226106315019 18.0
23.01350703071844 17.0
23.052382104251482 16.0
23.054158943980397 17.0
23.054894581491073 16.0
23.09502975956233 15.0
23.09770609839837 14.0
23.275208579605074 13.0
23.310181074022427 14.0
23.490229932482023 15.0
23.537077593058957 16.0
23.563267779580592 17.0
23.5670446527286 18.0
23.569572115606523 17.0
23.583008704551673 16.0
23.58462027075387 15.0
23.613987951474037 16.0
23.62818490747183 17.0
23.653996007499916 16.0
23.715910931294697 17.0
23.71906636128555 16.0
23.74748876316603 17.0
23.753186599859905 16.0
23.838656147013698 15.0
23.86818523483555 16.0
23.871691500125714 17.0
23.926645290150002 18.0
23.955516125833007 17.0
24.004588782728952 16.0
24.00464040554454 17.0
24.052029388063623 18.0
24.069534621113252 19.0
24.103120591637524 20.0
24.14534578775181 21.0
24.193359645568993 20.0
24.208683893161933 19.0
24.20915088002727 20.0
24.306158544566642 21.0
24.31410608339575 22.0
24.3477457843336 23.0
24.406545099340395 22.0
24.449862090472216 21.0
24.56831729875117 20.0
24.604433563572847 21.0
24.612804911099342 20.0
24.623550810952807 21.0
24.678024661381425 22.0
24.697341055357057 23.0
24.714382235309685 22.0
24.729668925018938 21.0
24.730340600575826 22.0
24.77894605990449 21.0
24.78757733785911 20.0
24.800628765288227 19.0
24.826062037408658 20.0
24.87317665913332 21.0
24.89094101162278 20.0
24.89166894802505 21.0
24.902145551881116 22.0
24.947760816710172 23.0
25.016453675895114 24.0
25.094763080302453 23.0
25.096271308846603 24.0
25.117901393738762 25.0
25.128517151604978 26.0
25.171630586500495 25.0
25.19807638883782 24.0
25.207415184330035 25.0
25.228016076446128 24.0
25.22805359903813 23.0
25.282165069600424 22.0
25.289658891178334 21.0
25.344088038383678 22.0
25.363951207198085 23.0
25.37639705212948 24.0
25.3879908046017 23.0
25.44820078499375 22.0
25.495826287477826 23.0
25.644493096604055 22.0
25.658608409443783 23.0
25.680725451956246 22.0
25.682728484363327 21.0
25.687506440415987 22.0
25.691330835759178 23.0
25.71862989614754 24.0
25.757437321070938 25.0
25.780949129268752 24.0
25.803796611858036 23.0
25.804161955818547 22.0
25.86759943125905 21.0
25.916603134349945 22.0
25.953987936040384 21.0
25.960335754456825 22.0
25.979602961012127 21.0
25.988820149070488 22.0
26.06713970031782 21.0
26.11448328689254 22.0
26.22006312447035 21.0
26.24853998055644 22.0
26.279668442889967 21.0
26.291755457982184 20.0
26.295912405200646 19.0
26.318282343127912 20.0
26.319104424255162 19.0
26.33560619224572 20.0
26.33654016404313 21.0
26.34166140523365 22.0
26.36760681522971 23.0
26.369077872399295 22.0
26.386302914048247 23.0
26.394359041867975 22.0
26.41680993107128 21.0
26.44300512924317 20.0
26.44917879479781 19.0
26.459645560413822 18.0
26.50370942078093 19.0
26.636794742261472 20.0
26.64043748274763 19.0
26.641903367835173 18.0
26.658058702949063 19.0
26.711821960444894 20.0
26.756518746075596 21.0
26.82200212292594 22.0
26.857514978241976 21.0
26.88526331496367 20.0
26.89133838553736 19.0
26.911471000165704 20.0
26.91992065763956 21.0
26.928594253538552 22.0
26.962421523373752 23.0
26.980391767777647 24.0
26.99286706458655 25.0
27.01742439505866 24.0
27.03395273780157 23.0
27.059946101869084 24.0
27.08272915118424 25.0
27.113250117616644 24.0
27.149981113192972 23.0
27.17997117734978 22.0
27.219092917295857 21.0
27.26204789220216 22.0
27.262134955087156 21.0
27.266542375478917 22.0
27.296691505090035 21.0
27.343294272019108 22.0
27.376496217345313 21.0
27.417931677418608 20.0
27.42485168192568 19.0
27.489858745912315 20.0
27.543172628453597 21.0
27.568984647357365 20.0
27.58605289620301 21.0
27.590965474795528 20.0
27.60638491193926 21.0
27.69530244282523 20.0
27.734357204266818 21.0
27.751717987986357 22.0
27.776351219489015 21.0
27.81367279391201 20.0
27.83780168568317 21.0
27.8608913190919 22.0
27.877105854363244 21.0
27.897095965219584 20.0
27.90190887860604 21.0
27.912399095909585 20.0
27.914220288768448 19.0
27.949932846895237 20.0
27.973940942607857 21.0
27.994644014301016 20.0
28.02531170442024 21.0
28.073977893260103 22.0
28.08672889331737 23.0
28.13285826364438 24.0
28.144814539855616 23.0
28.147136784686086 22.0
28.16695612855666 21.0
28.184449299657054 20.0
28.220822109681496 19.0
28.239915104057705 20.0
28.256338101427886 19.0
28.264063944719453 20.0
28.28118944267411 21.0
28.281858856944897 20.0
28.301013154111033 19.0
28.31968225139332 20.0
28.330367094785704 21.0
28.33141050044191 22.0
28.37886975464104 23.0
28.381399659668315 24.0
28.39996520646849 23.0
28.433778275197508 24.0
28.471707273417554 25.0
28.476826331742302 24.0
28.481140576094926 25.0
28.52028088082797 24.0
28.52609508161814 25.0
28.543251753097277 24.0
28.56278932067117 23.0
28.608982871256476 22.0
28.62647637234738 21.0
28.675672898299833 22.0
28.75494366289079 21.0
28.761854176589267 22.0
28.79038402589842 23.0
28.80210413090066 22.0
28.847452935770164 23.0
28.850093434058866 24.0
28.860656059109637 25.0
28.91812219396644 24.0
28.920300572892085 23.0
29.002492367856348 22.0
29.019824864254808 23.0
29.023191054804208 24.0
29.1265457897742 23.0
29.134376037144158 22.0
29.168938646476704 21.0
29.192373451588352 22.0
29.19835496290196 21.0
29.22611095255597 22.0
29.23081126216331 21.0
29.27271653665659 20.0
29.28199828187655 19.0
29.31449296965427 20.0
29.343753889248475 21.0
29.411186776448524 22.0
29.429232401492303 23.0
29.453033039129778 22.0
29.45733848899341 23.0
29.47709889359332 24.0
29.54020292616328 23.0
29.577764268722227 24.0
29.595138218871323 25.0
29.673133368560308 26.0
29.757469421062623 25.0
29.79367955823471 26.0
29.82666142342932 25.0
29.89555588175324 24.0
29.910162472697287 23.0
29.9392121308006 22.0
30.065897731768082 23.0
30.068601812014933 24.0
30.08162145761819 23.0
30.13898518469247 24.0
30.15882886123669 25.0
30.184992178601956 26.0
30.1919860691918 25.0
30.193452259992256 24.0
30.232681907122785 23.0
30.235223332403525 22.0
30.241362714628416 21.0
30.25820687231833 20.0
30.281346409291277 21.0
30.299998257810156 20.0
30.306994388205027 19.0
30.31689395316824 20.0
30.33867129442301 21.0
30.380632975818337 20.0
30.384084812355166 21.0
30.40463421765666 22.0
30.430055889780085 23.0
30.441234053432016 22.0
30.45113535632041 23.0
30.456036544217802 24.0
30.545544655881287 25.0
30.568109230577743 24.0
30.59871230056167 23.0
30.60988785712438 22.0
30.65725595365047 23.0
30.660238972773012 22.0
30.66555757922063 23.0
30.681086415233217 22.0
30.696174975057968 21.0
30.73237234450434 20.0
30.74682774579843 19.0
30.748659954475965 18.0
30.759103861208978 19.0
30.782332052963376 18.0
30.784112912193365 19.0
30.84550824885871 20.0
30.847829412359445 19.0
30.865078492370692 20.0
30.87129130437127 21.0
30.878212964426776 22.0
30.90945286664871 21.0
30.93666687810765 22.0
30.967377314216293 21.0
30.974627304357988 22.0
30.98335820904034 21.0
31.014812901127655 22.0
31.015613569417226 23.0
31.018181055263213 22.0
31.026976229000958 23.0
31.1073528837917 24.0
31.20591600821225 23.0
31.214432551773058 24.0
31.258082663773752 25.0
31.277434405046815 26.0
31.346575409154255 25.0
31.41532013397615 24.0
31.458707421892147 23.0
31.470001312234736 24.0
31.483806095160826 23.0
31.48644525771909 24.0
31.52349145564765 25.0
31.55643963700891 24.0
31.570256641507008 23.0
31.575029676610555 24.0
31.58952021432355 25.0
31.60259828532415 24.0
31.637416918226563 23.0
31.665586184993565 22.0
31.672397944535888 21.0
31.69923309167212 22.0
31.701016646391725 21.0
31.716217246314496 22.0
31.722881310640968 21.0
31.771635521229605 20.0
31.78540737500548 19.0
31.786995441783688 20.0
31.810813695043127 21.0
31.8179907057366 22.0
31.856530520636003 21.0
31.875408267858784 20.0
31.885972976502792 21.0
31.895909240218792 22.0
31.92489938948984 23.0
31.94762640242231 24.0
31.966903744802885 23.0
31.98673633400558 22.0
32.018002992857795 21.0
32.018951621112684 22.0
32.022833663202256 23.0
32.05337619735649 22.0
32.116102999446106 21.0
32.118443393311665 22.0
32.145234911581845 23.0
32.1452507822376 22.0
32.153324125316864 23.0
32.16777625584229 22.0
32.18127170585494 21.0
32.21937920489537 22.0
32.21948451107677 21.0
32.23318348451325 20.0
32.234707447554094 19.0
32.27866570001444 18.0
32.35661615908551 17.0
32.360270603714326 18.0
32.3710723110551 19.0
32.4117158622721 18.0
32.468864186707876 19.0
32.469513464583244 20.0
32.483465023647256 19.0
32.50538595379865 18.0
32.536051592948006 19.0
32.55354775220946 18.0
32.5793123598165 19.0
32.58129509302936 20.0
32.630210690492234 21.0
32.66102138975549 22.0
32.68913231067961 23.0
32.689302605578895 24.0
32.701056099249186 23.0
32.73508016161976 22.0
32.74964136783875 23.0
32.77317244871497 22.0
32.78574988626198 23.0
32.79945060496242 22.0
32.822974419583915 21.0
32.84610453924317 22.0
32.914997530472526 23.0
32.932130009105514 22.0
32.93862251571236 23.0
32.958018023870096 24.0
32.98954116964461 25.0
32.9972978766377 26.0
33.000777580673464 25.0
33.01056259840642 26.0
33.03285876974666 25.0
33.07016807229639 24.0
33.11644177830893 25.0
33.18464511522019 26.0
33.2073307244352 25.0
33.25493682813724 26.0
33.258187470572466 27.0
33.25861696550443 26.0
33.269167826943246 25.0
33.270109167101346 24.0
33.45195824420538 23.0
33.46700264009277 24.0
33.46871480638846 25.0
33.47201639420122 24.0
33.47280647018436 25.0
33.53313211609582 24.0
33.53363505392886 23.0
33.53884448120884 22.0
33.55766897220558 21.0
33.5915429067254 22.0
33.615941708330865 23.0
33.62738016622385 22.0
33.633169631292596 23.0
33.71594883007379 22.0
33.74046053437961 21.0
33.74528089971234 22.0
33.763418866802475 23.0
33.7754061265008 24.0
33.8052717203601 23.0
33.807251730287135 24.0
33.86226734567424 25.0
33.871831556221245 24.0
33.88826143781387 25.0
33.93189347671493 26.0
33.947927948023185 25.0
33.95826691631793 26.0
33.962101949682456 27.0
33.97396216424683 26.0
34.02774403051438 27.0
34.03005682649617 26.0
34.05666511945821 25.0
34.06602514127102 26.0
34.09480083650039 25.0
34.13637723704285 26.0
34.14298927199658 25.0
34.14467003122291 24.0
34.14652012533913 25.0
34.155415648896785 26.0
34.19995243704675 27.0
34.23425333479689 26.0
34.2883491687805 27.0
34.32266828547628 26.0
34.35981536250062 25.0
34.37235857416562 26.0
34.389089778987355 27.0
34.3938573965339 28.0
34.50662851070734 27.0
34.516372779312626 28.0
34.54791750496074 29.0
34.57704144858686 28.0
34.587404884333544 29.0
34.5976430621282 30.0
34.66846288927704 31.0
34.692988557371365 30.0
34.702959130833584 29.0
34.73878590549052 28.0
34.74462801805028 27.0
34.75731822149331 28.0
34.80952005906156 27.0
34.830419363080054 26.0
34.87287300661334 25.0
34.8731576037658 26.0
34.87965055459021 25.0
34.88465947507429 24.0
34.891540529322235 23.0
34.92079780530317 22.0
34.96026186557471 23.0
34.96475376258857 22.0
35.0674183511278 21.0
35.079213455940966 20.0
35.24427005425217 19.0
35.25616803454084 18.0
35.306107923498246 19.0
35.38207475753898 18.0
35.412572441420444 19.0
35.45695054351647 20.0
35.5733470796408 19.0
35.58938107596411 20.0
35.6262299864331 21.0
35.64131863781563 20.0
35.66248611937512 21.0
35.66936394228116 20.0
35.713752791446126 21.0
35.75041934804343 20.0
35.767015153876315 21.0
35.78092116782411 20.0
35.787583947870495 21.0
35.81789646754346 22.0
35.84437817125967 21.0
35.87282893968641 20.0
35.91005998514703 19.0
35.91081121923548 20.0
35.9215749105923 19.0
35.95710607437652 18.0
35.99180737938619 19.0
36.00007919080759 20.0
36.00888223741309 21.0
36.02138763913257 20.0
36.0225076599382 19.0
36.03028361297917 18.0
36.033715012744196 19.0
36.03593160378239 20.0
36.05948556136875 19.0
36.09975762487055 18.0
36.17963458406197 17.0
36.19122683128074 18.0
36.19723797843513 17.0
36.227199467298945 16.0
36.24167336028462 17.0
36.24190175753472 18.0
36.26166914805807 19.0
36.28547101243434 20.0
36.29164731225261 21.0
36.295029513555626 20.0
36.30293648775407 19.0
36.30951007850356 18.0
36.31978525089807 19.0
36.32414078450427 20.0
36.41058175492712 19.0
36.41654263090344 20.0
36.51302133801326 19.0
36.5377513693907 18.0
36.61724565612925 19.0
36.62218705036414 20.0
36.64314134948381 21.0
36.66037370311406 20.0
36.75215976717301 21.0
36.77452410049528 20.0
36.7910738990514 21.0
36.85064220687121 22.0
36.87801716958044 23.0
36.88448306902841 24.0
36.89225835269968 25.0
36.8937518776615 24.0
36.899321021708815 23.0
36.97482526624115 24.0
36.97872195654062 25.0
36.98266364494413 24.0
36.996155617429764 23.0
37.01063553700118 24.0
37.02955539893642 23.0
37.10608471384627 22.0
37.12114999017403 23.0
37.12532862117206 22.0
37.15465279176842 21.0
37.16899024708195 20.0
37.17335493577126 21.0
37.19711543916013 20.0
37.214520547059664 19.0
37.2235704881486 20.0
37.232961227535256 21.0
37.239119861719686 20.0
37.27440164466992 19.0
37.28954528233439 20.0
37.29003271706255 19.0
37.3112196199505 18.0
37.32123578078096 19.0
37.35766491678174 20.0
37.37259478946121 21.0
37.38029042940164 22.0
37.426795128353795 23.0
37.45088032546803 22.0
37.46858169739828 23.0
37.50575812614255 22.0
37.55230013335043 21.0
37.55943602535519 20.0
37.59535824715932 21.0
37.59595359642211 20.0
37.59786890347971 21.0
37.629217859595684 20.0
37.6755038342302 21.0
37.717109721192415 22.0
37.74226528390275 21.0
37.79034363710655 22.0
37.79911207782589 23.0
37.8259466574907 24.0
37.886402793094284 25.0
37.966642905779885 26.0
37.99167461559234 25.0
38.0025969663928 24.0
38.00880658699316 23.0
38.10410828859929 24.0
38.11055501685215 25.0
38.134729467429224 26.0
38.16098510991341 25.0
38.21010532492912 24.0
38.21485072656901 23.0
38.27613438050063 22.0
38.31184325029939 21.0
38.40014711060381 22.0
38.40925497526763 23.0
38.429659870997014 24.0
38.43234484806118 25.0
38.534812191677965 24.0
38.54424741658744 23.0
38.54536389675063 22.0
38.55204014138699 23.0
38.585480242392464 22.0
38.59943104613995 21.0
38.602407322857324 20.0
38.618187202367025 21.0
38.62254215010055 20.0
38.67289402127979 19.0
38.69062832523134 18.0
38.73326921194855 17.0
38.75836070003967 16.0
38.80184770761309 15.0
38.81032833562917 16.0
38.815214767021175 15.0
38.819447479002285 16.0
38.836243240798936 17.0
38.84936921259451 16.0
38.862642163625544 17.0
38.939141114128795 18.0
38.94654187339935 19.0
39.03659611210866 20.0
39.15587647610565 19.0
39.19128848898402 20.0
39.20950443438655 21.0
39.26896037102486 20.0
39.275708541703295 21.0
39.28621411063397 22.0
39.344521008022 23.0
39.35350525167629 24.0
39.51007310321253 23.0
39.53602921535083 24.0
39.58203898550398 23.0
39.62268799286611 22.0
39.6263843475245 23.0
39.645523446777474 24.0
39.64823585039427 25.0
39.724994609056786 26.0
39.72954880095994 25.0
39.74577482009859 24.0
39.816114822504666 23.0
39.81680282971796 22.0
39.82447661239276 23.0
39.83586786141252 24.0
39.91784924831397 25.0
39.92051579281909 24.0
39.93631649689029 25.0
39.980899879055094 24.0
40.030031239523375 23.0
40.10471904043531 24.0
40.14270651058213 25.0
40.14963340425431 26.0
40.184262106745045 27.0
40.21865089783118 28.0
40.22672713594093 27.0
40.229294351087276 26.0
40.24030158290026 25.0
40.2975182731332 24.0
40.29762022594952 25.0
40.316943379783815 24.0
40.39381905448924 23.0
40.39408263973976 24.0
40.412890389524456 23.0
40.447447998163625 22.0
40.44855299162658 21.0
40.47709903675245 20.0
40.51705760873344 19.0
40.532062251622285 20.0
40.56787167197998 19.0
40.613561637163635 18.0
40.657490533613064 17.0
40.71559317363822 18.0
40.78330274450089 17.0
40.8098089722092 18.0
40.831236583730885 17.0
40.83362564206338 18.0
40.84406256735681 19.0
40.866363061972244 18.0
40.886447227323664 19.0
40.93905500496193 20.0
40.94862998301572 21.0
40.95737393955894 22.0
40.96650622053505 21.0
40.966637976320065 22.0
40.96884861248242 21.0
40.98683744065739 20.0
41.05417386832668 19.0
41.10204622421553 20.0
41.127552038047405 21.0
41.16161371343316 20.0
41.171165577851525 19.0
41.19149380823057 20.0
41.24443124101219 19.0
41.26657433837469 20.0
41.416617395474304 19.0
41.417984001289085 20.0
41.44468190146328 21.0
41.45485920999708 20.0
41.45673971670535 19.0
41.48981052361107 18.0
41.500042771048754 19.0
41.506059992042296 18.0
41.53796583505952 19.0
41.62368858370784 20.0
41.63182286162784 21.0
41.66135074701102 22.0
41.70350052379035 21.0
41.72565085402934 20.0
41.73018013757569 21.0
41.73635038301206 20.0
41.74754631122259 19.0
41.74981516314089 20.0
42.02316889299344 19.0
42.03777012376394 20.0
42.050273323858725 21.0
42.06383848561666 20.0
42.06908423258846 21.0
42.070402376078405 22.0
42.16652459144979 21.0
42.17599354980134 22.0
42.23991394447691 21.0
42.25642059207376 22.0
42.27661028095072 23.0
42.29364308071505 22.0
42.367537766751916 23.0
42.40617120654282 22.0
42.465864129215845 21.0
42.511212312606006 22.0
42.586798174911294 21.0
42.591326587975054 22.0
42.59799637038233 23.0
42.65923559521313 22.0
42.680584870354046 21.0
42.72172707447492 20.0
42.73322030771346 21.0
42.74196535815555 20.0
42.75477445002535 21.0
42.8011041909965 22.0
43.01270041565704 21.0
43.065011830964785 20.0
43.13398385730906 21.0
43.1705163504741 20.0
43.18127678639851 19.0
43.18349743812002 20.0
43.19322710638245 21.0
43.26784060106041 20.0
43.26912326277957 21.0
43.37502365885448 20.0
43.39223945171669 19.0
43.40156763448364 18.0
43.40936576508903 19.0
43.421844687415174 20.0
43.50649747803555 19.0
43.512059516727426 18.0
43.54324905980399 19.0
43.55040555175309 20.0
43.5895720051374 19.0
43.60257199960822 20.0
43.618346353322586 21.0
43.73087786496461 22.0
43.758314507146785 23.0
43.89363555224587 22.0
43.92328434926858 21.0
43.94927940957366 20.0
43.98619590549582 19.0
44.03537405284223 20.0
44.06569434358949 21.0
44.067057997711125 22.0
44.11704991594694 23.0
44.14552431680161 22.0
44.17477256338398 21.0
44.19149164947551 20.0
44.20371087252084 21.0
44.221245354181875 20.0
44.25098565773779 19.0
44.31555271102407 18.0
44.34400662647264 19.0
44.41443168903723 18.0
44.44467888678781 19.0
44.445834872513636 20.0
44.456282514642254 19.0
44.48472769912522 20.0
44.50955744916024 21.0
44.62676427148115 20.0
44.68143095954533 19.0
44.75348991144398 20.0
44.776448824890785 21.0
44.79630391574264 22.0
44.80621959578558 21.0
44.8685268680556 20.0
44.882892645935925 19.0
44.93555156912635 18.0
44.966739523299466 17.0
45.08830749248956 18.0
45.1050002599385 17.0
45.11182115355362 16.0
45.12589420096202 15.0
45.14141258711887 16.0
45.14592080216003 17.0
45.15732335226386 16.0
45.195091996579094 15.0
45.206599304567476 16.0
45.2117749016282 17.0
45.25610481876385 16.0
45.31389559503349 15.0
45.32571373492958 14.0
45.34005764434936 15.0
45.379325815135 14.0
45.475006244397186 13.0
45.495406644244035 12.0
45.50984162850467 13.0
45.651758126132776 12.0
45.66641412350163 11.0
45.778956751701166 12.0
45.77901469282684 13.0
45.786996437285396 12.0
45.79429643199035 13.0
45.797833089263406 14.0
45.801575283374476 13.0
45.80888330931385 12.0
45.83162547226343 13.0
45.83645447785665 14.0
45.84050325301845 13.0
45.91007400465015 12.0
45.94991390457745 11.0
45.959805041362934 12.0
45.99652730764068 11.0
46.07107596261672 12.0
46.084578328664996 13.0
46.170386803556156 14.0
46.19594993877998 13.0
46.20232310194732 14.0
46.27095819341034 15.0
46.31504193011151 16.0
46.325353774016335 15.0
46.32738362969604 16.0
46.37597195621347 15.0
46.41220564625404 16.0
46.526442003377134 15.0
46.58956682874437 16.0
46.60298440489071 15.0
46.64001723111415 14.0
46.65239872254095 13.0
46.66158965288995 14.0
46.7104733216395 15.0
46.75808441298987 14.0
46.78641876500097 15.0
46.83458678200149 16.0
46.87973684984251 17.0
46.936139057961924 16.0
47.00473033521642 17.0
47.050579055343334 16.0
47.0601475301504 17.0
47.07712109829082 16.0
47.07761957929533 17.0
47.093306132121455 18.0
47.11704620169545 17.0
47.17239811781708 16.0
47.20911115404785 17.0
47.20967023813277 18.0
47.21273604930838 17.0
47.34273969520101 16.0
47.36939836125821 15.0
47.37115231642904 14.0
47.38240060400441 15.0
47.44635287178442 16.0
47.467508252360794 15.0
47.48679909781862 14.0
47.53649128673378 13.0
47.61308205352983 12.0
47.648878332587714 11.0
47.68113007950116 10.0
47.74299357499028 11.0
47.760610446900735 12.0
47.77989448532124 13.0
47.92186151761522 14.0
47.942911385642475 15.0
47.94958550073119 14.0
47.99881438515545 15.0
48.04936941069421 14.0
48.051995736173396 13.0
48.15621206998284 14.0
48.20055473030086 15.0
48.20580581601828 14.0
48.27983336887253 13.0
48.32246956698328 12.0
48.36702591919958 13.0
48.40428782117588 12.0
48.52993226666814 11.0
48.533791273472666 10.0
48.53602677514021 11.0
48.55907386175034 12.0
48.562708817905445 13.0
48.56771775043456 14.0
48.59305660670413 13.0
48.60466503151978 12.0
48.608382180814644 13.0
48.654997715032714 12.0
48.68224649050852 13.0
48.76752613221366 12.0
48.81623521032023 11.0
48.82461739377101 10.0
48.92611911973662 9.0
48.951313085656196 10.0
48.99599516811547 11.0
49.0705325717254 12.0
49.103577903239355 13.0
49.10449203411298 14.0
49.11584725471282 15.0
49.1424693588315 16.0
49.15692834799772 17.0
49.20071504987517 16.0
49.240123304550764 15.0
49.27271331822658 14.0
49.30268760002496 13.0
49.33562657935904 14.0
49.340511617518516 15.0
49.40615464383843 14.0
49.50205079121022 13.0
49.59595895874508 14.0
49.63462208998526 13.0
49.64662389305466 12.0
49.68395140903027 11.0
49.71520294404783 10.0
49.812453850569625 9.0
49.851863140373304 10.0
49.886129071733635 9.0
49.93479833528351 10.0
49.947572131002794 11.0
49.95818967608512 12.0
50.03998341795692 13.0
50.21560876673917 12.0
50.250022725333466 13.0
50.29668014395923 14.0
50.299011107908875 15.0
50.35075362820249 14.0
50.35534815245041 15.0
50.39976055358383 14.0
50.41091994726782 13.0
50.445094826099826 12.0
50.48602168098371 13.0
50.51109887582568 14.0
50.56456875984696 15.0
50.576270949342295 16.0
50.59394396922843 15.0
50.618797421543704 16.0
50.67021533446007 15.0
50.69514349761252 16.0
50.87182440116526 17.0
50.89323755382743 18.0
50.93530667330472 19.0
50.95735961585772 20.0
51.01030406858554 21.0
51.02668908786859 20.0
51.08631603327634 19.0
51.16152090134514 18.0
51.198504286168074 19.0
51.20755515839718 18.0
51.20993162092161 17.0
51.2694550699045 18.0
51.29538012576301 17.0
51.29656861522099 16.0
51.43731750259563 15.0
51.44309911964066 14.0
51.45385931244385 13.0
51.513951290837205 14.0
51.53566593234269 15.0
51.58867827961545 14.0
51.60093403213645 13.0
51.63429410493041 14.0
51.67249817275342 13.0
51.76386774212864 14.0
51.7937730904865 13.0
51.81312347367709 14.0
51.816095329014715 15.0
51.95058798271805 16.0
51.96850999762084 15.0
52.07756024208984 14.0
52.08087930310313 13.0
52.161412592836705 14.0
52.18341253437013 15.0
52.20297822115573 16.0
52.27060244580368 17.0
52.36932178365274 18.0
52.441507661651954 17.0
52.470867380169786 18.0
52.511606535694646 19.0
52.52638137909699 18.0
52.533313899193516 17.0
52.536501836711885 18.0
52.57318564175069 17.0
52.5887673422068 16.0
52.644407730639415 17.0
52.802068677098845 16.0
52.814338535822486 15.0
52.835626959233394 14.0
52.942978571004694 15.0
52.95243646506599 14.0
52.961164580774096 15.0
53.01307282206132 16.0
53.03621416161818 17.0
53.0367719325014 18.0
53.094273594941804 17.0
53.1051614044061 16.0
53.16553800196581 15.0
53.20297831163204 14.0
53.21628680578643 15.0
53.291288478482514 16.0
53.29250854596153 15.0
53.31600313138425 16.0
53.31876921706162 15.0
53.36694881303683 16.0
53.3672733834347 15.0
53.40797486536811 16.0
53.440824227763244 17.0
53.45593413210453 18.0
53.499505637396105 19.0
53.53496174553834 18.0
53.58867048205374 19.0
53.59403679788842 18.0
53.61281408104869 17.0
53.627635156544784 16.0
53.65777438593063 15.0
53.65782318744746 14.0
53.678426262735584 15.0
53.68586106615756 14.0
53.73078538035792 15.0
53.75273637799966 16.0
53.77544223313862 15.0
53.81309491317438 16.0
53.832204606534354 15.0
53.87337630835047 14.0
53.90130242621974 15.0
53.90386531665551 16.0
53.90870155493246 15.0
53.938588977422846 14.0
53.96099149331866 13.0
53.99531193531307 12.0
54.06478050656088 11.0
54.095859549917265 10.0
54.10936594721533 11.0
54.15859080821279 10.0
54.177124100247845 9.0
54.305077229420164 10.0
54.39532037707905 11.0
54.40036227732733 10.0
54.45357283559084 9.0
54.52478283361924 10.0
54.58086694637686 11.0
54.688519698254865 12.0
54.726580982080684 13.0
54.7632676610457 14.0
54.79624948199161 13.0
54.79681186783405 14.0
54.80060844507999 15.0
54.81554864575381 14.0
54.85350262915415 13.0
54.90199273634584 14.0
55.01935761231565 15.0
55.025376984899616 14.0
55.06117703301449 13.0
55.09965342679835 12.0
55.12275803081903 11.0
55.12344381576143 10.0
55.12884597383611 9.0
55.14263947916083 8.0
55.17659098417524 7.0
55.18524440536891 6.0
55.33533773519493 5.0
55.3546558467808 6.0
55.39300806071418 7.0
55.44703374591242 6.0
55.6177228188679 7.0
55.619210898216735 8.0
55.75001360636554 9.0
55.75555504377659 8.0
55.77948870928856 9.0
55.798417978624066 8.0
55.985373725480066 9.0
56.009212123958065 10.0
56.03258975741475 11.0
56.035577011044836 12.0
56.10644893337931 13.0
56.20025123794455 12.0
56.230168799329235 11.0
56.297287230849165 12.0
56.34259747805927 13.0
56.365524982684796 14.0
56.39145364781506 13.0
56.40768515361234 12.0
56.45073271190881 13.0
56.474318715773684 12.0
56.483902729414815 11.0
56.49345190500049 10.0
56.50038198536397 11.0
56.536296377959985 10.0
56.5364804610123 9.0
56.55191648933037 10.0
56.60828869008664 11.0
56.67663536443699 12.0
56.71512158752843 13.0
56.74765814380404 12.0
56.759866002041406 13.0
56.950399508985484 14.0
56.95493103652997 13.0
56.988384221615945 12.0
57.01252745204757 11.0
57.02486345159321 12.0
57.03134166583468 13.0
57.05178629534239 12.0
57.06340948260647 13.0
57.13250731992715 14.0
57.150853429848496 13.0
57.21026752331994 14.0
57.24048536230964 13.0
57.3266156745234 14.0
57.440682034879046 13.0
57.49451100875821 14.0
57.50471570860866 13.0
57.57949201893522 14.0
57.60153159661769 13.0
57.61950416169441 12.0
57.675000433587066 13.0
57.68218621093024 12.0
57.729910200076816 13.0
57.83604862268084 14.0
57.851361133427 13.0
57.860830219123315 14.0
57.87558234440531 13.0
57.94757067928158 14.0
57.98568741077943 13.0
57.99382344281692 14.0
58.04216859888874 13.0
58.05292903273528 12.0
58.17620037224792 13.0
58.17814640808453 14.0
58.186166782461406 15.0
58.25889730445089 16.0
58.287450490406194 15.0
58.335827288461864 16.0
58.353110480084155 15.0
58.395621017263615 14.0
58.49551727129862 13.0
58.50922124203828 14.0
58.57893149607247 13.0
58.6186894041042 12.0
58.66638072306182 13.0
58.74559668305019 12.0
58.81335001350542 11.0
58.822546379428594 10.0
58.856322850106814 11.0
58.86943198352832 12.0
58.901870276846005 13.0
58.926640360101594 14.0
58.99400567595176 15.0
59.05528252299256 14.0
59.06442764222565 15.0
59.08466650123079 16.0
59.14039378951939 17.0
59.17961210943671 16.0
59.252472394509354 17.0
59.26675025637964 18.0
59.28960001454969 19.0
59.36216522811927 20.0
59.42940020190535 21.0
59.450943915801105 22.0
59.57801839354605 23.0
59.65134937252507 24.0
59.66721947694798 23.0
59.694488906540336 22.0
59.79162947438001 21.0
59.84601026326067 20.0
59.8517460173827 21.0
59.875688148827706 20.0
59.87920370960933 21.0
59.88820636284712 20.0
59.93603029803188 19.0
60.008191941426574 18.0
60.017772216517294 17.0
60.03530578705508 18.0
60.06395677924988 19.0
60.08792169309815 18.0
60.115167636066495 17.0
60.1323402810918 18.0
60.18575447025929 17.0
60.20204106059726 18.0
60.21280517764475 17.0
60.22250405311525 18.0
60.306851874214466 17.0
60.31594820552526 16.0
60.36598010346532 17.0
60.37684186162486 18.0
60.39234506703018 17.0
60.43707057998736 16.0
60.44330157086346 15.0
60.64347307266686 14.0
60.65481587192476 15.0
60.66187026247172 14.0
60.6850815679735 13.0
60.77531195282464 12.0
60.856273562763555 13.0
60.87274872045171 12.0
61.03326206409738 13.0
61.07552268907416 12.0
61.147721324825056 13.0
61.15024537534855 12.0
61.271432188892476 11.0
61.27513101665604 10.0
61.27969578039771 9.0
61.2807568541662 10.0
61.30135428430213 9.0
61.40730114309271 8.0
61.41342017699901 7.0
61.45361496189803 8.0
61.460910425942586 9.0
61.48291127099376 10.0
61.69494802350945 9.0
61.73290426572616 10.0
61.76634935620962 11.0
61.795920213624264 10.0
61.80475504725555 9.0
61.84976949044283 10.0
61.85064717096372 11.0
61.91243837340664 10.0
61.963229396208014 11.0
61.969517870808254 12.0
62.00399052784167 11.0
62.009782744424584 10.0
62.133049987806004 9.0
62.25593879529419 8.0
62.27206184437097 7.0
62.30485740017177 6.0
62.305462736623156 7.0
62.34402158805547 6.0
62.399639066420704 7.0
62.48116295710557 8.0
62.59467512366738 9.0
62.60384679140301 10.0
62.688950371783484 11.0
62.69549517229672 10.0
62.71538291689716 9.0
62.95336828841934 10.0
63.03936509670647 11.0
63.08758580804061 12.0
63.147617565936585 11.0
63.1491746872933 12.0
63.165840812269394 13.0
63.17538295746027 12.0
63.2583816515973 11.0
63.27503957809032 10.0
63.31517060625302 9.0
63.362760749926714 8.0
63.36814306711949 9.0
63.38843311315632 10.0
63.42567295948862 9.0
63.43135091928978 10.0
63.44657682631105 11.0
63.44926373262336 10.0
63.512822420570835 9.0
63.67362424031817 10.0
63.6819424591394 11.0
63.75942248641248 10.0
63.91512593714063 9.0
63.92259190786286 8.0
63.92266761465202 9.0
63.93640204339985 10.0
63.94333068961232 11.0
63.98010518090973 10.0
63.98148307109087 11.0
63.98219141848949 12.0
64.06475582312638 13.0
64.07783432860172 12.0
64.10850684700864 11.0
64.15042713615321 12.0
64.17626746301912 13.0
64.21207678702878 12.0
64.27829645558356 11.0
64.39762135773552 12.0
64.45022571685367 11.0
64.57920320653562 10.0
64.59962671442761 9.0
64.6110576299557 8.0
64.74430265318158 9.0
64.76939592178843 10.0
64.81607954374948 11.0
64.84824945971855 12.0
64.86623965735787 11.0
64.8847225820702 10.0
64.90923733862877 11.0
64.96252006484423 10.0
64.98433787153557 9.0
64.99536035914691 8.0
65.0443719957293 9.0
65.04874509883086 10.0
65.06719608483536 11.0
65.18003591763257 12.0
65.23062136248383 13.0
65.28205978329409 12.0
65.36386391731526 11.0
65.36424512926257 10.0
65.40526174092753 9.0
65.54500987579328 10.0
65.64644106373832 11.0
65.69471088575216 10.0
65.72487375547198 11.0
65.7423340855437 10.0
65.90478033068301 11.0
65.97568631656046 12.0
65.98618606396064 13.0
65.99586239122272 12.0
66.00204400655896 13.0
66.08208411995072 12.0
66.1517221221623 11.0
66.16149027920234 12.0
66.17939856599867 11.0
66.19138498739468 12.0
66.25106580348438 11.0
66.25706906476611 10.0
66.37967524208403 11.0
66.38369821317889 12.0
66.39964524926678 13.0
66.48484567356412 14.0
66.56432132034014 15.0
66.57583100432099 16.0
66.62172730018268 15.0
66.62253795822714 16.0
66.62485991948246 17.0
66.63984939780605 18.0
66.64026080535257 17.0
66.65112529210474 16.0
66.72964002031514 15.0
66.74913355021218 14.0
66.76540123744476 13.0
66.77862436359155 12.0
66.77991179587869 13.0
66.842512792234 14.0
66.87339693130245 13.0
66.8943366962206 12.0
66.96070151838914 11.0
67.01074407085711 10.0
67.14477126564417 11.0
67.2239765275288 12.0
67.22606323195818 13.0
67.3331746977172 12.0
67.36948608646921 13.0
67.37231692549727 14.0
67.40464773245833 13.0
67.46050264776426 14.0
67.57385034864983 15.0
67.58292067531781 16.0
67.63970006948975 17.0
67.68384250397567 18.0
67.71945898391569 17.0
67.81426681086806 16.0
67.85966720924128 17.0
68.10167612289894 18.0
68.15403326422279 17.0
68.2007161811562 16.0
68.20082732741908 15.0
68.20512524871917 14.0
68.23439035683487 13.0
68.24211700913457 12.0
68.24693227684654 11.0
68.27651529543738 10.0
68.3111413422758 11.0
68.4659540507954 10.0
68.53270360846919 11.0
68.62059646501756 10.0
68.63028491669525 9.0
68.63912574049387 10.0
68.72880993148341 9.0
68.7577741409912 8.0
68.92670930915543 7.0
68.9556495588987 6.0
68.99771274949953 7.0
69.09612903545171 6.0
69.15109910146997 7.0
69.18300173236757 8.0
69.33544957520766 9.0
69.38743863667703 10.0
69.41663183131489 11.0
69.43089874912616 12.0
69.43939352510155 13.0
69.48003072568778 12.0
69.50990256884033 11.0
69.52923832567161 12.0
69.57762305425733 13.0
69.63542937328833 12.0
69.66215009279753 11.0
69.71102438510287 10.0
69.7356104261083 9.0
69.73826257641377 10.0
69.74689704947825 9.0
69.77056070028868 10.0
69.83857714576929 11.0
69.89269955799156 10.0
69.9142124466955 11.0
69.96072198834315 12.0
69.97374619763261 11.0
70.14072645255071 10.0