0.0 45.0
0.02640073946175048 45.0
0.03283200838292643 45.0
0.10459733196488463 45.0
0.14142768480117685 45.0
0.15637661428462715 44.0
0.16989322744734975 44.0
0.17613108092975865 43.0
0.17899057616629604 43.0
0.18537030751552666 43.0
0.18771871391837058 43.0
0.23890875421793323 42.0
0.25755409564792076 43.0
0.2584273835330327 44.0
0.2924360996446238 44.0
0.2956466764087831 45.0
0.2976245955117285 45.0
0.3652602111851056 44.0
0.41166453923470875 43.0
0.4150124470921809 42.0
0.42643612337209835 43.0
0.42686345759096567 44.0
0.4298880030392997 43.0
0.45567059391308495 42.0
0.49571345663078265 42.0
0.5010388890974571 43.0
0.5118917445153872 42.0
0.5248273447341685 42.0
0.5336504722945987 43.0
0.5393239944561774 43.0
0.5400427786266451 43.0
0.560572215845508 43.0
0.5647714801893365 43.0
0.5815162986014729 43.0
0.6026295170791235 43.0
0.6066831313584011 43.0
0.6398116902649271 43.0
0.6854585958858784 43.0
0.7102613740937399 42.0
0.7641965405605633 41.0
0.7742728987235388 42.0
0.7793790270761388 41.0
0.8214900852980733 41.0
0.8767918583630974 41.0
0.8952947871182889 40.0
0.9254144364004568 41.0
0.958016382588336 41.0
0.9649490377310341 42.0
0.9699550005247657 42.0
0.9874349740263153 41.0
0.9899362099300596 41.0
0.9938322995194656 41.0
1.0246659260663247 42.0
1.1321073047329828 42.0
1.1347620751206087 43.0
1.1560802141667732 43.0
1.1635448489201703 43.0
1.2208840959138756 44.0
1.2282591964029095 44.0
1.244043541473547 44.0
1.2910945032778736 44.0
1.2966117405991142 43.0
1.2966589393753392 43.0
1.3179145529643388 42.0
1.35666512185569 41.0
1.3668268684535962 41.0
1.38247070980485 41.0
1.444798641993062 40.0
1.4455307718533164 41.0
1.4470020864647113 40.0
1.451116524135595 39.0
1.462383191285538 39.0
1.4839021050227563 40.0
1.5605544552067137 40.0
1.5684702945869178 40.0
1.596534408638617 40.0
1.6057225764459981 41.0
1.6092789159756444 42.0
1.639314564173247 43.0
1.642013729238594 43.0
1.6643793551318637 44.0
1.705626685729398 44.0
1.778594171158421 43.0
1.7833126156248549 44.0
1.7895186532236795 43.0
1.810190040424223 43.0
1.835273715032605 44.0
1.8774455418672582 43.0
1.9061341050772576 44.0
1.9587128064151862 44.0
1.9874945700888598 43.0
1.9987438566106237 43.0
2.00673970840903 43.0
2.044542174000317 44.0
2.05010674401583 44.0
2.0556564158535666 43.0
2.1269211476082166 42.0
2.1322294696864934 43.0
2.1328581626713157 43.0
2.145271441761577 44.0
2.1714811066028634 45.0
2.2156123844506475 44.0
2.2596002044850994 45.0
2.2729480946039073 44.0
2.2749061914424122 45.0
2.27730227150489 46.0
2.3153366150866783 46.0
2.3370256059371712 45.0
2.340946336053431 45.0
2.343448015145425 45.0
2.348228618617038 46.0
2.35012673615898 45.0
2.3702211766908103 44.0
2.4207675903243318 44.0
2.449266491955168 43.0
2.4723430314189283 43.0
2.53029658443338 43.0
2.547509344664991 43.0
2.5600406661702277 44.0
2.5643922520123743 44.0
2.6055662461126468 44.0
2.616416229669934 45.0
2.622960407444327 46.0
2.6271775337439878 46.0
2.6595898443273467 46.0
2.66182027882327 46.0
2.6915697114964634 46.0
2.69417371607849 47.0
2.7722132281712994 46.0
2.8238205523060933 46.0
2.8297317629911194 46.0
2.86201663085354 47.0
2.8634839441706257 47.0
2.8651577954724377 46.0
2.8703496561148167 46.0
2.9251115685797044 47.0
2.9691350480259686 47.0
2.975517337276991 46.0
3.0120314448519703 47.0
3.074974310829824 47.0
3.090036005800486 48.0
3.096973744207166 47.0
3.1404494528995124 48.0
3.1443084029138144 48.0
3.160277128550114 47.0
3.160841032965019 48.0
3.191581616874353 49.0
3.2321534933237768 48.0
3.2752716623854203 49.0
3.3639611571544052 49.0
3.4011964744994936 48.0
3.4164338167501347 47.0
3.462516461226673 46.0
3.4638746869337615 46.0
3.4906384576699683 47.0
3.535465934400622 47.0
3.5411110769368648 48.0
3.556345769420983 48.0
3.617210624694675 47.0
3.6352751674484525 48.0
3.6385550095914447 49.0
3.7162047988059754 49.0
3.7293538946665485 48.0
3.7873926432063088 48.0
3.7945079298714086 49.0
3.8142264525931933 48.0
3.8418283731316145 48.0
3.8643473504092123 48.0
3.8677232376291917 47.0
3.9328038273912727 47.0
4.013493884911185 46.0
4.0555766646584805 46.0
4.059210489821394 47.0
4.113552375622982 47.0
4.17436234607805 46.0
4.210297268491924 47.0
4.219659885392694 46.0
4.260870183760341 46.0
4.315091125289761 47.0
4.373546250321116 46.0
4.385439141204359 46.0
4.411138829227547 45.0
4.42388724779157 46.0
4.4425780521518945 46.0
4.539943086986133 47.0
4.544119375301791 47.0
4.557049353314791 47.0
4.563511239580937 48.0
4.642972919621783 49.0
4.6570347778566985 49.0
4.6596228289083355 49.0
4.662852951530729 50.0
4.6639745603944025 49.0
4.693827321204757 49.0
4.72527037697985 48.0
4.764066837767134 49.0
4.777715452921605 49.0
4.9008879970663095 50.0
4.9059734048820465 49.0
4.91575100294597 49.0
4.990947901920259 48.0
5.02121271244732 49.0
5.022732780515458 49.0
5.030117285182505 49.0
5.034523664296613 48.0
5.169912253652949 48.0
5.210303941949851 49.0
5.250780325394758 49.0
5.254444454720679 50.0
5.305194637056829 50.0
5.307963757559414 50.0
5.36301595091469 50.0
5.410322715452231 51.0
5.427786519075096 51.0
5.446711114918508 51.0
5.447759239448956 52.0
5.488909250308096 53.0
5.492884124322332 54.0
5.55653995915509 55.0
5.6158156633653995 55.0
5.682992634102664 54.0
5.707989851978125 54.0
5.742297042336604 55.0
5.813513860617544 54.0
5.81399555996086 55.0
5.859484605088655 56.0
5.869355245446955 56.0
5.925639002158217 57.0
5.932173382725593 57.0
6.009032207039705 57.0
6.024936860395995 56.0
6.053753893205153 57.0
6.0630522557099455 56.0
6.10061724293952 57.0
6.179683844872799 56.0
6.233856867858696 55.0
6.276344602235987 55.0
6.27832252059706 56.0
6.284086129189076 56.0
6.298695407245 56.0
6.312725103154598 55.0
6.37054536994047 55.0
6.39489894003562 55.0
6.407936221590865 55.0
6.440469982676553 54.0
6.487639770451701 53.0
6.504000854363976 54.0
6.524373529532159 53.0
6.550619831007924 53.0
6.594247857212034 53.0
6.5980899960216846 53.0
6.599050867670401 54.0
6.601026672535543 55.0
6.626408618388246 56.0
6.689554026623363 56.0
6.69710796290639 56.0
6.716256902727286 57.0
6.747153816047204 58.0
6.747583271723323 59.0
6.761245961701929 58.0
6.770525571527881 58.0
6.79841816230686 57.0
6.812242175142457 56.0
6.882528220025131 57.0
6.912795538236412 57.0
6.91458107724476 57.0
6.919375809089141 57.0
6.984101534872861 58.0
6.985762787146531 59.0
6.98595747828079 59.0
7.019675333927725 60.0
7.107406988318693 61.0
7.118717223146225 62.0
7.134476978388366 63.0
7.143328213105932 64.0
7.167289751564954 65.0
7.282293409251198 64.0
7.454814450396462 64.0
7.516446790930076 65.0
7.51838601990563 66.0
7.5981086022646736 66.0
7.697556150459513 65.0
7.7561919721554915 66.0
7.77440372644193 67.0
7.84874927160321 67.0
7.917983861612689 66.0
7.963915132495438 66.0
7.985714239376493 65.0
8.001642689751712 66.0
8.057995369716933 65.0
8.08815148752593 66.0
8.18005594230162 65.0
8.204507890541342 64.0
8.262345707104824 64.0
8.292111088677078 64.0
8.293982911048074 65.0
8.310284887498797 66.0
8.318490306115855 67.0
8.331565017931732 67.0
8.332912370734348 68.0
8.341573726657801 69.0
8.344183442234568 70.0
8.480854158678328 71.0
8.570871494591888 71.0
8.59031467250462 72.0
8.66525743683746 72.0
8.675544811234044 71.0
8.821583148994488 72.0
8.90133099232989 73.0
8.938261504366716 72.0
8.95251347437293 73.0
8.979828653951117 72.0
9.046851752313934 73.0
9.08765204767618 74.0
9.295309180797071 74.0
9.305321404479972 75.0
9.36340018547695 76.0
9.418368292838482 76.0
9.500803398344646 77.0
9.50411255926503 78.0
9.551188082514926 79.0
9.559540555550164 79.0
9.560528236606864 79.0
9.629115778478138 80.0
9.680905305462511 81.0
9.843310637250074 82.0
9.91359178400048 82.0
9.988079928792118 81.0
9.992153522266586 80.0
10.006628558424305 81.0
10.045541787011476 82.0
10.100759298157532 81.0
10.100897286852728 82.0
10.212614370272734 83.0
10.289279765029884 84.0
10.416952720233715 85.0
10.543659189226098 84.0
10.57727006535922 85.0
10.59393748138375 84.0
10.742891197653458 83.0
10.877209740050988 82.0
11.04091225057771 83.0
11.100635675404725 84.0
11.29084249828618 83.0
11.31429099251789 84.0
11.394128706182489 85.0
11.440416331255198 84.0
11.687131216631407 85.0
11.691474440031305 84.0
11.89988482870704 83.0
11.946887837943127 84.0
12.025411957540491 83.0
12.043934530963595 84.0
12.186440794051094 85.0
12.219540388389023 86.0
12.622186758274346 85.0
12.639351854340758 86.0
12.759634458757617 87.0
12.857673125073898 86.0
12.92563985871981 87.0
12.93756538432208 86.0
13.01796566433865 85.0
13.07306713473592 86.0
13.193676887587314 85.0
13.228727810803095 84.0
13.32969980171678 85.0
13.595286787341275 86.0
13.847002454289836 87.0
13.92404971403129 86.0
14.030464586095553 87.0
14.201354229911837 86.0
14.237788222397871 85.0
14.26194529255223 86.0
14.30124326444216 85.0
14.554492396258055 86.0
14.926943735782379 85.0
15.079557795646357 86.0
15.205464940304708 87.0
15.348048722216632 88.0
15.437260949758407 87.0
15.494137081824775 88.0
15.520688792405577 87.0
15.569045236540974 86.0
15.602560484258833 85.0
15.641114523890343 86.0
15.889987080281466 85.0
15.931750984245308 86.0
16.038697641377347 87.0
16.205633743719293 86.0
16.22139016198603 87.0
16.257609586009902 86.0
16.536475478925837 85.0
16.752405828563912 86.0
17.023037550659488 87.0
17.12126263799798 86.0
17.143524543829074 87.0
17.171117381458853 88.0
17.273647536333197 89.0
17.76381210143316 88.0
17.902825084045944 87.0
17.932154438770077 86.0
17.933145769215045 85.0
18.22628564864362 86.0
18.560319651006395 87.0
18.745501457791505 86.0
19.037927686094317 87.0
19.03912490682587 88.0
19.2185346586041 87.0
19.334667204103923 86.0
19.393459616441326 87.0
19.413683706454496 86.0
19.570911583414393 85.0
19.926454907997083 86.0
20.019844413109944 87.0
20.211546748133266 86.0
20.25182162135942 87.0
20.670669104336024 88.0
20.82753661026148 87.0
21.045084527755655 88.0
21.104842896196384 87.0
21.191274982347547 88.0
21.380435027509456 89.0
21.794673675697812 88.0
21.919184313148662 89.0
21.9811559265746 90.0
22.09528302792004 89.0
22.272284896909884 88.0
22.60140944837276 87.0
22.775879644603354 86.0
23.09644629138866 86.0
23.153745137977527 85.0
23.34364136596273 84.0
23.39440113923992 83.0
23.429170827008768 82.0
23.502910381013976 81.0
23.544124987593673 80.0
23.62449514352583 80.0
23.67692832863864 79.0
23.76297438699393 80.0
23.776919664036015 79.0
23.786171629668686 80.0
24.015683714639536 79.0
24.199874031768807 80.0
24.325627433186067 79.0
24.434227311144006 80.0
24.478767797103348 81.0
24.48782781165834 80.0
24.532001922858647 80.0
24.65093724614095 80.0
24.65968252796581 79.0
24.682556511102938 79.0
24.685874168370955 79.0
24.690828430828073 80.0
24.829262445446346 81.0
24.859844865613784 82.0
24.869031995130445 83.0
24.889130640169135 84.0
24.905450493392273 85.0
25.034123320093425 84.0
25.12099292988012 83.0
25.127869072231952 84.0
25.19749602988735 84.0
25.239904045775692 83.0
25.267667179834543 82.0
25.404362070962097 83.0
25.498745445976734 82.0
25.598494871233008 81.0
25.628687170128686 80.0
25.657353691795464 79.0
25.711068124089152 80.0
25.858082986604423 79.0
25.9496885052847 79.0
25.99843494569105 80.0
26.013950973933316 81.0
26.066629304227703 82.0
26.22575550559319 81.0
26.32913353261395 80.0
26.450796714708453 81.0
26.471256296301462 82.0
26.495506447135707 81.0
26.547297152829277 80.0
26.5665319305702 81.0
26.703015768076998 82.0
26.786087038508022 81.0
26.969717894335744 80.0
26.973232213160934 79.0
27.00601923468255 80.0
27.039413497377407 79.0
27.1296236176764 80.0
27.156725680085824 81.0
27.17258955543581 82.0
27.173628847834276 83.0
27.177621924994067 84.0
27.245191258397455 83.0
27.315333376088365 84.0
27.32003127677129 83.0
27.44890347289235 84.0
27.49852169665568 85.0
27.70786719655062 86.0
27.73480220079535 85.0
27.813807556144944 84.0
27.982857073525818 83.0
28.044141622571807 84.0
28.1464968114998 85.0
28.281300203293082 84.0
28.318566649644122 85.0
28.529936191489725 86.0
28.658039401318113 86.0
28.84455283791101 87.0
28.930557001583743 86.0
29.088573734121912 87.0
29.172199722898682 87.0
29.515157275603578 86.0
29.60928123392539 85.0
29.62432036357989 86.0
29.78154638170315 87.0
29.88033823349852 86.0
30.079828684986094 85.0
30.1365773048998 86.0
30.14673921613241 85.0
30.27718832136445 86.0
30.662471039554394 85.0
30.72957107959158 86.0
30.91721571823038 85.0
30.98424596341989 86.0
31.238310841163415 86.0
31.363421809402144 85.0
31.522977409899532 84.0
31.622907574264577 83.0
31.627408911726597 82.0
31.703808556598766 82.0
31.745739685190177 81.0
31.923568228245927 80.0
31.999739795852072 81.0
32.02987180665818 80.0
32.038673792424 81.0
32.06381320077052 80.0
32.064451606421876 81.0
32.09170762659221 82.0
32.71002172429754 81.0
32.96383889392506 82.0
33.08823202619428 83.0
33.20233252456158 84.0
33.28309739782387 85.0
33.539862581086325 86.0
33.58106975240725 85.0
33.6106094474622 84.0
33.80211245298211 85.0
33.80808081179758 84.0
33.86739527409664 83.0
33.96804999752023 82.0
34.217187775329315 83.0
34.2281644458952 84.0
34.23712273461089 83.0
34.256414369674566 82.0
34.27931996308613 82.0
34.344529395207964 81.0
34.36393154959048 82.0
34.37041793842012 81.0
34.424363169130395 80.0
34.468368617966824 81.0
34.49327424570265 80.0
34.809547133975805 79.0
35.027415291474014 78.0
35.061751077753534 79.0
35.12453755456379 80.0
35.13906068655119 81.0
35.158588763759305 82.0
35.21339218419352 83.0
35.239294486829 82.0
35.29544392951326 81.0
35.32556183521155 82.0
35.33712376969719 81.0
35.447994547929795 80.0
35.53978016705931 79.0
35.5432694032454 80.0
35.57447758456611 79.0
35.59160782604647 80.0
35.687718171807106 79.0
35.69869567806926 80.0
35.77040417218786 81.0
35.77525239533393 80.0
35.85265519474228 79.0
35.88696985922715 80.0
35.93367963012227 79.0
35.9678032975461 78.0
36.05998635184859 77.0
36.087247900749304 78.0
36.12240402523267 79.0
36.184299194873034 80.0
36.342277533967284 81.0
36.38775837656989 82.0
36.6221000067166 83.0
36.71936814398907 84.0
36.86703991451758 85.0
36.96984125563582 84.0
37.08451389821549 83.0
37.15313459277135 83.0
37.203711589672125 84.0
37.367016227902305 85.0
37.66090998974967 86.0
37.69358877288476 85.0
37.70987200455152 86.0
37.84489390465902 85.0
38.06835719347544 86.0
38.20179686552053 85.0
38.29222094265443 86.0
38.5297237131842 87.0
38.73967350674854 86.0
38.83187128914536 86.0
38.864367796546105 85.0
38.90990724914236 84.0
39.03710285848123 85.0
39.094588244906056 85.0
39.19964735168857 86.0
39.307100155962026 85.0
39.33641412732589 86.0
39.37199328280706 87.0
39.52219379671007 88.0
39.716575971989364 89.0
39.79931826246982 88.0
39.89057870310786 87.0
40.00300120547827 88.0
40.011611699865675 89.0
40.0538078449265 88.0
40.25824042515678 87.0
40.266508386995575 86.0
40.399991891771826 87.0
40.49532427633225 86.0
40.56099587823974 85.0
40.5892532929306 86.0
40.632030866894645 85.0
40.79558049562701 86.0
40.82743457956575 87.0
40.851191162884 86.0
40.95685398018364 85.0
41.06392352187877 84.0
41.12392586165168 85.0
41.193628265336386 84.0
41.50267074182728 83.0
41.616329068464744 84.0
41.749511664201194 85.0
41.946053381303216 84.0
42.074810552466914 83.0
42.18332347346418 84.0
42.42109552033561 83.0
42.58884436828382 84.0
42.620052805893245 84.0
42.6369323272548 85.0
42.730505986425314 84.0
42.98652650652216 83.0
43.020695620916165 84.0
43.061186818558895 83.0
43.125541762188504 84.0
43.150985573578495 83.0
43.308302447685435 82.0
43.30991509365706 81.0
43.408776976282965 82.0
43.45582037557678 83.0
43.56894064188826 84.0
43.569367143459196 85.0
43.58997092825089 86.0
43.60417640089618 87.0
43.76574392150294 86.0
43.79793741454248 87.0
43.89771555516962 86.0
43.93050342225677 85.0
43.93361931376537 84.0
43.954403916545516 83.0
44.131230475310346 82.0
44.2057243281962 83.0
44.24461744577479 84.0
44.24611432039139 83.0
44.32572403361778 84.0
44.36430005383122 83.0
44.52738280114958 82.0
44.767781431372086 81.0
44.79625340077356 82.0
44.808400136289286 83.0
44.91368655234478 83.0
45.04931083208014 82.0
45.19650487668378 82.0
45.257139847256 83.0
45.33663004212543 83.0
45.37706441441935 84.0
45.52360240841148 83.0
45.54024592266297 84.0
45.5711559607825 85.0
45.600525750867924 84.0
45.69228024577769 83.0
45.77227003551847 82.0
45.9291138478672 82.0
45.96277912833976 83.0
46.09092118998802 82.0
46.12288872906618 81.0
46.191222299000415 80.0
46.19563960822339 81.0
46.2413198631069 80.0
46.26214631115661 81.0
46.29251219533854 82.0
46.30773755281004 83.0
46.34520779818627 82.0
46.389801090432 81.0
46.3929881465229 82.0
46.43897664340906 83.0
46.444362285734876 84.0
46.64804157214781 84.0
46.76285105396894 85.0
46.87227075866815 86.0
47.13226753120985 85.0
47.165562903182085 84.0
47.252865918716786 85.0
47.475446782059876 86.0
47.6747372200641 85.0
47.81996023958432 84.0
47.84408406146816 85.0
48.1841926831122 84.0
48.237015400768286 83.0
48.254592708542205 84.0
48.43904696159463 83.0
48.478180713444424 84.0
48.48851460534956 85.0
48.642299468378106 86.0
48.70367685246766 87.0
49.06756164951408 86.0
49.40776659911122 87.0
49.434763731029044 86.0
49.59603121829062 85.0
49.74689464698174 86.0
50.26875513092716 87.0
50.36678977026306 86.0
50.36722456874687 87.0
50.407980280382105 86.0
50.66586733286619 85.0
50.679078029724025 86.0
50.876304241752955 87.0
51.157527670654396 86.0
51.169726505206796 85.0
51.19826504433244 84.0
51.24184680297417 85.0
51.4374232372581 86.0
51.45487094825147 85.0
51.48540453118575 86.0
51.75756246911542 87.0
51.876650058771766 86.0
51.967151215550366 87.0
52.087787846884346 86.0
52.09109718688513 85.0
52.14123375911331 86.0
52.20586068582423 87.0
52.50304346401493 87.0
52.63073967774609 87.0
52.737239336361554 88.0
52.765121369165165 87.0
52.97467117271587 86.0
53.14502620005156 85.0
53.4172871774071 85.0
53.43921887786571 84.0
53.511267325793135 83.0
53.53974978760119 83.0
53.54957777130734 82.0
53.821073050827664 82.0
53.85520196142851 83.0
53.96918211380295 84.0
54.096566657174776 83.0
54.31286246775519 82.0
54.60296744841194 81.0
54.619502348925444 80.0
54.764982787894105 81.0
54.84556831241948 82.0
54.8594522149773 83.0
54.870359880685264 82.0
54.876882322925645 81.0
54.99842876287878 80.0
55.13744588417057 79.0
55.28150217796822 80.0
55.295436875730275 81.0
55.320561849393414 82.0
55.34671539499975 83.0
55.3469166039481 82.0
55.367217038630464 81.0
55.52306054697775 82.0
55.55704086921959 81.0
55.6312296895586 80.0
55.6788513516672 79.0
55.71055786267969 80.0
55.9251368760147 81.0
55.97383765770374 80.0
56.03226877721963 81.0
56.126772535440566 80.0
56.14172249968533 79.0
56.19612883431642 80.0
56.27344986128323 81.0
56.42492297330409 80.0
56.46373547413418 81.0
56.483387758229945 82.0
56.665266379146196 81.0
56.694444274205686 80.0
56.82336025384664 81.0
56.86825061022511 82.0
57.18563943927779 81.0
57.24682504925596 82.0
57.464696889963946 83.0
57.491095853378575 84.0
57.61095996254288 85.0
57.73563053969407 86.0
57.7357966414829 85.0
57.97388335584576 84.0
58.00105891607041 85.0
58.06104245955869 86.0
58.14930868436257 85.0
58.15937889650838 84.0
58.310278907900155 85.0
58.42226917461501 84.0
58.45434245185579 85.0
58.487486770207624 84.0
58.55650226028682 83.0
58.628918186086636 84.0
58.64238361353458 85.0
58.64863081909273 86.0
58.761974432063234 87.0
58.791777786473176 88.0
58.83125811897698 87.0
59.17003850425303 86.0
59.47145780314338 85.0
59.58197334544844 84.0
59.59731616156314 85.0
59.61531355574192 84.0
59.65482663094391 83.0
59.676098232266796 83.0
59.733678310140164 82.0
59.768663596782694 81.0
59.786730372207785 82.0
59.829889136853 83.0
59.93225357190551 84.0
60.36783194472143 85.0
60.41414418720444 85.0
60.542398073361795 85.0
60.556707494960605 86.0
60.61519522548786 85.0
60.63805195566234 84.0
60.68822597692197 84.0
60.69869924136279 85.0
60.71680860970126 86.0
60.78479086200185 85.0
60.84122597723015 84.0
60.93067534235365 85.0
61.03614930153395 86.0
61.05229158084645 87.0
61.26671196809727 86.0
61.30398592930578 87.0
61.58846995610085 88.0
61.89051406702912 87.0
62.18685124471554 86.0
62.282651240588464 85.0
62.467583579194255 84.0
62.88165112433863 85.0
63.066202612343965 84.0
63.08015994193772 83.0
63.08600735525389 82.0
63.14567617266416 83.0
63.406541917040556 84.0
63.70509937377115 83.0
63.714891883105714 83.0
63.75467642008574 84.0
63.81567189594276 83.0
63.94084354197225 82.0
63.975943858272586 81.0
63.9890240656098 82.0
64.06923747183474 83.0
64.15353104113845 84.0
64.26277322782065 83.0
64.33603336427954 82.0
64.37965444005192 83.0
64.38199409903572 84.0
64.5978838107896 85.0
64.60166510775176 86.0
64.6678621678928 85.0
64.82076338669347 84.0
64.84060419505015 83.0
64.87980453101653 84.0
64.92515320880506 85.0
65.11413645130615 86.0
65.13627606675092 87.0
65.19721227226661 88.0
65.26977116009856 89.0
65.30626814278136 88.0
65.4316662797267 89.0
65.69146774907396 88.0
65.72897088596885 87.0
65.83545155917106 86.0
65.8670411614008 85.0
65.87095987637728 84.0
66.18171406385582 83.0
66.20110973243504 84.0
66.25361479059633 83.0
66.31617996139347 82.0
66.39747690832338 81.0
66.41606815917359 82.0
66.42309864430354 83.0
66.47101708625237 84.0
66.80540526589589 83.0
66.82036623031627 84.0
67.13348437128376 85.0
67.20571309924344 84.0
67.28816340177386 83.0
67.30371097074254 82.0
67.39163291603572 83.0
67.42078775264434 84.0
67.48457036503001 83.0
67.49108218768424 82.0
67.58453344703636 83.0
67.5949019637503 82.0
67.64398932101685 83.0
67.64652112843143 82.0
67.75752125790426 83.0
67.94018782951441 82.0
67.99280307861659 81.0
68.07047826592202 82.0
68.087040657363 83.0
68.14677215220286 82.0
68.33510341983933 83.0
68.39819535627562 84.0
68.49379034249118 85.0
68.50545692679704 84.0
68.61805019590838 83.0
68.63341068810927 84.0
68.6482263988133 83.0
68.686450245632 82.0
68.70847679009559 83.0
68.7292873462269 82.0
68.82153570708039 83.0
68.97364160730324 82.0
68.98676946570644 81.0
69.01245228574226 82.0
69.03590603773269 83.0
69.0512642379568 82.0
69.15583260951033 81.0
69.21582746032618 82.0
69.26621763424465 82.0
69.28387449248136 81.0
69.43591038950078 80.0
69.46289721516759 79.0
69.470639391848 78.0
69.5583087483702 78.0
69.57740918780719 79.0
69.62616397402623 78.0
69.62831552442093 79.0
69.65887772707703 80.0
69.67643626515927 81.0
69.71716496823254 80.0
69.7741872441529 79.0
69.77909763352963 80.0
69.78956539405117 79.0
69.842235478033 80.0
69.94964976673134 81.0
70.16666010691095 80.0
70.21395773383597 81.0
70.25843687781693 82.0
70.3040825661839 81.0
70.3914147529295 80.0
70.3972869027809 79.0
70.42785335664105 80.0
70.43078982828045 81.0
70.63261365251832 80.0
70.64166377525618 81.0
70.7178808651979 82.0
70.73110190301803 83.0
70.74352747938927 84.0
70.7758181206098 85.0
70.92737405262496 84.0
71.10974545311814 85.0
71.20133729289408 84.0
71.23241150922935 85.0
71.67827536966718 84.0
71.79720358367467 85.0
71.83919751522026 86.0
72.07703772459446 87.0
72.16383875713802 86.0
72.17272831323824 85.0
72.21711591974845 86.0
72.39392420695599 87.0
72.46360639741445 86.0
72.4681878465069 85.0
72.56525648319203 84.0
72.60092779138401 85.0
72.89346451812894 84.0
73.00832719919035 85.0
73.02629826554438 86.0
73.11174614817403 87.0
73.21506292027256 86.0
73.28174861643488 85.0
73.40841136245521 84.0
73.43598237501784 85.0
73.4537113625485 84.0
73.56709556853292 83.0
73.64424578548646 82.0
73.68927087050743 81.0
73.72734688137515 80.0
73.88956047616794 81.0
74.01033906158432 82.0