0.0 35.0
0.05398520355897072 35.0
0.12315428305560239 34.0
0.19095262955711348 33.0
0.21276724787047985 32.0
0.2362197155499473 31.0
0.25859664645451086 31.0
0.2680123842859864 31.0
0.4130067712786185 30.0
0.41459968660954133 31.0
0.42473993588553605 31.0
0.47708788883163783 31.0
0.5132870371542758 30.0
0.5279570394610411 29.0
0.5598184997172353 28.0
0.5789600995461014 27.0
0.5924799199393741 27.0
0.5942809551359488 27.0
0.631756025261606 28.0
0.6571152288066452 29.0
0.7614796624682878 30.0
0.8079482142634955 30.0
0.8409376129305048 30.0
0.8415698246208583 30.0
0.8433079231983472 31.0
0.8508402719770011 31.0
0.8759799872931954 31.0
0.9040938609055815 31.0
0.9343415684048056 32.0
0.944171006119859 32.0
0.9457733809864537 33.0
0.9591166784690256 33.0
0.9666392087992717 34.0
0.9922161635974108 34.0
1.0272022493621702 34.0
1.071544352066432 35.0
1.1072597011184828 34.0
1.1321189099409934 34.0
1.1837836444124652 34.0
1.2113860344730778 34.0
1.231899836960245 35.0
1.2638794653186494 34.0
1.2758088673071848 35.0
1.345420961504817 34.0
1.467153161234364 33.0
1.468857008239172 33.0
1.4703193588222283 33.0
1.5009048373134866 32.0
1.5356853991991986 33.0
1.5704022753815885 33.0
1.6862408705584166 34.0
1.7745020530582196 35.0
1.8022077255780196 36.0
1.8482297149316658 36.0
1.8508152553434913 36.0
1.8587491295986447 35.0
1.920033552841885 35.0
1.9486652280285603 35.0
1.9726014467646216 35.0
1.973353055046711 34.0
2.058326989548967 34.0
2.092406589515625 34.0
2.1420314914415144 33.0
2.148491945471355 34.0
2.1558966279666634 33.0
2.173669764172135 34.0
2.199318741655833 35.0
2.261584990012818 34.0
2.275610624318064 35.0
2.280100842495124 34.0
2.334453174141814 35.0
2.34615323275843 36.0
2.349392282298049 35.0
2.364225946577849 35.0
2.388521538885178 35.0
2.4026104079185076 35.0
2.455146453362227 35.0
2.4987424912361136 35.0
2.5103720787518693 34.0
2.5309601538500495 34.0
2.60902074446355 33.0
2.6215500371711933 33.0
2.638063269840044 34.0
2.6514280792334337 33.0
2.6554910969544814 32.0
2.7092968188787223 31.0
2.7100070140131343 31.0
2.72974916528311 31.0
2.7397791977785904 31.0
2.7474174469711765 30.0
2.757228380009747 29.0
2.7778055884776474 29.0
2.856800540437483 28.0
2.8812140378990865 28.0
2.9442830954100416 29.0
3.0313856623677653 29.0
3.079102519619115 29.0
3.104099083389311 30.0
3.1053582373538244 31.0
3.1326555300623116 30.0
3.169473367490217 30.0
3.175366574923556 31.0
3.2455509727682053 30.0
3.248929826764776 29.0
3.258602198542698 30.0
3.2602490770638433 31.0
3.276808851208964 32.0
3.328868534575502 32.0
3.3363321939164994 32.0
3.41164094081989 33.0
3.4299326304401134 33.0
3.465876044918488 33.0
3.4919804234171443 32.0
3.496731364717297 31.0
3.497215282576289 31.0
3.5114161286529146 32.0
3.5746956645493224 32.0
3.6118673088653215 32.0
3.685792441796663 32.0
3.7133815171559714 32.0
3.7754477454790205 33.0
3.837269093545197 34.0
3.8497498126684766 34.0
3.856321294462693 34.0
3.914892544518526 33.0
3.9784907165130114 33.0
4.020152941305984 34.0
4.044513190472043 33.0
4.060998454880675 33.0
4.092172688266055 32.0
4.103275114144906 31.0
4.199895163525381 31.0
4.200587742277164 31.0
4.2137361988943 31.0
4.336987690484607 30.0
4.373392341464569 30.0
4.443414522398891 31.0
4.445523957273495 30.0
4.473317421509548 30.0
4.479746622853885 29.0
4.494296133483155 29.0
4.498277493190423 29.0
4.625697678920816 30.0
4.6369809331480685 30.0
4.645713000831728 30.0
4.717891727052928 29.0
4.726902855184705 29.0
4.765496082188701 30.0
4.808372933693739 30.0
4.810296031104816 30.0
4.846569282194894 30.0
4.851009522502705 29.0
4.943204589501419 28.0
4.949207766705858 29.0
4.966192703659706 28.0
4.9716575879174405 28.0
5.004421864219391 27.0
5.005012687558439 28.0
5.02014168402334 28.0
5.021451154799155 28.0
5.112010459341906 28.0
5.119151184678633 29.0
5.127247380626338 29.0
5.16225876392732 28.0
5.178025464841209 28.0
5.190000125010041 29.0
5.204843844219021 30.0
5.214539303583293 31.0
5.290225208297243 30.0
5.333671739793863 31.0
5.376546095642609 32.0
5.377661820226891 32.0
5.408027398684513 32.0
5.4317764002573075 33.0
5.467685927504222 34.0
5.469243414764241 34.0
5.477954618902481 34.0
5.495100795504576 33.0
5.502031170052205 32.0
5.527159357612357 31.0
5.602922003254203 32.0
5.628523449322283 31.0
5.656642855919355 31.0
5.681423298930923 30.0
5.691779139050495 30.0
5.735891243602397 31.0
5.740901495745178 30.0
5.785282296721487 29.0
5.826689818698056 29.0
5.827611516623199 28.0
5.828063945489278 29.0
5.857362304048837 30.0
5.872269641097889 31.0
5.9362655378377545 31.0
6.02904010399459 32.0
6.067792922090292 32.0
6.109719813001805 32.0
6.110800510768177 31.0
6.146773327420706 30.0
6.170536099441624 29.0
6.176101739170089 30.0
6.212885054405516 30.0
6.225551196102653 30.0
6.277150296342413 31.0
6.283177420676344 31.0
6.292799426786912 31.0
6.322745687881367 32.0
6.3471926893592325 32.0
6.368791315897702 32.0
6.41498206306024 33.0
6.417359382970232 34.0
6.472823929470711 34.0
6.49594474213464 34.0
6.515485518167359 33.0
6.596745740525949 33.0
6.636986025594224 33.0
6.637256789435394 32.0
6.668207569109102 32.0
6.706403731071257 32.0
6.847908610700178 32.0
6.890653678571189 33.0
7.03843906328634 33.0
7.082099593567901 32.0
7.0910568154277795 31.0
7.138154476484964 31.0
7.17418134800919 31.0
7.210548866507334 31.0
7.222149561055513 31.0
7.233407502895868 31.0
7.305564114418876 31.0
7.320985799929584 31.0
7.328845980844313 31.0
7.334122581289909 30.0
7.398842186196353 30.0
7.412230562613104 30.0
7.422461192843766 31.0
7.470763616471816 30.0
7.4881648985587255 30.0
7.520894456295883 30.0
7.5699160082639665 29.0
7.583347373513613 30.0
7.606964965871436 29.0
7.609894362780972 30.0
7.628960465418903 30.0
7.661611319412719 30.0
7.689393851919192 31.0
7.734877196720517 32.0
7.735499665356729 33.0
7.741639542591612 32.0
7.755553160180833 32.0
7.818829585779941 32.0
7.840953574043552 32.0
7.8551341172711515 32.0
7.862823850140917 31.0
7.900879439724063 32.0
7.9334431207584215 33.0
8.011061101396587 32.0
8.026011226932665 31.0
8.059264980706756 31.0
8.07449285306734 30.0
8.099286369234276 30.0
8.10980628692817 31.0
8.146430578474684 30.0
8.151330634003957 31.0
8.203718867855654 30.0
8.203810468696075 31.0
8.208452400570637 31.0
8.23327418266777 32.0
8.272776980072335 31.0
8.300229959785371 30.0
8.313269640568915 31.0
8.319825554980634 30.0
8.326824067695322 31.0
8.330650892670054 30.0
8.340472597565386 29.0
8.37646728115562 28.0
8.471493875317385 29.0
8.520133253807213 30.0
8.62507892621639 29.0
8.649554564769767 29.0
8.700402741893031 28.0
8.715884849923565 27.0
8.738493142014182 27.0
8.750163325242593 26.0
8.753229087959436 26.0
8.781944592831701 25.0
8.799475653995605 25.0
8.845505562688686 26.0
8.84787804661275 27.0
8.876010694215532 27.0
8.909926304859734 28.0
8.965621380177415 28.0
8.967075217462646 28.0
8.996117823095364 28.0
9.011379054333746 28.0
9.044288183817178 28.0
9.058422587089382 28.0
9.108773664387963 27.0
9.114155290753343 28.0
9.142090996441976 27.0
9.158926822563261 28.0
9.160343300791368 28.0
9.201844336211522 27.0
9.302427585700991 28.0
9.318390506444256 27.0
9.318492772881555 26.0
9.326728424006452 27.0
9.340349428387743 28.0
9.357547148484306 27.0
9.36305795152437 28.0
9.394200589699054 29.0
9.432430283892174 29.0
9.453245922622827 29.0
9.467719728812783 28.0
9.498074069300973 28.0
9.53023963781729 28.0
9.65821867667473 29.0
9.724398746674664 28.0
9.791070364017912 28.0
9.94064944279396 28.0
9.997839127490495 28.0
10.007483015734195 27.0
10.008706358819241 27.0
10.051088456051982 27.0
10.051628047674031 27.0
10.089973325757503 27.0
10.112754943842557 26.0
10.188351542311993 27.0
10.188909042926996 27.0
10.206037012967235 27.0
10.253941027300769 27.0
10.269800941266064 27.0
10.281590310116908 27.0
10.383049751154902 27.0
10.388841013538322 26.0
10.404676903059423 26.0
10.40727792661445 26.0
10.409555320495986 26.0
10.48122688567604 25.0
10.486702681392892 25.0
10.50030175842957 25.0
10.51186406426045 26.0
10.52056499493045 25.0
10.528259763047185 25.0
10.536585396433564 25.0
10.551721090588098 26.0
10.653045755967925 26.0
10.675873663876434 26.0
10.696077010869715 26.0
10.74958027513254 26.0
10.754635635773058 27.0
10.7663462215828 26.0
10.766967046321989 27.0
10.814355887257168 27.0
10.822429338320445 28.0
10.863335866909885 28.0
10.875465097588988 28.0
10.879574528899203 27.0
10.88964329285132 28.0
10.891005061077824 27.0
10.925201685486414 26.0
10.946322741356914 27.0
10.950239930048657 27.0
10.959760289368944 27.0
10.986153387524164 28.0
11.04191629752899 27.0
11.125530555643175 28.0
11.13403163686423 28.0
11.17217621656708 29.0
11.234094641769452 29.0
11.24709280634455 29.0
11.327929628303432 29.0
11.409319026887896 29.0
11.449168730712936 29.0
11.453484924164586 29.0
11.471515185579847 29.0
11.478247140602019 28.0
11.487426928155253 28.0
11.53261828028551 28.0
11.60383089921402 27.0
11.613595712102542 26.0
11.645904221639253 25.0
11.654089713646455 25.0
11.730053315133041 24.0
11.73400035689288 24.0
11.75022812309361 25.0
11.809174597649745 25.0
11.816595076263297 25.0
11.825235644793208 24.0
11.834802343499279 25.0
11.867069331432399 24.0
11.886925133288951 24.0
11.887545826721873 23.0
11.913361932801545 24.0
11.942621795910375 24.0
11.946444878893212 24.0
12.176231600788036 24.0
12.213252151232115 23.0
12.219708255415872 23.0
12.262343456149377 24.0
12.269844995112091 24.0
12.34488549790806 25.0
12.36952464943711 24.0
12.456261649768448 25.0
12.458277677284979 24.0
12.458498264947126 24.0
12.4738551192606 24.0
12.521622907355157 25.0
12.54318503686486 26.0
12.590805818832505 27.0
12.640002372692203 27.0
12.748315986856577 28.0
12.80861278813614 29.0
12.818217988577414 28.0
12.881354393801463 29.0
12.885608025959828 29.0
12.9025678306846 28.0
12.920475958398681 29.0
12.929863234760923 29.0
12.958057702225544 28.0
12.961194108478505 27.0
13.03180768962586 26.0
13.044969627101876 26.0
13.05897519202645 25.0
13.117751385470147 25.0
13.129890296475633 25.0
13.134107219277919 25.0
13.172955921782933 26.0
13.196127332842304 27.0
13.210451114794111 27.0
13.243439863089149 27.0
13.25086500558217 28.0
13.266691172571452 28.0
13.332252307956225 29.0
13.339820360190842 28.0
13.345587952065017 28.0
13.352175417718046 27.0
13.352708111308278 27.0
13.394372535076437 26.0
13.453350218278205 25.0
13.456912813881267 25.0
13.46161410656068 24.0
13.517759797208486 23.0
13.534960029332453 24.0
13.557481122942209 24.0
13.576780109818193 25.0
13.586669299263885 24.0
13.650775702480948 25.0
13.683820869188938 24.0
13.709037840462967 25.0
13.723805390467168 25.0
13.768120093389312 25.0
13.772117770998918 24.0
13.780985024121447 25.0
13.799488639325146 24.0
13.830673021122916 24.0
13.84205033003878 24.0
13.909260333854473 23.0
13.923909843864122 23.0
13.928193319963176 23.0
13.946730688627424 24.0
13.989690269097382 25.0
14.011115719717187 26.0
14.013061631549718 27.0
14.0145922555215 27.0
14.01537838264748 27.0
14.033418916959706 26.0
14.059812291991417 27.0
14.063730516141897 26.0
14.078115452853753 26.0
14.08406734248677 27.0
14.128000722465151 27.0
14.140869305792261 27.0
14.254571500993329 27.0
14.28349143827446 28.0
14.349862657005927 29.0
14.351987112634633 29.0
14.365159747053557 29.0
14.44104817343398 28.0
14.570767232193425 28.0
14.610775638420261 27.0
14.614357116689344 27.0
14.637044710243087 26.0
14.641782189077585 25.0
14.65182079706142 24.0
14.665590409066155 24.0
14.676785382558753 25.0
14.69462342113693 26.0
14.707127224413687 26.0
14.710421480487684 27.0
14.712296736373878 27.0
14.748309871963421 28.0
14.796424758572392 28.0
14.801867331296057 29.0
14.802121157323853 28.0
14.808958786684217 28.0
14.823917897765435 29.0
14.833694284391889 28.0
14.868284537638655 28.0
14.886342776370645 27.0
14.917777453442778 28.0
14.953224391801347 28.0
14.993676933340346 27.0
15.013541289066417 27.0
15.01403612267441 27.0
15.068045972932588 27.0
15.094156431129461 28.0
15.185445685182453 29.0
15.204442101540685 29.0
15.224559303248077 29.0
15.235667216114555 30.0
15.246616207769529 31.0
15.271372833569524 30.0
15.281368640713753 31.0
15.286941166534845 31.0
15.289229700183823 30.0
15.290587029397145 29.0
15.305209644311647 29.0
15.312398980121582 28.0
15.325588845170428 28.0
15.35363479132202 28.0
15.397966123642425 28.0
15.408619691807775 27.0
15.439922395221275 27.0
15.45051688971939 27.0
15.47137495781341 26.0
15.482358015446398 26.0
15.496183654415951 27.0
15.503930661140377 26.0
15.546175450768537 26.0
15.559635293984996 26.0
15.583465509521991 27.0
15.606329281729503 27.0
15.644616425208957 28.0
15.662647475233234 29.0
15.664451817434761 28.0
15.72168952922664 27.0
15.738971204439329 27.0
15.769527519230083 27.0
15.797203505558672 27.0
15.87230365879555 26.0
15.881828354420621 26.0
15.931701484177534 25.0
15.938688444760386 25.0
15.99666948895732 25.0
16.021585601984373 26.0
16.051221281070514 25.0
16.05463087872758 25.0
16.056201212484336 25.0
16.104941211615092 25.0
16.11336144468354 25.0
16.145864140205596 26.0
16.155581542723983 26.0
16.157551363356085 27.0
16.194094074935244 28.0
16.198557614899624 28.0
16.202929578216416 27.0
16.237935230066647 26.0
16.253080273536646 26.0
16.26456009881955 25.0
16.279887147247187 26.0
16.341417314558115 26.0
16.38011527418272 27.0
16.401672557286776 27.0
16.40599017620205 27.0
16.448248524830557 26.0
16.545885022768942 26.0
16.599589524480894 25.0
16.626789909660737 24.0
16.69557811231209 23.0
16.695729947579416 23.0
16.720059489048552 23.0
16.7319434913895 23.0
16.73707885333518 22.0
16.752077403429382 22.0
16.785153348749215 22.0
16.85020122476764 21.0
16.92806261485109 20.0
16.930181285200554 19.0
16.94019180362972 19.0
16.941769665629007 19.0
16.987356354083126 18.0
16.989733494988045 18.0
17.027849829055427 18.0
17.069434417462897 18.0
17.096440981469858 19.0
17.0978557229482 20.0
17.12653396590529 20.0
17.164652203832368 19.0
17.219710957503164 20.0
17.256969285691035 20.0
17.261447503589064 20.0
17.308353858108436 20.0
17.339948170005517 20.0
17.37162369839637 20.0
17.375074102810203 21.0
17.381877543742352 22.0
17.444174083246313 21.0
17.45553245272621 21.0
17.534294092600902 22.0
17.560075300565906 23.0
17.560521684532485 22.0
17.613144911152066 22.0
17.628016582985612 22.0
17.63854498920353 23.0
17.734858196448844 23.0
17.750253233312907 24.0
17.784856105292448 25.0
17.794192439865956 25.0
17.79563579499927 26.0
17.795808680131614 26.0
17.81037006820191 25.0
17.835271127507433 25.0
17.849392811162353 25.0
17.87969019373318 25.0
17.883174682626546 24.0
17.902205648655467 23.0
17.977603113131664 23.0
18.051778466820316 23.0
18.057413439387172 24.0
18.078753474718 25.0
18.101115567102394 26.0
18.213887883504086 27.0
18.233763687561968 26.0
18.36916642804718 26.0
18.371676869244883 25.0
18.385707762233015 25.0
18.40224249055656 25.0
18.444006142428215 25.0
18.45162294781736 24.0
18.51250688870537 24.0
18.52273223616691 23.0
18.547053093500175 22.0
18.570036029321027 23.0
18.577851323302518 23.0
18.659158655937812 23.0
18.708801108411578 22.0
18.713594369533116 22.0
18.72784660502735 23.0
18.748422184793164 24.0
18.790892831145978 24.0
18.82457321591087 24.0
18.834820438008585 24.0
18.843769189655596 23.0
18.8917213231109 23.0
18.964098783269836 23.0
18.96758816662843 24.0
18.96838876404871 24.0
19.00910148908615 25.0
19.040078418586518 25.0
19.07960060087775 25.0
19.11277680232389 25.0
19.153227166155755 25.0
19.159320593272152 25.0
19.246086983532205 24.0
19.24678204337145 25.0
19.2489702633617 26.0
19.25783331955267 26.0
19.26844474535753 26.0
19.280907919294698 26.0
19.328796667414164 25.0
19.339651537327505 25.0
19.430075549882037 24.0
19.434765580255696 23.0
19.45652556638596 23.0
19.48150783157624 24.0
19.53479514606341 24.0
19.5537955620148 24.0
19.555539193610127 23.0
19.558925437989352 23.0
19.605651447405887 23.0
19.663991525881414 23.0
19.665195381053866 22.0
19.777611336077758 21.0
19.836046141189353 21.0
19.837100809939535 22.0
19.84584723070573 22.0
19.850757257528873 21.0
19.867054833886524 21.0
19.886631976800754 21.0
19.904265680881895 21.0
19.960428566084556 20.0
19.97553915916529 19.0
19.98281732286052 18.0
19.990836953692806 18.0
19.998615760510543 19.0
20.0079792870072 19.0
20.024824563276553 20.0
20.042656310581677 19.0
20.097674583472532 18.0
20.141259610877203 17.0
20.17039602683454 18.0
20.173944224328086 18.0
20.183417034957348 19.0
20.215290714894447 19.0
20.221018557291337 20.0
20.238873515314474 20.0
20.274232010164557 20.0
20.31048122642478 20.0
20.315474319486533 19.0
20.32035902255513 19.0
20.336477533519766 19.0
20.400603698109453 18.0
20.413723695208244 19.0
20.42940579971889 19.0
20.456149899231008 19.0
20.472903756774176 19.0
20.489214668893723 18.0
20.517758206011177 18.0
20.548870042921276 17.0
20.559755577955595 17.0
20.59543598149411 17.0
20.652058802236283 18.0
20.65968752250425 17.0
20.661402507075177 16.0
20.669275859882536 17.0
20.673686858214772 16.0
20.692314540741208 17.0
20.699293905429023 17.0
20.699410887928515 17.0
20.73036579901663 17.0
20.73713555216948 17.0
20.794138099918303 17.0
20.804402021380305 16.0
20.91973845647327 16.0
20.925082392248335 16.0
20.96189287936834 16.0
21.018693036138888 17.0
21.022281546671557 17.0
21.0343334095628 17.0
21.036453729159472 17.0
21.03962952491436 18.0
21.04004060358648 18.0
21.0460499248319 18.0
21.05980528913177 19.0
21.09164545815085 18.0
21.13141421293971 19.0
21.137547745564746 19.0
21.150659688760285 19.0
21.15377598990442 19.0
21.17685754289872 19.0
21.178417485008072 18.0
21.241654258293238 17.0
21.24997045793605 18.0
21.26420633958522 17.0
21.28245922640699 18.0
21.349928470286883 17.0
21.417453471297325 17.0
21.459501269157485 17.0
21.47103682800946 16.0
21.486960350368363 17.0
21.51681773036233 17.0
21.51699417869729 18.0
21.5560468947012 18.0
21.560120979113922 17.0
21.624919988954325 17.0
21.627065759692044 17.0
21.63453791763508 17.0
21.639001893395772 18.0
21.675069405130643 19.0
21.721113624327266 18.0
21.721356943111644 19.0
21.723215482710895 19.0
21.772545465274803 19.0
21.77407395423877 19.0
21.781227301449128 20.0
21.79175734127377 20.0
21.845578323729093 20.0
21.848630594134058 21.0
21.869226324850892 21.0
21.883271541794986 21.0
21.931549399348235 21.0
21.945992273957017 22.0
21.955020350155447 21.0
21.97764099259041 21.0
21.992247874505004 21.0
22.00885985771231 21.0
22.02866216675443 22.0
22.029242648194376 22.0
22.04245289040227 22.0
22.054913675063414 22.0
22.05893940208228 22.0
22.098904518326044 22.0
22.111240341291854 23.0
22.130551581475384 24.0
22.13653874724071 24.0
22.153380232077797 24.0
22.194495359565938 23.0
22.199407032245947 23.0
22.205266753681077 23.0
22.208897960456277 23.0
22.2360501451836 24.0
22.24159409995862 24.0
22.268531760788154 23.0
22.293992644294097 23.0
22.31041156568348 22.0
22.310677511507595 21.0
22.325932608788456 22.0
22.370273096761462 23.0
22.396490904046697 23.0
22.420893630668637 24.0
22.468711877910152 24.0
22.48461958438914 23.0
22.532244270668212 23.0
22.533579516503185 23.0
22.598248540562558 23.0
22.63351989588913 22.0
22.64991302530084 22.0
22.654213621213533 23.0
22.699979423128138 23.0
22.70244897994728 23.0
22.704554465688165 23.0
22.757361532931274 22.0
22.771741161015097 22.0
22.77311142494262 22.0
22.787646688730856 22.0
22.810928899231882 22.0
22.869410010590446 22.0
22.90886291370218 22.0
22.921466900921924 23.0
22.99226106315019 22.0
23.01350703071844 22.0
23.052382104251482 23.0
23.054158943980397 23.0
23.054894581491073 24.0
23.09502975956233 24.0
23.09770609839837 25.0
23.275208579605074 26.0
23.310181074022427 25.0
23.490229932482023 24.0
23.537077593058957 23.0
23.563267779580592 23.0
23.5670446527286 23.0
23.569572115606523 23.0
23.583008704551673 24.0
23.58462027075387 25.0
23.613987951474037 24.0
23.62818490747183 24.0
23.653996007499916 24.0
23.715910931294697 24.0
23.71906636128555 24.0
23.74748876316603 24.0
23.753186599859905 25.0
23.838656147013698 26.0
23.86818523483555 25.0
23.871691500125714 24.0
23.926645290150002 24.0
23.955516125833007 25.0
24.004588782728952 26.0
24.00464040554454 25.0
24.052029388063623 24.0
24.069534621113252 23.0
24.103120591637524 23.0
24.14534578775181 22.0
24.193359645568993 23.0
24.208683893161933 24.0
24.20915088002727 23.0
24.306158544566642 22.0
24.31410608339575 21.0
24.3477457843336 20.0
24.406545099340395 20.0
24.449862090472216 20.0
24.56831729875117 20.0
24.604433563572847 19.0
24.612804911099342 19.0
24.623550810952807 19.0
24.678024661381425 19.0
24.697341055357057 19.0
24.714382235309685 19.0
24.729668925018938 19.0
24.730340600575826 19.0
24.77894605990449 20.0
24.78757733785911 21.0
24.800628765288227 21.0
24.826062037408658 20.0
24.87317665913332 19.0
24.89094101162278 20.0
24.89166894802505 20.0
24.902145551881116 19.0
24.947760816710172 19.0
25.016453675895114 18.0
25.094763080302453 18.0
25.096271308846603 18.0
25.117901393738762 18.0
25.128517151604978 17.0
25.171630586500495 17.0
25.19807638883782 17.0
25.207415184330035 17.0
25.228016076446128 18.0
25.22805359903813 18.0
25.282165069600424 18.0
25.289658891178334 18.0
25.344088038383678 17.0
25.363951207198085 17.0
25.37639705212948 16.0
25.3879908046017 16.0
25.44820078499375 17.0
25.495826287477826 16.0
25.644493096604055 16.0
25.658608409443783 15.0
25.680725451956246 15.0
25.682728484363327 15.0
25.687506440415987 15.0
25.691330835759178 15.0
25.71862989614754 15.0
25.757437321070938 15.0
25.780949129268752 15.0
25.803796611858036 16.0
25.804161955818547 17.0
25.86759943125905 17.0
25.916603134349945 17.0
25.953987936040384 17.0
25.960335754456825 17.0
25.979602961012127 18.0
25.988820149070488 17.0
26.06713970031782 17.0
26.11448328689254 16.0
26.22006312447035 17.0
26.24853998055644 17.0
26.279668442889967 17.0
26.291755457982184 18.0
26.295912405200646 18.0
26.318282343127912 18.0
26.319104424255162 19.0
26.33560619224572 19.0
26.33654016404313 18.0
26.34166140523365 18.0
26.36760681522971 18.0
26.369077872399295 19.0
26.386302914048247 19.0
26.394359041867975 20.0
26.41680993107128 21.0
26.44300512924317 22.0
26.44917879479781 23.0
26.459645560413822 23.0
26.50370942078093 22.0
26.636794742261472 22.0
26.64043748274763 22.0
26.641903367835173 22.0
26.658058702949063 22.0
26.711821960444894 21.0
26.756518746075596 20.0
26.82200212292594 19.0
26.857514978241976 19.0
26.88526331496367 19.0
26.89133838553736 19.0
26.911471000165704 19.0
26.91992065763956 19.0
26.928594253538552 18.0
26.962421523373752 17.0
26.980391767777647 17.0
26.99286706458655 17.0
27.01742439505866 18.0
27.03395273780157 18.0
27.059946101869084 18.0
27.08272915118424 18.0
27.113250117616644 19.0
27.149981113192972 19.0
27.17997117734978 20.0
27.219092917295857 21.0
27.26204789220216 20.0
27.262134955087156 20.0
27.266542375478917 19.0
27.296691505090035 20.0
27.343294272019108 19.0
27.376496217345313 20.0
27.417931677418608 20.0
27.42485168192568 20.0
27.489858745912315 20.0
27.543172628453597 19.0
27.568984647357365 19.0
27.58605289620301 19.0
27.590965474795528 20.0
27.60638491193926 20.0
27.69530244282523 21.0
27.734357204266818 20.0
27.751717987986357 20.0
27.776351219489015 20.0
27.81367279391201 21.0
27.83780168568317 21.0
27.8608913190919 20.0
27.877105854363244 20.0
27.897095965219584 21.0
27.90190887860604 21.0
27.912399095909585 22.0
27.914220288768448 22.0
27.949932846895237 21.0
27.973940942607857 21.0
27.994644014301016 21.0
28.02531170442024 20.0
28.073977893260103 20.0
28.08672889331737 19.0
28.13285826364438 19.0
28.144814539855616 19.0
28.147136784686086 20.0
28.16695612855666 20.0
28.184449299657054 21.0
28.220822109681496 21.0
28.239915104057705 20.0
28.256338101427886 20.0
28.264063944719453 20.0
28.28118944267411 20.0
28.281858856944897 21.0
28.301013154111033 22.0
28.31968225139332 21.0
28.330367094785704 21.0
28.33141050044191 21.0
28.37886975464104 21.0
28.381399659668315 21.0
28.39996520646849 22.0
28.433778275197508 21.0
28.471707273417554 20.0
28.476826331742302 21.0
28.481140576094926 20.0
28.52028088082797 21.0
28.52609508161814 21.0
28.543251753097277 21.0
28.56278932067117 21.0
28.608982871256476 22.0
28.62647637234738 23.0
28.675672898299833 22.0
28.75494366289079 23.0
28.761854176589267 23.0
28.79038402589842 23.0
28.80210413090066 23.0
28.847452935770164 23.0
28.850093434058866 22.0
28.860656059109637 22.0
28.91812219396644 22.0
28.920300572892085 23.0
29.002492367856348 24.0
29.019824864254808 24.0
29.023191054804208 24.0
29.1265457897742 25.0
29.134376037144158 26.0
29.168938646476704 26.0
29.192373451588352 25.0
29.19835496290196 25.0
29.22611095255597 24.0
29.23081126216331 24.0
29.27271653665659 25.0
29.28199828187655 26.0
29.31449296965427 26.0
29.343753889248475 26.0
29.411186776448524 25.0
29.429232401492303 25.0
29.453033039129778 25.0
29.45733848899341 25.0
29.47709889359332 25.0
29.54020292616328 25.0
29.577764268722227 25.0
29.595138218871323 24.0
29.673133368560308 23.0
29.757469421062623 23.0
29.79367955823471 22.0
29.82666142342932 23.0
29.89555588175324 23.0
29.910162472697287 24.0
29.9392121308006 24.0
30.065897731768082 23.0
30.068601812014933 23.0
30.08162145761819 24.0
30.13898518469247 24.0
30.15882886123669 23.0
30.184992178601956 23.0
30.1919860691918 23.0
30.193452259992256 23.0
30.232681907122785 24.0
30.235223332403525 25.0
30.241362714628416 26.0
30.25820687231833 27.0
30.281346409291277 27.0
30.299998257810156 28.0
30.306994388205027 28.0
30.31689395316824 27.0
30.33867129442301 27.0
30.380632975818337 28.0
30.384084812355166 27.0
30.40463421765666 27.0
30.430055889780085 26.0
30.441234053432016 26.0
30.45113535632041 26.0
30.456036544217802 25.0
30.545544655881287 25.0
30.568109230577743 26.0
30.59871230056167 27.0
30.60988785712438 28.0
30.65725595365047 27.0
30.660238972773012 28.0
30.66555757922063 27.0
30.681086415233217 28.0
30.696174975057968 28.0
30.73237234450434 28.0
30.74682774579843 29.0
30.748659954475965 30.0
30.759103861208978 30.0
30.782332052963376 31.0
30.784112912193365 30.0
30.84550824885871 29.0
30.847829412359445 30.0
30.865078492370692 30.0
30.87129130437127 29.0
30.878212964426776 28.0
30.90945286664871 28.0
30.93666687810765 28.0
30.967377314216293 28.0
30.974627304357988 27.0
30.98335820904034 27.0
31.014812901127655 27.0
31.015613569417226 27.0
31.018181055263213 27.0
31.026976229000958 27.0
31.1073528837917 26.0
31.20591600821225 27.0
31.214432551773058 26.0
31.258082663773752 25.0
31.277434405046815 25.0
31.346575409154255 26.0
31.41532013397615 26.0
31.458707421892147 26.0
31.470001312234736 25.0
31.483806095160826 26.0
31.48644525771909 26.0
31.52349145564765 26.0
31.55643963700891 26.0
31.570256641507008 26.0
31.575029676610555 25.0
31.58952021432355 24.0
31.60259828532415 24.0
31.637416918226563 25.0
31.665586184993565 25.0
31.672397944535888 26.0
31.69923309167212 25.0
31.701016646391725 25.0
31.716217246314496 24.0
31.722881310640968 24.0
31.771635521229605 25.0
31.78540737500548 26.0
31.786995441783688 26.0
31.810813695043127 25.0
31.8179907057366 24.0
31.856530520636003 24.0
31.875408267858784 25.0
31.885972976502792 24.0
31.895909240218792 23.0
31.92489938948984 23.0
31.94762640242231 23.0
31.966903744802885 24.0
31.98673633400558 25.0
32.018002992857795 25.0
32.018951621112684 24.0
32.022833663202256 23.0
32.05337619735649 24.0
32.116102999446106 25.0
32.118443393311665 24.0
32.145234911581845 24.0
32.1452507822376 24.0
32.153324125316864 24.0
32.16777625584229 25.0
32.18127170585494 26.0
32.21937920489537 26.0
32.21948451107677 27.0
32.23318348451325 28.0
32.234707447554094 28.0
32.27866570001444 28.0
32.35661615908551 29.0
32.360270603714326 28.0
32.3710723110551 28.0
32.4117158622721 29.0
32.468864186707876 28.0
32.469513464583244 28.0
32.483465023647256 28.0
32.50538595379865 28.0
32.536051592948006 27.0
32.55354775220946 27.0
32.5793123598165 27.0
32.58129509302936 26.0
32.630210690492234 26.0
32.66102138975549 25.0
32.68913231067961 25.0
32.689302605578895 25.0
32.701056099249186 26.0
32.73508016161976 27.0
32.74964136783875 26.0
32.77317244871497 26.0
32.78574988626198 26.0
32.79945060496242 26.0
32.822974419583915 26.0
32.84610453924317 25.0
32.914997530472526 24.0
32.932130009105514 25.0
32.93862251571236 25.0
32.958018023870096 25.0
32.98954116964461 25.0
32.9972978766377 25.0
33.000777580673464 26.0
33.01056259840642 26.0
33.03285876974666 27.0
33.07016807229639 27.0
33.11644177830893 26.0
33.18464511522019 26.0
33.2073307244352 26.0
33.25493682813724 26.0
33.258187470572466 26.0
33.25861696550443 27.0
33.269167826943246 28.0
33.270109167101346 28.0
33.45195824420538 29.0
33.46700264009277 29.0
33.46871480638846 28.0
33.47201639420122 29.0
33.47280647018436 28.0
33.53313211609582 28.0
33.53363505392886 29.0
33.53884448120884 29.0
33.55766897220558 29.0
33.5915429067254 29.0
33.615941708330865 29.0
33.62738016622385 30.0
33.633169631292596 30.0
33.71594883007379 31.0
33.74046053437961 32.0
33.74528089971234 32.0
33.763418866802475 31.0
33.7754061265008 30.0
33.8052717203601 31.0
33.807251730287135 30.0
33.86226734567424 30.0
33.871831556221245 31.0
33.88826143781387 30.0
33.93189347671493 29.0
33.947927948023185 29.0
33.95826691631793 28.0
33.962101949682456 27.0
33.97396216424683 27.0
34.02774403051438 26.0
34.03005682649617 26.0
34.05666511945821 27.0
34.06602514127102 27.0
34.09480083650039 28.0
34.13637723704285 28.0
34.14298927199658 28.0
34.14467003122291 29.0
34.14652012533913 29.0
34.155415648896785 29.0
34.19995243704675 29.0
34.23425333479689 30.0
34.2883491687805 29.0
34.32266828547628 29.0
34.35981536250062 29.0
34.37235857416562 28.0
34.389089778987355 27.0
34.3938573965339 26.0
34.50662851070734 26.0
34.516372779312626 26.0
34.54791750496074 25.0
34.57704144858686 26.0
34.587404884333544 26.0
34.5976430621282 26.0
34.66846288927704 26.0
34.692988557371365 27.0
34.702959130833584 28.0
34.73878590549052 29.0
34.74462801805028 29.0
34.75731822149331 29.0
34.80952005906156 30.0
34.830419363080054 31.0
34.87287300661334 31.0
34.8731576037658 30.0
34.87965055459021 30.0
34.88465947507429 31.0
34.891540529322235 32.0
34.92079780530317 32.0
34.96026186557471 31.0
34.96475376258857 31.0
35.0674183511278 32.0
35.079213455940966 33.0
35.24427005425217 34.0
35.25616803454084 34.0
35.306107923498246 34.0
35.38207475753898 34.0
35.412572441420444 33.0
35.45695054351647 33.0
35.5733470796408 34.0
35.58938107596411 34.0
35.6262299864331 34.0
35.64131863781563 35.0
35.66248611937512 34.0
35.66936394228116 35.0
35.713752791446126 35.0
35.75041934804343 36.0
35.767015153876315 35.0
35.78092116782411 36.0
35.787583947870495 35.0
35.81789646754346 35.0
35.84437817125967 35.0
35.87282893968641 35.0
35.91005998514703 35.0
35.91081121923548 35.0
35.9215749105923 35.0
35.95710607437652 36.0
35.99180737938619 35.0
36.00007919080759 34.0
36.00888223741309 33.0
36.02138763913257 34.0
36.0225076599382 35.0
36.03028361297917 36.0
36.033715012744196 35.0
36.03593160378239 35.0
36.05948556136875 35.0
36.09975762487055 35.0
36.17963458406197 36.0
36.19122683128074 35.0
36.19723797843513 35.0
36.227199467298945 36.0
36.24167336028462 35.0
36.24190175753472 35.0
36.26166914805807 34.0
36.28547101243434 34.0
36.29164731225261 34.0
36.295029513555626 35.0
36.30293648775407 36.0
36.30951007850356 36.0
36.31978525089807 35.0
36.32414078450427 34.0
36.41058175492712 34.0
36.41654263090344 33.0
36.51302133801326 34.0
36.5377513693907 34.0
36.61724565612925 33.0
36.62218705036414 33.0
36.64314134948381 32.0
36.66037370311406 32.0
36.75215976717301 32.0
36.77452410049528 32.0
36.7910738990514 32.0
36.85064220687121 31.0
36.87801716958044 30.0
36.88448306902841 30.0
36.89225835269968 30.0
36.8937518776615 30.0
36.899321021708815 31.0
36.97482526624115 30.0
36.97872195654062 29.0
36.98266364494413 29.0
36.996155617429764 29.0
37.01063553700118 29.0
37.02955539893642 29.0
37.10608471384627 30.0
37.12114999017403 29.0
37.12532862117206 29.0
37.15465279176842 30.0
37.16899024708195 30.0
37.17335493577126 30.0
37.19711543916013 31.0
37.214520547059664 32.0
37.2235704881486 32.0
37.232961227535256 31.0
37.239119861719686 32.0
37.27440164466992 32.0
37.28954528233439 31.0
37.29003271706255 32.0
37.3112196199505 32.0
37.32123578078096 32.0
37.35766491678174 32.0
37.37259478946121 32.0
37.38029042940164 31.0
37.426795128353795 31.0
37.45088032546803 32.0
37.46858169739828 32.0
37.50575812614255 33.0
37.55230013335043 33.0
37.55943602535519 34.0
37.59535824715932 34.0
37.59595359642211 34.0
37.59786890347971 33.0
37.629217859595684 34.0
37.6755038342302 34.0
37.717109721192415 34.0
37.74226528390275 35.0
37.79034363710655 35.0
37.79911207782589 35.0
37.8259466574907 35.0
37.886402793094284 34.0
37.966642905779885 33.0
37.99167461559234 34.0
38.0025969663928 34.0
38.00880658699316 35.0
38.10410828859929 34.0
38.11055501685215 34.0
38.134729467429224 33.0
38.16098510991341 33.0
38.21010532492912 33.0
38.21485072656901 33.0
38.27613438050063 34.0
38.31184325029939 35.0
38.40014711060381 34.0
38.40925497526763 33.0
38.429659870997014 32.0
38.43234484806118 31.0
38.534812191677965 31.0
38.54424741658744 32.0
38.54536389675063 33.0
38.55204014138699 32.0
38.585480242392464 33.0
38.59943104613995 34.0
38.602407322857324 34.0
38.618187202367025 34.0
38.62254215010055 34.0
38.67289402127979 35.0
38.69062832523134 36.0
38.73326921194855 37.0
38.75836070003967 38.0
38.80184770761309 39.0
38.81032833562917 38.0
38.815214767021175 39.0
38.819447479002285 39.0
38.836243240798936 38.0
38.84936921259451 39.0
38.862642163625544 39.0
38.939141114128795 38.0
38.94654187339935 37.0
39.03659611210866 36.0
39.15587647610565 36.0
39.19128848898402 35.0
39.20950443438655 34.0
39.26896037102486 34.0
39.275708541703295 33.0
39.28621411063397 32.0
39.344521008022 31.0
39.35350525167629 30.0
39.51007310321253 31.0
39.53602921535083 30.0
39.58203898550398 31.0
39.62268799286611 31.0
39.6263843475245 30.0
39.645523446777474 30.0
39.64823585039427 29.0
39.724994609056786 28.0
39.72954880095994 29.0
39.74577482009859 29.0
39.816114822504666 29.0
39.81680282971796 30.0
39.82447661239276 29.0
39.83586786141252 28.0
39.91784924831397 28.0
39.92051579281909 28.0
39.93631649689029 28.0
39.980899879055094 28.0
40.030031239523375 29.0
40.10471904043531 29.0
40.14270651058213 29.0
40.14963340425431 29.0
40.184262106745045 29.0
40.21865089783118 29.0
40.22672713594093 30.0
40.229294351087276 30.0
40.24030158290026 31.0
40.2975182731332 32.0
40.29762022594952 31.0
40.316943379783815 32.0
40.39381905448924 33.0
40.39408263973976 32.0
40.412890389524456 33.0
40.447447998163625 34.0
40.44855299162658 35.0
40.47709903675245 36.0
40.51705760873344 37.0
40.532062251622285 37.0
40.56787167197998 37.0
40.613561637163635 38.0
40.657490533613064 39.0
40.71559317363822 38.0
40.78330274450089 39.0
40.8098089722092 38.0
40.831236583730885 39.0
40.83362564206338 38.0
40.84406256735681 37.0
40.866363061972244 38.0
40.886447227323664 38.0
40.93905500496193 38.0
40.94862998301572 37.0
40.95737393955894 36.0
40.96650622053505 37.0
40.966637976320065 36.0
40.96884861248242 37.0
40.98683744065739 38.0
41.05417386832668 39.0
41.10204622421553 38.0
41.127552038047405 37.0
41.16161371343316 37.0
41.171165577851525 38.0
41.19149380823057 37.0
41.24443124101219 38.0
41.26657433837469 37.0
41.416617395474304 38.0
41.417984001289085 37.0
41.44468190146328 36.0
41.45485920999708 37.0
41.45673971670535 38.0
41.48981052361107 39.0
41.500042771048754 38.0
41.506059992042296 39.0
41.53796583505952 39.0
41.62368858370784 39.0
41.63182286162784 38.0
41.66135074701102 38.0
41.70350052379035 39.0
41.72565085402934 40.0
41.73018013757569 39.0
41.73635038301206 40.0
41.74754631122259 41.0
41.74981516314089 41.0
42.02316889299344 42.0
42.03777012376394 41.0
42.050273323858725 40.0
42.06383848561666 41.0
42.06908423258846 40.0
42.070402376078405 40.0
42.16652459144979 41.0
42.17599354980134 40.0
42.23991394447691 41.0
42.25642059207376 40.0
42.27661028095072 40.0
42.29364308071505 41.0
42.367537766751916 40.0
42.40617120654282 41.0
42.465864129215845 42.0
42.511212312606006 41.0
42.586798174911294 42.0
42.591326587975054 41.0
42.59799637038233 41.0
42.65923559521313 42.0
42.680584870354046 43.0
42.72172707447492 44.0
42.73322030771346 43.0
42.74196535815555 43.0
42.75477445002535 42.0
42.8011041909965 41.0
43.01270041565704 42.0
43.065011830964785 43.0
43.13398385730906 42.0
43.1705163504741 43.0
43.18127678639851 44.0
43.18349743812002 43.0
43.19322710638245 42.0
43.26784060106041 42.0
43.26912326277957 41.0
43.37502365885448 42.0
43.39223945171669 43.0
43.40156763448364 44.0
43.40936576508903 44.0
43.421844687415174 44.0
43.50649747803555 45.0
43.512059516727426 46.0
43.54324905980399 45.0
43.55040555175309 44.0
43.5895720051374 45.0
43.60257199960822 44.0
43.618346353322586 43.0
43.73087786496461 42.0
43.758314507146785 42.0
43.89363555224587 43.0
43.92328434926858 44.0
43.94927940957366 45.0
43.98619590549582 46.0
44.03537405284223 45.0
44.06569434358949 45.0
44.067057997711125 44.0
44.11704991594694 44.0
44.14552431680161 45.0
44.17477256338398 46.0
44.19149164947551 47.0
44.20371087252084 46.0
44.221245354181875 46.0
44.25098565773779 47.0
44.31555271102407 48.0
44.34400662647264 47.0
44.41443168903723 48.0
44.44467888678781 47.0
44.445834872513636 46.0
44.456282514642254 46.0
44.48472769912522 45.0
44.50955744916024 45.0
44.62676427148115 45.0
44.68143095954533 46.0
44.75348991144398 45.0
44.776448824890785 44.0
44.79630391574264 44.0
44.80621959578558 45.0
44.8685268680556 46.0
44.882892645935925 47.0
44.93555156912635 48.0
44.966739523299466 49.0
45.08830749248956 48.0
45.1050002599385 49.0
45.11182115355362 50.0
45.12589420096202 50.0
45.14141258711887 49.0
45.14592080216003 48.0
45.15732335226386 49.0
45.195091996579094 50.0
45.206599304567476 50.0
45.2117749016282 49.0
45.25610481876385 50.0
45.31389559503349 51.0
45.32571373492958 52.0
45.34005764434936 51.0
45.379325815135 52.0
45.475006244397186 53.0
45.495406644244035 54.0
45.50984162850467 53.0
45.651758126132776 53.0
45.66641412350163 54.0
45.778956751701166 53.0
45.77901469282684 52.0
45.786996437285396 53.0
45.79429643199035 52.0
45.797833089263406 51.0
45.801575283374476 51.0
45.80888330931385 52.0
45.83162547226343 51.0
45.83645447785665 51.0
45.84050325301845 52.0
45.91007400465015 53.0
45.94991390457745 54.0
45.959805041362934 53.0
45.99652730764068 54.0
46.07107596261672 53.0
46.084578328664996 53.0
46.170386803556156 52.0
46.19594993877998 53.0
46.20232310194732 52.0
46.27095819341034 52.0
46.31504193011151 51.0
46.325353774016335 51.0
46.32738362969604 50.0
46.37597195621347 51.0
46.41220564625404 50.0
46.526442003377134 51.0
46.58956682874437 50.0
46.60298440489071 51.0
46.64001723111415 52.0
46.65239872254095 53.0
46.66158965288995 52.0
46.7104733216395 52.0
46.75808441298987 53.0
46.78641876500097 53.0
46.83458678200149 52.0
46.87973684984251 52.0
46.936139057961924 53.0
47.00473033521642 52.0
47.050579055343334 53.0
47.0601475301504 52.0
47.07712109829082 53.0
47.07761957929533 52.0
47.093306132121455 51.0
47.11704620169545 52.0
47.17239811781708 53.0
47.20911115404785 52.0
47.20967023813277 51.0
47.21273604930838 52.0
47.34273969520101 53.0
47.36939836125821 54.0
47.37115231642904 55.0
47.38240060400441 54.0
47.44635287178442 53.0
47.467508252360794 54.0
47.48679909781862 55.0
47.53649128673378 56.0
47.61308205352983 57.0
47.648878332587714 58.0
47.68113007950116 58.0
47.74299357499028 57.0
47.760610446900735 56.0
47.77989448532124 56.0
47.92186151761522 56.0
47.942911385642475 55.0
47.94958550073119 56.0
47.99881438515545 55.0
48.04936941069421 56.0
48.051995736173396 57.0
48.15621206998284 56.0
48.20055473030086 55.0
48.20580581601828 56.0
48.27983336887253 57.0
48.32246956698328 57.0
48.36702591919958 56.0
48.40428782117588 57.0
48.52993226666814 58.0
48.533791273472666 59.0
48.53602677514021 58.0
48.55907386175034 57.0
48.562708817905445 56.0
48.56771775043456 55.0
48.59305660670413 55.0
48.60466503151978 56.0
48.608382180814644 55.0
48.654997715032714 56.0
48.68224649050852 55.0
48.76752613221366 55.0
48.81623521032023 56.0
48.82461739377101 57.0
48.92611911973662 58.0
48.951313085656196 57.0
48.99599516811547 56.0
49.0705325717254 55.0
49.103577903239355 54.0
49.10449203411298 54.0
49.11584725471282 53.0
49.1424693588315 52.0
49.15692834799772 51.0
49.20071504987517 51.0
49.240123304550764 52.0
49.27271331822658 53.0
49.30268760002496 54.0
49.33562657935904 54.0
49.340511617518516 53.0
49.40615464383843 54.0
49.50205079121022 54.0
49.59595895874508 53.0
49.63462208998526 54.0
49.64662389305466 54.0
49.68395140903027 54.0
49.71520294404783 55.0
49.812453850569625 56.0
49.851863140373304 56.0
49.886129071733635 56.0
49.93479833528351 55.0
49.947572131002794 54.0
49.95818967608512 53.0
50.03998341795692 52.0
50.21560876673917 53.0
50.250022725333466 52.0
50.29668014395923 51.0
50.299011107908875 50.0
50.35075362820249 51.0
50.35534815245041 50.0
50.39976055358383 51.0
50.41091994726782 52.0
50.445094826099826 52.0
50.48602168098371 51.0
50.51109887582568 50.0
50.56456875984696 49.0
50.576270949342295 48.0
50.59394396922843 49.0
50.618797421543704 48.0
50.67021533446007 48.0
50.69514349761252 48.0
50.87182440116526 47.0
50.89323755382743 47.0
50.93530667330472 46.0
50.95735961585772 45.0
51.01030406858554 44.0
51.02668908786859 45.0
51.08631603327634 45.0
51.16152090134514 46.0
51.198504286168074 45.0
51.20755515839718 46.0
51.20993162092161 46.0
51.2694550699045 46.0
51.29538012576301 47.0
51.29656861522099 47.0
51.43731750259563 48.0
51.44309911964066 49.0
51.45385931244385 49.0
51.513951290837205 48.0
51.53566593234269 48.0
51.58867827961545 49.0
51.60093403213645 50.0
51.63429410493041 50.0
51.67249817275342 50.0
51.76386774212864 49.0
51.7937730904865 50.0
51.81312347367709 49.0
51.816095329014715 48.0
51.95058798271805 47.0
51.96850999762084 47.0
52.07756024208984 47.0
52.08087930310313 48.0
52.161412592836705 48.0
52.18341253437013 48.0
52.20297822115573 47.0
52.27060244580368 47.0
52.36932178365274 46.0
52.441507661651954 47.0
52.470867380169786 46.0
52.511606535694646 45.0
52.52638137909699 46.0
52.533313899193516 47.0
52.536501836711885 46.0
52.57318564175069 47.0
52.5887673422068 48.0
52.644407730639415 47.0
52.802068677098845 48.0
52.814338535822486 49.0
52.835626959233394 50.0
52.942978571004694 49.0
52.95243646506599 50.0
52.961164580774096 49.0
53.01307282206132 48.0
53.03621416161818 47.0
53.0367719325014 46.0
53.094273594941804 47.0
53.1051614044061 48.0
53.16553800196581 48.0
53.20297831163204 48.0
53.21628680578643 47.0
53.291288478482514 46.0
53.29250854596153 47.0
53.31600313138425 46.0
53.31876921706162 47.0
53.36694881303683 47.0
53.3672733834347 48.0
53.40797486536811 48.0
53.440824227763244 47.0
53.45593413210453 47.0
53.499505637396105 46.0
53.53496174553834 46.0
53.58867048205374 46.0
53.59403679788842 47.0
53.61281408104869 47.0
53.627635156544784 47.0
53.65777438593063 47.0
53.65782318744746 48.0
53.678426262735584 47.0
53.68586106615756 48.0
53.73078538035792 47.0
53.75273637799966 47.0
53.77544223313862 48.0
53.81309491317438 48.0
53.832204606534354 49.0
53.87337630835047 50.0
53.90130242621974 49.0
53.90386531665551 49.0
53.90870155493246 50.0
53.938588977422846 51.0
53.96099149331866 52.0
53.99531193531307 53.0
54.06478050656088 54.0
54.095859549917265 55.0
54.10936594721533 54.0
54.15859080821279 55.0
54.177124100247845 55.0
54.305077229420164 54.0
54.39532037707905 53.0
54.40036227732733 54.0
54.45357283559084 55.0
54.52478283361924 55.0
54.58086694637686 55.0
54.688519698254865 54.0
54.726580982080684 53.0
54.7632676610457 52.0
54.79624948199161 53.0
54.79681186783405 52.0
54.80060844507999 51.0
54.81554864575381 51.0
54.85350262915415 52.0
54.90199273634584 52.0
55.01935761231565 51.0
55.025376984899616 52.0
55.06117703301449 53.0
55.09965342679835 54.0
55.12275803081903 55.0
55.12344381576143 56.0
55.12884597383611 57.0
55.14263947916083 58.0
55.17659098417524 59.0
55.18524440536891 60.0
55.33533773519493 60.0
55.3546558467808 60.0
55.39300806071418 60.0
55.44703374591242 61.0
55.6177228188679 60.0
55.619210898216735 59.0
55.75001360636554 58.0
55.75555504377659 58.0
55.77948870928856 57.0
55.798417978624066 58.0
55.985373725480066 57.0
56.009212123958065 56.0
56.03258975741475 55.0
56.035577011044836 55.0
56.10644893337931 54.0
56.20025123794455 55.0
56.230168799329235 55.0
56.297287230849165 54.0
56.34259747805927 53.0
56.365524982684796 52.0
56.39145364781506 53.0
56.40768515361234 54.0
56.45073271190881 53.0
56.474318715773684 54.0
56.483902729414815 54.0
56.49345190500049 55.0
56.50038198536397 54.0
56.536296377959985 55.0
56.5364804610123 56.0
56.55191648933037 55.0
56.60828869008664 54.0
56.67663536443699 53.0
56.71512158752843 52.0
56.74765814380404 52.0
56.759866002041406 51.0
56.950399508985484 50.0
56.95493103652997 51.0
56.988384221615945 52.0
57.01252745204757 53.0
57.02486345159321 52.0
57.03134166583468 51.0
57.05178629534239 52.0
57.06340948260647 51.0
57.13250731992715 50.0
57.150853429848496 51.0
57.21026752331994 51.0
57.24048536230964 52.0
57.3266156745234 51.0
57.440682034879046 51.0
57.49451100875821 50.0
57.50471570860866 51.0
57.57949201893522 50.0
57.60153159661769 51.0
57.61950416169441 52.0
57.675000433587066 51.0
57.68218621093024 52.0
57.729910200076816 52.0
57.83604862268084 51.0
57.851361133427 51.0
57.860830219123315 50.0
57.87558234440531 51.0
57.94757067928158 50.0
57.98568741077943 51.0
57.99382344281692 51.0
58.04216859888874 51.0
58.05292903273528 52.0
58.17620037224792 51.0
58.17814640808453 51.0
58.186166782461406 50.0
58.25889730445089 49.0
58.287450490406194 50.0
58.335827288461864 49.0
58.353110480084155 50.0
58.395621017263615 51.0
58.49551727129862 52.0
58.50922124203828 51.0
58.57893149607247 51.0
58.6186894041042 52.0
58.66638072306182 51.0
58.74559668305019 51.0
58.81335001350542 52.0
58.822546379428594 53.0
58.856322850106814 52.0
58.86943198352832 52.0
58.901870276846005 51.0
58.926640360101594 50.0
58.99400567595176 49.0
59.05528252299256 50.0
59.06442764222565 50.0
59.08466650123079 49.0
59.14039378951939 48.0
59.17961210943671 49.0
59.252472394509354 48.0
59.26675025637964 47.0
59.28960001454969 46.0
59.36216522811927 45.0
59.42940020190535 44.0
59.450943915801105 43.0
59.57801839354605 43.0
59.65134937252507 43.0
59.66721947694798 44.0
59.694488906540336 44.0
59.79162947438001 45.0
59.84601026326067 46.0
59.8517460173827 45.0
59.875688148827706 46.0
59.87920370960933 46.0
59.88820636284712 47.0
59.93603029803188 48.0
60.008191941426574 49.0
60.017772216517294 50.0
60.03530578705508 49.0
60.06395677924988 49.0
60.08792169309815 50.0
60.115167636066495 51.0
60.1323402810918 50.0
60.18575447025929 50.0
60.20204106059726 49.0
60.21280517764475 50.0
60.22250405311525 49.0
60.306851874214466 50.0
60.31594820552526 51.0
60.36598010346532 51.0
60.37684186162486 50.0
60.39234506703018 51.0
60.43707057998736 52.0
60.44330157086346 53.0
60.64347307266686 54.0
60.65481587192476 54.0
60.66187026247172 55.0
60.6850815679735 56.0
60.77531195282464 57.0
60.856273562763555 57.0
60.87274872045171 58.0
61.03326206409738 57.0
61.07552268907416 58.0
61.147721324825056 57.0
61.15024537534855 58.0
61.271432188892476 59.0
61.27513101665604 60.0
61.27969578039771 61.0
61.2807568541662 60.0
61.30135428430213 61.0
61.40730114309271 61.0
61.41342017699901 61.0
61.45361496189803 60.0
61.460910425942586 59.0
61.48291127099376 58.0
61.69494802350945 59.0
61.73290426572616 58.0
61.76634935620962 57.0
61.795920213624264 58.0
61.80475504725555 59.0
61.84976949044283 58.0
61.85064717096372 57.0
61.91243837340664 58.0
61.963229396208014 57.0
61.969517870808254 56.0
62.00399052784167 57.0
62.009782744424584 58.0
62.133049987806004 59.0
62.25593879529419 59.0
62.27206184437097 60.0
62.30485740017177 61.0
62.305462736623156 60.0
62.34402158805547 61.0
62.399639066420704 60.0
62.48116295710557 59.0
62.59467512366738 59.0
62.60384679140301 59.0
62.688950371783484 58.0
62.69549517229672 59.0
62.71538291689716 60.0
62.95336828841934 59.0
63.03936509670647 58.0
63.08758580804061 57.0
63.147617565936585 58.0
63.1491746872933 57.0
63.165840812269394 57.0
63.17538295746027 58.0
63.2583816515973 59.0
63.27503957809032 60.0
63.31517060625302 60.0
63.362760749926714 60.0
63.36814306711949 59.0
63.38843311315632 58.0
63.42567295948862 59.0
63.43135091928978 58.0
63.44657682631105 57.0
63.44926373262336 58.0
63.512822420570835 59.0
63.67362424031817 58.0
63.6819424591394 57.0
63.75942248641248 58.0
63.91512593714063 59.0
63.92259190786286 60.0
63.92266761465202 59.0
63.93640204339985 58.0
63.94333068961232 57.0
63.98010518090973 58.0
63.98148307109087 57.0
63.98219141848949 56.0
64.06475582312638 56.0
64.07783432860172 57.0
64.10850684700864 58.0
64.15042713615321 57.0
64.17626746301912 56.0
64.21207678702878 57.0
64.27829645558356 58.0
64.39762135773552 57.0
64.45022571685367 57.0
64.57920320653562 58.0
64.59962671442761 59.0
64.6110576299557 60.0
64.74430265318158 59.0
64.76939592178843 59.0
64.81607954374948 58.0
64.84824945971855 57.0
64.86623965735787 57.0
64.8847225820702 58.0
64.90923733862877 57.0
64.96252006484423 58.0
64.98433787153557 59.0
64.99536035914691 60.0
65.0443719957293 59.0
65.04874509883086 58.0
65.06719608483536 57.0
65.18003591763257 56.0
65.23062136248383 55.0
65.28205978329409 55.0
65.36386391731526 56.0
65.36424512926257 57.0
65.40526174092753 58.0
65.54500987579328 57.0
65.64644106373832 56.0
65.69471088575216 57.0
65.72487375547198 56.0
65.7423340855437 57.0
65.90478033068301 57.0
65.97568631656046 56.0
65.98618606396064 55.0
65.99586239122272 56.0
66.00204400655896 55.0
66.08208411995072 56.0
66.1517221221623 57.0
66.16149027920234 57.0
66.17939856599867 58.0
66.19138498739468 57.0
66.25106580348438 58.0
66.25706906476611 58.0
66.37967524208403 57.0
66.38369821317889 56.0
66.39964524926678 55.0
66.48484567356412 54.0
66.56432132034014 53.0
66.57583100432099 52.0
66.62172730018268 53.0
66.62253795822714 52.0
66.62485991948246 51.0
66.63984939780605 50.0
66.64026080535257 51.0
66.65112529210474 52.0
66.72964002031514 53.0
66.74913355021218 54.0
66.76540123744476 55.0
66.77862436359155 56.0
66.77991179587869 55.0
66.842512792234 54.0
66.87339693130245 55.0
66.8943366962206 55.0
66.96070151838914 56.0
67.01074407085711 57.0
67.14477126564417 56.0
67.2239765275288 56.0
67.22606323195818 55.0
67.3331746977172 56.0
67.36948608646921 55.0
67.37231692549727 54.0
67.40464773245833 55.0
67.46050264776426 54.0
67.57385034864983 53.0
67.58292067531781 53.0
67.63970006948975 52.0
67.68384250397567 51.0
67.71945898391569 52.0
67.81426681086806 53.0
67.85966720924128 52.0
68.10167612289894 51.0
68.15403326422279 52.0
68.2007161811562 53.0
68.20082732741908 54.0
68.20512524871917 55.0
68.23439035683487 56.0
68.24211700913457 57.0
68.24693227684654 57.0
68.27651529543738 58.0
68.3111413422758 57.0
68.4659540507954 58.0
68.53270360846919 57.0
68.62059646501756 58.0
68.63028491669525 59.0
68.63912574049387 58.0
68.72880993148341 59.0
68.7577741409912 60.0
68.92670930915543 61.0
68.9556495588987 62.0
68.99771274949953 61.0
69.09612903545171 62.0
69.15109910146997 61.0
69.18300173236757 60.0
69.33544957520766 59.0
69.38743863667703 58.0
69.41663183131489 57.0
69.43089874912616 57.0
69.43939352510155 56.0
69.48003072568778 57.0
69.50990256884033 58.0
69.52923832567161 57.0
69.57762305425733 56.0
69.63542937328833 57.0
69.66215009279753 58.0
69.71102438510287 59.0
69.7356104261083 60.0
69.73826257641377 59.0
69.74689704947825 60.0
69.77056070028868 59.0
69.83857714576929 58.0
69.89269955799156 59.0
69.9142124466955 58.0
69.96072198834315 57.0
69.97374619763261 58.0
70.14072645255071 58.0