0.0 25.0
0.09030738016805538 24.0
0.1463779465973864 24.0
0.20475228012003074 23.0
0.21227857534706976 22.0
0.30013345585927126 22.0
0.5105311550671624 22.0
0.5528770013522287 22.0
0.6828231525809008 22.0
0.7332948863843265 21.0
0.7378330430605503 20.0
0.762996506781887 20.0
0.8678653365329578 21.0
0.9421357056851981 21.0
0.9672832234881809 21.0
0.989471207983727 21.0
1.014376560997335 20.0
1.0144555533356538 19.0
1.081609204648665 18.0
1.0869871443371553 18.0
1.0962697140238753 18.0
1.096732693388017 18.0
1.1133786780377735 18.0
1.1213127512454464 17.0
1.1793535808696909 18.0
1.2308736928626463 18.0
1.2648777622496499 19.0
1.3635158935544378 20.0
1.4173419827498261 20.0
1.4254918278096385 19.0
1.4276414401061688 18.0
1.5076621290572825 18.0
1.5314687632555755 17.0
1.5702572750502488 17.0
1.5938791648381379 17.0
1.603818120374146 18.0
1.6511406926779473 18.0
1.831525717847649 18.0
1.8647016039177138 17.0
1.8969141591674712 17.0
1.9504904092408748 17.0
1.9545004690922712 16.0
1.97666349035436 16.0
2.0011566626154447 16.0
2.0877860289744303 17.0
2.0880227535745157 17.0
2.1369157770247136 16.0
2.1975306272328643 16.0
2.2380770360463904 15.0
2.2559902059093537 15.0
2.3113775619821846 15.0
2.3547460364017216 14.0
2.3734813565434325 15.0
2.3941711144512428 14.0
2.396710562993446 15.0
2.4535063114850586 15.0
2.497911058751016 15.0
2.5088970611557357 14.0
2.532434724642178 15.0
2.532897034278405 16.0
2.536144788160573 15.0
2.5480190115048518 14.0
2.577977541001235 15.0
2.695984078962336 15.0
2.7480422658973773 14.0
2.766088494033754 14.0
2.8001514549335313 14.0
2.86270276675027 14.0
2.8838703530796352 14.0
2.9291608359327506 15.0
2.938754060523755 16.0
2.951877695798384 15.0
2.983744368443569 15.0
2.9981150055974455 15.0
3.0665615395831787 16.0
3.1834655032463384 16.0
3.199483685823743 16.0
3.2077555945614558 16.0
3.215409420438722 16.0
3.215588126913975 16.0
3.2344857976687194 17.0
3.249606181717894 18.0
3.2978790281299255 17.0
3.31681477207001 16.0
3.3231670571430483 15.0
3.3717291049405804 14.0
3.4199030779014046 14.0
3.4985579249034258 14.0
3.504142460348844 14.0
3.5509305979245585 14.0
3.5589171036634317 14.0
3.5629951692612125 15.0
3.600866931474896 15.0
3.6601007802359606 14.0
3.780968164800154 14.0
3.788179180748325 13.0
3.8388913766764796 13.0
3.83974249353231 13.0
3.9039607522854807 13.0
3.916936119943701 13.0
3.936296274344456 13.0
3.9612607447316486 13.0
3.9747423575969867 12.0
3.9781878985589194 13.0
3.987554437963982 14.0
4.028155718252855 14.0
4.047461686952179 14.0
4.166418040270985 13.0
4.1688622369274215 14.0
4.184815571586266 14.0
4.223948171965881 15.0
4.26318685227834 15.0
4.300482642346174 16.0
4.337563175773022 16.0
4.343947893934813 16.0
4.390956622146478 16.0
4.448908930578671 17.0
4.464087084314856 17.0
4.483109146495475 17.0
4.507597259773488 18.0
4.598275518957347 19.0
4.617312034425094 19.0
4.62725939205557 19.0
4.750086820630617 19.0
4.8339711249592305 19.0
4.86174472801116 20.0
4.862296041634932 20.0
4.904656525362222 20.0
4.938043129528305 21.0
5.042532438124827 22.0
5.043014365770936 22.0
5.057568897958324 22.0
5.085408023001781 21.0
5.250265516708447 21.0
5.283036554636585 21.0
5.325968451747719 20.0
5.342085237018946 20.0
5.346526664004864 21.0
5.376964352376817 22.0
5.396277611630794 22.0
5.418891703073744 22.0
5.432084403833799 23.0
5.540168134061547 23.0
5.55881849784363 22.0
5.5875966879933054 22.0
5.587906537819078 22.0
5.67691674550976 21.0
5.78938682841747 21.0
5.794281413948241 20.0
5.80821545564999 19.0
5.8467079525477 18.0
5.848548368957925 19.0
5.865767942803305 18.0
5.907774851162754 18.0
5.93497710197667 17.0
5.939576749297523 17.0
5.971696227795737 18.0
6.003234466060225 18.0
6.037028419626926 19.0
6.062083205096681 18.0
6.074845609365227 18.0
6.156503354114132 17.0
6.186861204592289 17.0
6.198794658902039 18.0
6.26540293389008 18.0
6.350522092794644 18.0
6.379493281479719 19.0
6.3881307094552495 19.0
6.459111143725891 18.0
6.466199167459086 19.0
6.4819572892533115 19.0
6.5756604784383725 19.0
6.747394479543381 18.0
6.7872873435513394 19.0
6.7930290641456095 19.0
6.82918884833634 19.0
6.89167947524252 20.0
7.002813478805124 21.0
7.035819248763778 22.0
7.0386924469296135 23.0
7.103227075247382 24.0
7.115976768246409 25.0
7.330926100917776 24.0
7.345882653340921 23.0
7.409528238011607 22.0
7.409623838110071 22.0
7.489567428702492 23.0
7.54907854721469 22.0
7.559017740573866 21.0
7.575351446570802 21.0
7.583332111264854 22.0
7.606416864903291 21.0
7.613163767209312 22.0
7.701542479187979 21.0
7.7925010715861065 22.0
7.803354011849919 23.0
7.804402036711677 24.0
8.072520463308265 24.0
8.146118453608976 23.0
8.148587982559697 24.0
8.161113707787866 23.0
8.253200487965007 23.0
8.361332896338986 22.0
8.42315606836363 22.0
8.455118078838236 22.0
8.528489737719111 22.0
8.534622760173063 23.0
8.568015818566762 23.0
8.577814354042621 24.0
8.62633672117969 23.0
8.626785045862439 24.0
8.674500331649483 24.0
8.757711146260945 24.0
8.77347840219654 23.0
8.78755217886736 24.0
8.803142682552105 23.0
8.884067145910945 23.0
8.93291850759296 22.0
8.951804608511535 23.0
9.017498913584964 22.0
9.043134603702496 21.0
9.065814780434073 20.0
9.073315614116064 20.0
9.078622555314032 20.0
9.087846093126718 21.0
9.094963663454159 22.0
9.162598646107359 22.0
9.244847333385602 22.0
9.296633145352994 22.0
9.392773224503498 23.0
9.440013198051886 24.0
9.507525430148023 25.0
9.517246103294433 25.0
9.573256759845279 26.0
9.716022494116979 26.0
9.80903804048991 25.0
9.972903405416435 25.0
10.060952125270218 25.0
10.327002896332596 26.0
10.332803646452934 25.0
10.424202123091629 26.0
10.432713322078078 27.0
10.463510370900279 28.0
10.465058439430363 29.0
10.466067084825028 28.0
10.572863621971647 29.0
10.584380931503379 30.0
10.594882230691892 31.0
10.750304734139007 32.0
10.75486732985306 33.0
10.83548022770591 33.0
10.868400037190224 33.0
10.906797942339908 32.0
10.941755468963926 31.0
10.959199551279315 30.0
11.00493872921946 29.0
11.040029976006146 29.0
11.19025224001786 28.0
11.289884676736225 29.0
11.305426032109628 28.0
11.30959292124915 28.0
11.316591540783827 29.0
11.331113986692259 29.0
11.340442495312702 28.0
11.393971826541977 29.0
11.421255492113094 29.0
11.563952986990529 28.0
11.59286470806459 28.0
11.603646451292935 27.0
11.621381886190619 26.0
11.634821850416765 25.0
11.684578008282553 25.0
11.748434230713256 24.0
11.806435526529892 23.0
11.839012789135193 22.0
11.87518306222119 23.0
11.876593772347068 23.0
11.935588775887403 23.0
11.971839219791832 24.0
11.980237576376387 24.0
12.020802456290758 24.0
12.025879458040222 25.0
12.03089305366689 26.0
12.074837804630436 26.0
12.123265507716248 27.0
12.141706121907612 26.0
12.15159095153594 26.0
12.21206193139558 26.0
12.298846243385203 27.0
12.332404591668299 26.0
12.440038632017892 25.0
12.443074157683741 26.0
12.570015760233755 26.0
12.666148986575237 25.0
12.673388147214807 25.0
12.752841956533064 25.0
12.80710699871598 25.0
12.809546128517681 26.0
12.865189501689322 26.0
12.879579884091736 27.0
12.880870697113942 27.0
12.893770173671859 26.0
12.931071206650984 26.0
12.943852952636318 26.0
12.948621038038146 26.0
12.964576723652584 27.0
13.051759657435294 28.0
13.072299005306686 27.0
13.083958016842121 28.0
13.153457770466098 29.0
13.220396274445191 28.0
13.240980195510913 27.0
13.243853292911714 27.0
13.268097827829045 26.0
13.302807424163671 27.0
13.31801140860261 28.0
13.339156652403696 29.0
13.365576580220726 30.0
13.39748564275935 29.0
13.43531247591743 29.0
13.484833523225866 28.0
13.4911509165772 27.0
13.503639363261701 28.0
13.635875905918896 29.0
13.66032727100973 28.0
13.661499728755853 28.0
13.702332557241117 27.0
13.724610759587465 26.0
13.749224043981119 26.0
13.780497024182562 26.0
13.86254646743175 25.0
13.87181916433526 26.0
13.877235966741896 25.0
13.878745192311966 25.0
13.983933362643384 24.0
13.988204253486813 24.0
14.023828925692097 24.0
14.025975263348846 25.0
14.02843905561826 25.0
14.059787614083135 24.0
14.16758727104288 23.0
14.168826521710498 24.0
14.176870751834281 25.0
14.252300627611543 25.0
14.266817557963442 26.0
14.283724633083988 27.0
14.314587841029791 28.0
14.368646700570853 27.0
14.369482145399424 28.0
14.383071487073527 27.0
14.419176820439393 28.0
14.455068232385587 27.0
14.553963770897713 26.0
14.593798149563963 26.0
14.608514991737392 25.0
14.608892846344919 25.0
14.624370083416117 25.0
14.70276421326528 24.0
14.713244433927237 24.0
14.726784239026092 23.0
14.780102329223306 23.0
14.784329238629537 23.0
14.920090840402237 23.0
14.936653192264675 23.0
14.99407410700294 24.0
15.006948868944516 24.0
15.210406014555199 24.0
15.272336602043488 25.0
15.277892693646763 24.0
15.296544244453774 24.0
15.379320396949781 23.0
15.400329177230182 22.0
15.442357416450736 22.0
15.460900625954126 21.0
15.487913557382567 21.0
15.504145193209943 21.0
15.586584275721718 22.0
15.61414860976141 22.0
15.646890473661907 23.0
15.664555751814385 24.0
15.666471605096485 24.0
15.76681557088211 24.0
15.812007406973438 23.0
15.83537436813394 24.0
15.841252888546249 24.0
15.892244964366949 23.0
15.968486911619909 23.0
15.983658960836003 22.0
16.000596116887067 22.0
16.012498948350068 22.0
16.014961392273733 23.0
16.049564992487788 23.0
16.082101028640707 22.0
16.134345542225134 23.0
16.142399563944846 24.0
16.247708741574115 23.0
16.252933933962577 23.0
16.327418141735986 23.0
16.376411048089185 23.0
16.384060058948503 23.0
16.494281793366245 23.0
16.619875364161008 23.0
16.677960560828154 23.0
16.697487346245968 22.0
16.755960392293314 21.0
16.81573902518273 22.0
16.831835458217004 22.0
16.84769923159545 23.0
16.851002918564067 24.0
16.854380726715153 24.0
16.85579603345391 23.0
16.89751901351198 24.0
16.93228136581997 24.0
16.93855287292678 24.0
16.96619457333057 23.0
16.96931982331159 23.0
16.975104190127553 23.0
17.023612075701838 24.0
17.054827633874762 23.0
17.058161503415963 24.0
17.11543475495574 25.0
17.135480737930113 26.0
17.14460689000333 27.0
17.149112326072242 26.0
17.168264948267016 25.0
17.187865745208736 25.0
17.225400352437553 25.0
17.231512786219085 25.0
17.26519153301798 25.0
17.306997249470296 26.0
17.351989033829327 27.0
17.357901844167383 27.0
17.36455793267392 28.0
17.388353922374847 29.0
17.397415708445898 30.0
17.47479215808873 29.0
17.530479576576326 30.0
17.65048894951632 29.0
17.673363266350865 30.0
17.757491585477716 30.0
17.775629397464165 29.0
17.798273448217802 28.0
17.814435779484594 27.0
17.81603302089682 26.0
17.875494270283387 25.0
17.88615201182317 24.0
17.91705341861072 23.0
17.933559350078024 22.0
17.9430309583336 23.0
17.962460241232773 23.0
17.973375688332663 23.0
17.9877402352228 22.0
18.02627640631953 23.0
18.073109019998245 22.0
18.081113430986004 22.0
18.085340425822782 23.0
18.114748611194944 22.0
18.157827250847614 23.0
18.201947419270383 22.0
18.20494152225196 22.0
18.217513697742813 22.0
18.25046959840355 23.0
18.270545883989012 24.0
18.303989521386224 25.0
18.309018814519316 26.0
18.33716394499318 27.0
18.337284353126535 26.0
18.33758600459504 27.0
18.371343164165935 27.0
18.381702102849 27.0
18.387524603326682 28.0
18.41211078992456 28.0
18.47670317730974 28.0
18.484405811910314 29.0
18.509961642024567 29.0
18.561448231031203 28.0
18.56562747378419 29.0
18.66998256587757 28.0
18.698625278521618 28.0
18.706677749707413 27.0
18.747777751718413 28.0
18.74807396323278 28.0
18.770206231390514 27.0
18.87328670540579 27.0
18.886250299759762 28.0
18.94724225700205 27.0
18.962651254814624 28.0
18.978731998086165 27.0
19.024541245512058 27.0
19.113112991855115 27.0
19.14256953876269 27.0
19.17986951102014 26.0
19.203321705649078 25.0
19.223386684413818 25.0
19.298867044985382 25.0
19.31564414302 25.0
19.38996943012464 24.0
19.434109419295407 23.0
19.517829223626652 23.0
19.597409115971654 23.0
19.607989370572643 22.0
19.650043849523882 22.0
19.714863818464355 23.0
19.716365600856204 24.0
19.74257716642682 24.0
19.743436815610625 25.0
19.76048604627739 24.0
19.810677112569824 24.0
19.88164121631228 25.0
19.893300078462744 25.0
19.939387654863 24.0
19.953337817014546 24.0
19.954737642015218 25.0
19.958515412179565 24.0
19.99390900187815 23.0
20.02170794455467 23.0
20.06258254814132 22.0
20.075262981429468 21.0
20.08069148195392 20.0
20.154801570688324 21.0
20.16275966213336 20.0
20.241598794829432 21.0
20.262655379102803 22.0
20.279573039370785 23.0
20.34617480526758 23.0
20.39168614531604 22.0
20.452205833352902 22.0
20.45615577004891 22.0
20.477397829550263 22.0
20.4899532171971 23.0
20.555784777052253 23.0
20.563193399989732 24.0
20.56687548791573 24.0
20.6334649841693 25.0
20.646766897363374 26.0
20.71050471564733 27.0
20.825433085292577 27.0
20.870408106020864 27.0
20.882587839936306 26.0
20.936080174290367 25.0
20.967243447844258 26.0
21.000270661437856 26.0
21.023813643023836 26.0
21.035703104554965 26.0
21.09128662053541 26.0
21.115686614502398 26.0
21.17465277511483 26.0
21.192923581222278 25.0
21.265307592422367 25.0
21.345023438232815 25.0
21.403261729306514 26.0
21.40518574746937 26.0
21.43520355785149 27.0
21.570817537021945 28.0
21.58206567459041 28.0
21.6135064884677 28.0
21.616846858400063 28.0
21.674232741736333 27.0
21.685344461509423 27.0
21.694108519886033 27.0
21.714547877739886 28.0
21.73016277034125 28.0
21.75142903989758 29.0
21.760348032346894 28.0
21.77054716804452 27.0
21.813118873744248 26.0
21.82008799743689 27.0
21.82932338856706 28.0
21.85393877252566 27.0
21.920737893432843 27.0
21.930000310921262 27.0
21.93038981291893 27.0
21.94906765089467 28.0
21.96557802651612 27.0
21.99666931562991 28.0
22.00893392472295 27.0
22.028902289556353 28.0
22.032622529838623 27.0
22.092150255914586 27.0
22.105805214663235 28.0
22.123366501097376 29.0
22.126657617257912 30.0
22.151331797981527 31.0
22.170006017043963 30.0
22.225116821593524 31.0
22.300434285004286 30.0
22.358965888739917 30.0
22.455410712056853 29.0
22.463394610855758 29.0
22.489432312653364 30.0
22.557796725150613 29.0
22.603006998781236 28.0
22.61103464369792 28.0
22.632104354626755 28.0
22.646359851406242 27.0
22.69690217561864 27.0
22.79973493749804 27.0
22.825360031783163 28.0
22.83828173140716 28.0
22.895472212180348 29.0
22.93040505068591 30.0
23.01262306448045 31.0
23.03067828247614 30.0
23.040761381048558 29.0
23.066369611485896 30.0
23.070087622097173 30.0
23.10362334749468 31.0
23.108185317666187 31.0
23.11098218911324 30.0
23.227224886199206 29.0
23.273398655364613 29.0
23.302730714795263 28.0
23.33651850198387 27.0
23.345590184150044 27.0
23.4011004932982 28.0
23.41923232748848 29.0
23.470182822897097 30.0
23.494777587611214 30.0
23.500327736505454 29.0
23.53667309779452 28.0
23.60922898071553 27.0
23.6203640608226 28.0
23.627688351910237 28.0
23.630935805495245 29.0
23.655916000361117 29.0
23.699348151893847 28.0
23.737401148397904 27.0
23.86770343779602 27.0
23.870237920844563 28.0
23.94404797513242 27.0
23.94955416267779 28.0
23.95117543681198 27.0
23.977762992488216 28.0
23.979489534989852 27.0
24.00245628082784 26.0
24.027959496941204 25.0
24.05082321180216 24.0
24.065657498182475 23.0
24.081338431399185 23.0
24.084359951892637 22.0
24.16293929182084 22.0
24.33133365827865 23.0
24.341993837240068 24.0
24.38465429877323 24.0
24.392720516845632 23.0
24.405090265005175 23.0
24.411615708326067 22.0
24.444809461428452 21.0
24.495987306560384 20.0
24.624687950815193 19.0
24.636036940427267 19.0
24.640848875348038 19.0
24.727788784614745 19.0
24.81428203233546 20.0
24.834310225420367 21.0
24.854295702481647 21.0
24.891383948810528 20.0
24.924998482015607 20.0
24.94076914768264 20.0
24.96065971845605 20.0
24.98476632113994 19.0
25.007114584235232 20.0
25.017813940589274 21.0
25.043695478314085 22.0
25.063194515239722 21.0
25.069893379568516 21.0
25.077508703309714 21.0
25.08507046812235 22.0
25.13678698182672 22.0
25.157876111526882 22.0
25.174845021065817 23.0
25.2535352747706 24.0
25.26986942469187 24.0
25.271770279063997 23.0
25.285101563198456 23.0
25.32382739391238 24.0
25.35674292147948 23.0
25.451322134435948 23.0
25.468499791309416 24.0
25.49053496557045 24.0
25.561309261024494 24.0
25.598558318865653 25.0
25.61108352638596 24.0
25.621296159980677 25.0
25.679469141675096 25.0
25.716159998057115 25.0
25.745097037895174 26.0
25.74741889498474 25.0
25.754994977537127 26.0
25.757906771218767 25.0
25.812383301109676 26.0
25.877519410694443 27.0
25.89967627510357 26.0
25.902733392804784 25.0
25.940331187541005 25.0
25.964630828254627 26.0
26.128657662381794 27.0
26.165745815266217 28.0
26.208237413991654 29.0
26.300293735748788 30.0
26.303278167326337 29.0
26.337715091743394 28.0
26.345197247279373 29.0
26.37354449361939 29.0
26.434559818492893 28.0
26.48342486637732 28.0
26.489500208509067 28.0
26.51428640111394 28.0
26.523641762871875 28.0
26.534714447763605 27.0
26.587039325867018 27.0
26.591253204170414 28.0
26.5983532031787 27.0
26.639937504511096 27.0
26.710258730626627 27.0
26.776886673133603 26.0
26.83758806928412 27.0
26.89507028799436 27.0
26.943485812573762 27.0
26.980550689616663 28.0
26.983579690111505 29.0
26.98952210396592 28.0
27.052353284857087 27.0
27.05262615558256 28.0
27.18410071371077 28.0
27.205409080235476 27.0
27.20934229756888 27.0
27.38410843091038 28.0
27.436340307453055 27.0
27.445940125511488 28.0
27.498769353767738 29.0
27.51356231054757 29.0
27.567565443883176 30.0
27.605720514444407 29.0
27.66123233049288 29.0
27.66952625039348 28.0
27.714309770209013 27.0
27.72519710838086 26.0
27.855422934157026 27.0
27.867916774460834 26.0
27.870123039353075 25.0
27.93009341848541 25.0
27.97492037817983 24.0
27.997725863061305 23.0
28.01793782501168 23.0
28.026357313385382 23.0
28.05978030083407 24.0
28.123331058375083 24.0
28.16148890656407 24.0
28.24868723185954 25.0
28.31693265897861 25.0
28.39492890869095 24.0
28.403287153133174 24.0
28.591704273778127 23.0
28.616619765834635 23.0
28.691497344752953 24.0
28.706086452372894 23.0
28.708647324782905 24.0
28.761701273032397 23.0
28.81150213496993 23.0
28.831966636804935 24.0
28.83813401365843 23.0
28.861741992951828 23.0
28.865413321086937 22.0
28.872239556356863 21.0
29.007510830891476 21.0
29.12733946691635 20.0
29.137624512530735 19.0
29.143879156515304 20.0
29.168829241718235 20.0
29.179159130105102 20.0
29.186203235968947 21.0
29.425033081626907 21.0
29.44578223816702 22.0
29.450706798859482 22.0
29.58966569367758 23.0
29.60211629664314 23.0
29.611010267864465 22.0
29.645705855386915 23.0
29.65097048030476 22.0
29.70606041214621 21.0
29.73901073664213 20.0
29.806772434188016 20.0
29.850063106748642 21.0
29.90172116346166 22.0
29.976181242890654 21.0
29.992788184750697 21.0
30.001590866561386 22.0
30.01903010521833 23.0
30.03720623742653 22.0
30.055371213830625 23.0
30.178003625545614 23.0
30.202679153155984 23.0
30.275951071251058 23.0
30.302410274891194 23.0
30.37357954369276 23.0
30.382464867643133 23.0
30.41785469832926 22.0
30.51617277824681 22.0
30.517873271291474 22.0
30.53353806475624 21.0
30.593569470938043 21.0
30.600033094546987 22.0
30.606735188572042 22.0
30.616791742259554 22.0
30.627153842330895 21.0
30.683970533144237 20.0
30.72138456394317 19.0
30.780062820365714 20.0
30.7958397742748 19.0
30.84389371649817 19.0
30.871481277143502 18.0
30.93471058736444 18.0
30.952039302197484 17.0
30.958134029193996 17.0
31.048803868075684 17.0
31.087315063328738 16.0
31.1845753468448 15.0
31.252397864337308 15.0
31.295760544041432 15.0
31.29613648552816 15.0
31.315491527915015 14.0
31.380005333691724 15.0
31.395579347524244 15.0
31.414958144503753 16.0
31.52459319215918 17.0
31.54985839197539 16.0
31.76749648162367 15.0
31.800779641075668 15.0
31.877344324642877 14.0
31.8995039036566 13.0
31.973816359542848 13.0
32.02950327586572 14.0
32.111550825380604 14.0
32.265493111998225 15.0
32.26690064100786 15.0
32.309293235103034 15.0
32.33068599084128 14.0
32.37612919103452 15.0
32.44061635432184 14.0
32.494875748739716 15.0
32.577608069593914 15.0
32.578296165761586 14.0
32.60712565263804 14.0
32.75254097315843 13.0
32.79076725549295 14.0
32.79313410683788 13.0
32.80423275987094 14.0
32.904545558680134 14.0
32.91293429068895 15.0
32.95299982537433 14.0
33.00104680947802 15.0
33.0281673638805 15.0
33.08357360685529 15.0
33.10366147751382 15.0
33.22463001892422 16.0
33.23275931345174 15.0
33.2372612892301 14.0
33.263394279201734 15.0
33.30321658875459 16.0
33.319289037169426 17.0
33.340439260414335 16.0
33.361768411780105 17.0
33.435208975373854 17.0
33.50982874127769 17.0
33.570860556562025 17.0
33.59644414371931 17.0
33.60865421463176 17.0
33.628199319692946 16.0
33.64158766461641 15.0
33.67888752213051 15.0
33.689681970528234 14.0
33.698506439681786 13.0
33.73881303808818 14.0
33.74381797982029 15.0
33.763240356848584 14.0
33.78298579270789 15.0
33.8146211226796 16.0
33.82059372311452 15.0
33.83110548929998 15.0
33.83800106379159 14.0
33.86067693647036 15.0
33.87264864166572 15.0
33.89010753891573 14.0
33.893253942701506 15.0
33.92743826848714 14.0
33.94501478228148 14.0
33.949728983136616 14.0
33.99237979519479 15.0
33.99318198328928 15.0
34.01302454174583 14.0
34.050438869290986 13.0
34.05722953320928 13.0
34.064646237837586 13.0
34.07585622060964 13.0
34.160377003669126 13.0
34.168816930445914 14.0
34.22603101714349 14.0
34.246527955000936 14.0
34.247218094939676 14.0
34.454005631879866 15.0
34.45524095968807 16.0
34.47271743240594 15.0
34.53823174729818 15.0
34.580332319815 16.0
34.674213001062796 16.0
34.72454385841464 15.0
34.81981559739202 14.0
34.86492981120436 14.0
34.86507820897454 15.0
34.908528910710416 16.0
34.91211559359885 16.0
34.986126033561476 17.0
34.99210214287347 17.0
35.00220573876356 17.0
35.0132858521477 16.0
35.014951131830145 15.0
35.03461500081853 15.0
35.04378425419091 14.0
35.05780062024446 14.0
35.059621873295214 14.0
35.06854881606582 13.0
35.082307254619835 13.0
35.09209912281649 13.0
35.15548678364748 13.0
35.159999882538834 13.0
35.16777473558993 12.0
35.19330246536584 12.0
35.19511025670382 13.0
35.20309069680055 13.0
35.25981890751208 12.0
35.3284724845292 12.0
35.43928952535772 11.0
35.480713481636265 11.0
35.49088945994974 10.0
35.526321534294766 10.0
35.57971898917967 10.0
35.58950638421507 11.0
35.760834606653745 12.0
35.77796801274308 12.0
35.78640760468792 11.0
35.80024199658251 11.0
35.8032403976806 11.0
35.836518510667744 11.0
35.91143446695172 11.0
35.92208894354239 11.0
35.959408768286494 12.0
35.98184073353776 13.0
36.00291812180648 13.0
36.00374549044748 14.0
36.00979257082651 14.0
36.01549484597166 14.0
36.01950770530177 13.0
36.02156547663662 13.0
36.1114486097152 13.0
36.11915425270222 13.0
36.152154687439534 14.0
36.16417377247292 15.0
36.224608330200965 15.0
36.277438549058054 16.0
36.32145169245873 16.0
36.339791424978465 17.0
36.35406350459843 17.0
36.41624277999307 16.0
36.42245693526585 15.0
36.42425472588972 15.0
36.445626313959075 15.0
36.48809186861903 14.0
36.50798137152298 14.0
36.529218474128605 13.0
36.58488716436449 12.0
36.60686164019841 11.0
36.629300946619 12.0
36.64979574070468 13.0
36.65664102731711 13.0
36.66065481830069 12.0
36.716482929266874 13.0
36.72697979465449 12.0
36.75129473251598 12.0
36.77179000505652 12.0
36.78637931492255 13.0
36.80858171676968 14.0
36.832687377227984 14.0
36.83836847720016 13.0
36.89620375236547 13.0
36.927416537005854 13.0
37.047235698296156 13.0
37.08127609882182 12.0
37.12000250245355 13.0
37.158128692310754 14.0
37.17574140707981 13.0
37.18385342247463 13.0
37.261655560365384 13.0
37.30277903579607 14.0
37.39212644824944 14.0
37.40352051447097 15.0
37.413150750270844 15.0
37.45109970222032 14.0
37.476559675562044 13.0
37.47860106363746 13.0
37.498065525641955 12.0
37.52560989310332 12.0
37.53861174167146 13.0
37.54446894609958 13.0
37.58121508754697 13.0
37.61845732509789 13.0
37.673467177789796 14.0
37.689526041992146 13.0
37.70627514016123 13.0
37.916179081959434 13.0
37.92206132267536 14.0
38.02034109651005 15.0
38.031696762581184 15.0
38.11146328048624 16.0
38.11402520114691 16.0
38.171593473066096 17.0
38.204382847659346 16.0
38.22549307228341 16.0
38.265234837756594 16.0
38.33287298592002 16.0
38.35767432439251 16.0
38.35927521006145 16.0
38.37337083591713 17.0
38.423610865317485 17.0
38.43321965964463 17.0
38.440441389635126 16.0
38.6519881867087 16.0
38.71221662596064 17.0
38.82934342066249 17.0
38.85344974727298 16.0
38.89136982565381 16.0
38.92423565106982 16.0
38.97035198565239 16.0
38.99753183037701 17.0
39.01245702147832 16.0
39.05120494818681 17.0
39.123569730709576 18.0
39.14735417447084 18.0
39.27793422866154 18.0
39.29578334650005 18.0
39.38301738783959 17.0
39.41929637032949 16.0
39.46491885063377 15.0
39.53990055441014 15.0
39.57447711379262 15.0
39.59752349774354 15.0
39.63455783806842 15.0
39.649124144415126 16.0
39.71458396749753 16.0
39.772430561457895 16.0
39.77416779486623 16.0
39.794582109100716 17.0
39.80895852780264 18.0
39.81081495203098 17.0
39.840297158846646 16.0
39.8740366844314 17.0
39.90950374278248 16.0
39.96562559811693 16.0
40.07300083995114 16.0
40.0806827556158 16.0
40.12445700824891 17.0
40.12963164063881 17.0
40.14148890669856 17.0
40.24538817058046 18.0
40.36347978862355 17.0
40.38677749252956 16.0
40.441724781717014 15.0
40.45537061548124 16.0
40.51020921106918 15.0
40.5681465583209 15.0
40.60343331749786 14.0
40.630347596143466 14.0
40.6763468584428 14.0
40.700161226684465 14.0
40.72132808572556 14.0
40.7335494008526 14.0
40.73573142634706 15.0
40.75002618898044 15.0
40.76239290341634 15.0
40.810253217566284 15.0
40.81969547400541 14.0
40.830130049742394 13.0
40.84871518249126 14.0
40.96657662095953 13.0
40.98952200142804 13.0
41.0694784648509 13.0
41.16517733612224 14.0
41.170755560111125 15.0
41.2037590790649 15.0
41.2043404303855 15.0
41.228883914977516 15.0
41.23604767263687 16.0
41.29066661450265 16.0
41.31455217332275 15.0
41.325932492647595 15.0
41.34224717765363 15.0
41.39147437379454 15.0
41.401414875240285 14.0
41.50361225165149 15.0
41.52530608805666 16.0
41.580047692403234 15.0
41.60335885815954 15.0
41.64567270165907 15.0
41.653681225270994 16.0
41.676039844259876 16.0
41.844481885015504 16.0
41.84994800587824 17.0
41.85762213992443 17.0
41.95012118207205 18.0
41.96841138473791 18.0
42.03143649854737 19.0
42.06263017097472 19.0
42.06979025177663 19.0
42.11340774977738 18.0
42.154724333901946 17.0
42.35858063203815 17.0
42.412682633606195 18.0
42.429207074140784 18.0
42.46441089291181 18.0
42.52631597963244 18.0
42.58228452220617 18.0
42.67608163492334 19.0
42.68077824421343 20.0
42.7069807870752 21.0
42.78910999385495 20.0
42.83878320511638 21.0
42.86099916647973 20.0
42.906216223175264 19.0
42.911183011233106 20.0
42.93557321130467 20.0
43.11133361628797 20.0
43.12667274297451 19.0
43.15234549960434 19.0
43.17265075107368 19.0
43.213163283729976 19.0
43.28764945383871 20.0
43.31834432720268 19.0
43.34978766535284 18.0
43.38048644537178 17.0
43.40599464268786 18.0
43.44204512448966 18.0
43.45865171937055 18.0
43.46639041197114 18.0
43.57069867836855 18.0
43.579888356226036 17.0
43.59192796844229 17.0
43.6710536884308 17.0
43.814975385432646 18.0
43.8159712391892 18.0
43.86405930572088 17.0
43.893211455604245 17.0
43.89665853316515 18.0
43.908967730028316 18.0
43.9106203236094 19.0
43.93406379352897 20.0
43.9884031050135 19.0
44.01526321998349 20.0
44.02845473680786 19.0
44.23526598207278 19.0
44.24780963226795 20.0
44.417374028310334 20.0
44.44690011212946 20.0
44.46394542227756 20.0
44.46695471104304 19.0
44.47620478881087 19.0
44.500176601009116 18.0
44.50039212112526 18.0
44.616023016171766 17.0
44.654941981436195 17.0
44.68725853297002 17.0
44.76086512380439 17.0
44.88179280487754 16.0
44.88490339862075 17.0
44.91493062799152 16.0
44.991722657432994 16.0
45.00735908397568 17.0
45.02853149586404 17.0
45.04013460174641 18.0
45.06529511329461 19.0
45.07130541241935 19.0
45.086378938473636 19.0
45.12287149216261 18.0
45.17981239423903 18.0
45.19354959492785 18.0
45.19751556719235 18.0
45.208557554929136 17.0
45.26422420139007 18.0
45.278472236168454 17.0
45.29409276593135 17.0
45.33368834259578 16.0
45.39460462719355 15.0
45.453548547790845 14.0
45.475803108820614 14.0
45.4930780923966 15.0
45.501480922967474 15.0
45.52710816124474 15.0
45.53814339906792 15.0
45.551766615179396 14.0
45.57553515132589 14.0
45.62374089283723 14.0
45.74667448877468 14.0
45.7545592728283 14.0
45.86498114825413 15.0
45.86573683830493 14.0
45.86882081366896 13.0
45.947974574877044 14.0
45.96300707426013 13.0
46.00107058176617 13.0
46.074290098282646 14.0
46.35306062353545 14.0
46.4296689626248 15.0
46.45045218343052 15.0
46.48242511977246 15.0
46.63525218292221 16.0
46.75052010214364 15.0
46.789495172828005 16.0
46.816439279697725 16.0
46.864868122846524 16.0
46.87532408855529 16.0
46.88277170679299 17.0
46.920595564434535 17.0
46.93537241593832 16.0
47.082887480761535 16.0
47.09223465297778 16.0
47.1060798193321 15.0
47.12436399371665 15.0
47.166755497840676 15.0
47.171764571764214 15.0
47.189791140989925 15.0
47.204119221430446 16.0
47.24388813488343 17.0
47.25426006647326 17.0
47.29937586127464 16.0
47.31122607397422 17.0
47.400636918280576 17.0
47.451117647984546 17.0
47.49922430062463 16.0
47.5419440541085 15.0
47.558928205654695 15.0
47.655347982616135 16.0
47.732056518017274 16.0
47.77922170477827 15.0
47.81936497434614 15.0
47.83619937419457 15.0
47.89268553430678 15.0
47.975292482790614 15.0
48.01178000238205 15.0
48.01194624811516 15.0
48.04176020597204 15.0
48.10296792863201 16.0
48.125411395594334 15.0
48.24464570863266 16.0
48.28839112963516 16.0
48.33682548075826 15.0
48.341868154384066 16.0
48.38888837703889 15.0
48.40692482748428 15.0
48.4279926117108 15.0
48.45354669760693 15.0
48.58644058283753 14.0
48.59567226389744 13.0
48.62431858966254 12.0
48.63432038475099 12.0
48.641328431516754 13.0
48.66626449836081 13.0
48.681305061902734 14.0
48.70130868037648 13.0
48.75158374038563 13.0
48.81474708865928 12.0
48.85525099703202 12.0
48.88232153943579 13.0
48.90091655104156 13.0
48.9335128622578 13.0
48.96351652526312 14.0
48.9704830144941 14.0
49.10388663106146 15.0
49.130089857951425 16.0
49.160042661821294 16.0
49.20890574835049 17.0
49.27503729162014 18.0
49.28754834701732 19.0
49.36954862948956 18.0
49.42409798364967 18.0
49.47171258857011 18.0
49.47876260076598 18.0
49.48279051978719 18.0
49.55129345638059 19.0
49.58088339602485 18.0
49.703806193230385 17.0
49.7406174601853 18.0
49.749681143961524 19.0
49.778565646362345 18.0
49.81662870455307 18.0
49.84756825390962 17.0
49.87265057775282 16.0
49.930570259320206 16.0
49.98516930434097 16.0
50.00565767451069 17.0
50.01193220260532 16.0
50.01432065437748 15.0
50.02668690068852 16.0
50.09279907558666 16.0
50.121312309224884 16.0
50.13686740221786 16.0
50.151070883208064 16.0
50.170872402357745 16.0
50.23718109531169 15.0
50.281195667890714 15.0
50.29506449647559 15.0
50.30304409762858 15.0
50.303778845363944 14.0
50.31159136765616 14.0
50.3276764112693 14.0
50.345895281043504 14.0
50.40178358675567 14.0
50.53177386884644 14.0
50.56427051540157 13.0
50.58360626751792 14.0
50.58812207827109 14.0
50.800440251309226 15.0
50.80869918154995 14.0
50.82533138371216 14.0
50.87080640964156 14.0
50.9170780818928 14.0
50.92622726157659 13.0
50.94789958498868 13.0
50.9905652354957 12.0
51.06535396867457 12.0
51.074186305661094 13.0
51.076453838517295 13.0
51.08445249942724 14.0
51.08742701751202 13.0
51.117619256325554 14.0
51.1340694004685 15.0
51.182623106756964 15.0
51.18300769802988 14.0
51.282221371194154 15.0
51.34945871899901 15.0
51.38117511035688 15.0
51.395582331999584 15.0
51.39975891908732 14.0
51.484543821682706 14.0
51.49978815856522 13.0
51.526552696798284 12.0
51.53963026579157 12.0
51.57471770754943 13.0
51.61428875921831 12.0
51.63600769108208 13.0
51.67660260653369 13.0
51.687937341116246 13.0
51.72878597930966 13.0
51.73740107153158 13.0
51.76480455852176 12.0
51.76865063237298 13.0
51.79898058800952 14.0
51.83581044498737 15.0
51.86595572293285 15.0
51.89719878707565 15.0
51.91906652662266 15.0
51.94683792286371 16.0
51.94998383277603 16.0
51.951925490842264 15.0
51.97181707095512 15.0
51.99181100589517 15.0
51.99256068862078 16.0
52.01829510924703 16.0
52.03666265076183 17.0
52.05968878161491 18.0
52.07123092516958 17.0
52.19660231912851 18.0
52.20672916972148 18.0
52.27345559981806 19.0
52.304743799987726 19.0
52.33942093934673 19.0
52.34749383860749 18.0
52.38333110954517 18.0
52.557792393493806 17.0
52.598203695172906 17.0
52.631063356043335 18.0
52.63669298621825 17.0
52.6908579570904 16.0
52.751395305875725 17.0
52.774361026870906 16.0
52.78219025799793 15.0
52.784504433640414 15.0
52.79988626753828 14.0
52.8226807105341 15.0
52.857453450625606 15.0
52.91371674860706 15.0
52.94978057669164 15.0
52.9576631353982 16.0
52.9661283422952 15.0
53.00843750075543 16.0
53.03379364119176 16.0
53.1229066916645 15.0
53.20103815174567 16.0
53.21597665271328 16.0
53.24222734663295 16.0
53.24996783625255 17.0
53.28231972616903 17.0
53.31169417821388 16.0
53.330093021419195 15.0
53.44099716039953 16.0
53.456603427104895 16.0
53.48846694845823 16.0
53.5935861283516 16.0
53.59489123603453 17.0
53.62241628866978 17.0
53.62328896858059 18.0
53.63924260416578 19.0
53.646041397662565 19.0
53.65064556471055 18.0
53.66223423038424 18.0
53.697835838456925 18.0
53.698032819224 18.0
53.736210292940086 18.0
53.88513568682302 17.0
53.912920455066875 16.0
53.946513036643246 16.0
53.94825343357809 15.0
54.02034822960724 15.0
54.04062906048289 15.0
54.06746405936145 14.0
54.09344464729647 15.0
54.14759353680944 14.0
54.18652937772825 13.0
54.20419100950214 12.0
54.21728073449067 13.0
54.327465991949374 14.0
54.35522137662829 14.0
54.38783872787605 15.0
54.47241383524768 15.0
54.52907383598716 16.0
54.534080502434826 17.0
54.565579252173514 17.0
54.566432306044916 16.0
54.598980521316776 16.0
54.60621766723691 16.0
54.651862414521084 17.0
54.67179067930009 16.0
54.67741222147079 15.0
54.680887378963696 16.0
54.74143178413722 16.0
54.76432192419684 16.0
54.764434108447404 15.0
54.80123155409279 15.0
54.86191973363448 14.0
54.95209739316205 13.0
55.10191257590567 13.0
55.22053414366595 13.0
55.22534142197342 13.0
55.2398470312926 13.0
55.243433717808124 13.0
55.33090432024213 13.0
55.36959395364836 13.0
55.377253336919985 13.0
55.48450192609231 13.0
55.554448013117295 12.0
55.5856900803994 13.0
55.61077241988022 13.0
55.63191680783463 13.0
55.65934824396627 13.0
55.67175119673258 14.0
55.699401206101726 15.0
55.70791624858968 16.0
55.730342372561616 16.0
55.7354317434816 16.0
55.85851983079613 17.0
55.861494234787955 18.0
55.86620987966081 18.0
55.95641088002931 18.0
55.98682330446096 19.0
56.02479607324217 18.0
56.090288026338726 19.0
56.09774692289223 19.0
56.106832730136645 18.0
56.14430147452128 19.0
56.14720788339227 19.0
56.211668739710056 19.0
56.28788419643246 18.0
56.326178199475805 18.0
56.365053168222076 18.0
56.38922588760319 18.0
56.442763346128174 18.0
56.465142413461486 18.0
56.607770507076 17.0
56.669641316893895 17.0
56.80736588393667 17.0
56.80885100048007 16.0
56.826447746987974 16.0
56.86617900722547 15.0
56.872884258003616 15.0
56.976356266632116 15.0
56.98303623875356 16.0
57.011965082306496 15.0
57.01505715848004 14.0
57.04873738391057 13.0
57.12638793973555 14.0
57.13085747378665 15.0
57.13599830613366 15.0
57.214507602406215 16.0
57.42951454937836 16.0
57.453915626566065 16.0
57.46024569514818 16.0
57.513541936574676 16.0
57.62171685400552 16.0
57.6514730095625 16.0
57.659387881926904 16.0
57.6639045438617 16.0
57.675894130216406 15.0
57.73019111315376 15.0
57.793832764119124 16.0
57.86733799413283 16.0
57.879723568532604 15.0
57.95295168758987 15.0
57.97407499511524 16.0
57.97555326940581 15.0
57.99557679052708 14.0
58.030319777580914 14.0
58.05765970031382 14.0
58.086754886031606 14.0
58.10627979902368 14.0
58.14284807795668 15.0
58.19588927759098 14.0
58.223279796832564 14.0
58.27073231018268 14.0
58.31135923750208 15.0
58.34004909150206 15.0
58.40032556112101 15.0
58.57354434372929 14.0
58.573726144759696 14.0
58.58348887575958 14.0
58.62583793810427 14.0
58.64399467858242 15.0
58.741042485043984 14.0
58.75325802275825 15.0
58.75782365015262 16.0
58.76340153805462 16.0
58.774711957284126 16.0
58.9120747084096 16.0
58.912734308634214 15.0
58.9554876016953 14.0
58.989746179782735 14.0
59.00990379764879 13.0
59.0193879020462 12.0
59.02318562268335 12.0
59.05716285923444 12.0
59.063110819617535 11.0
59.08401239234729 12.0
59.14895342414832 12.0
59.174297936982455 13.0
59.188056672428196 13.0
59.188847933016504 12.0
59.27025291975378 11.0
59.318146092435704 11.0
59.33949493159175 11.0
59.37712774451582 10.0
59.37759026488046 10.0
59.39404924499611 10.0
59.40245441698026 10.0
59.40335581236275 10.0
59.422381948685 10.0
59.457493984067355 10.0
59.49491149394091 10.0
59.51118337171714 10.0
59.51638787695969 11.0
59.56624928411121 11.0
59.6253719001998 11.0
59.62739401646308 11.0
59.64346844428941 11.0
59.64630162568511 11.0
59.70180171588391 10.0
59.946792410149484 10.0
59.9934756444492 9.0
60.08103124174099 8.0
60.11445098881027 8.0
60.13732442997395 8.0
60.19809505311035 7.0
60.233112972643795 7.0
60.24775485056271 7.0
60.254718182006 8.0
60.28150853063145 7.0
60.28743332676938 6.0
60.31799904963846 7.0
60.34396763343666 8.0
60.368904724846196 9.0
60.44288590812051 9.0
60.55269257568062 9.0
60.57820084807754 10.0
60.589920258253684 11.0
60.59598719738181 11.0
60.62782002309704 11.0
60.64284371502412 10.0
60.67956467886924 10.0
60.70468560565153 11.0
60.71735175518872 11.0
60.736371165790715 11.0
60.74520780824756 10.0
60.81791197621834 10.0
60.82756525675957 11.0
60.832254829062535 12.0
60.872985924135385 12.0
60.90814222030412 11.0
60.9235001220603 12.0
60.931236787280845 11.0
60.970233697536784 11.0
60.98182946022905 11.0
60.99991333579388 10.0
61.05855527805638 10.0
61.08260384711546 11.0
61.12669920924972 11.0
61.21413830291236 10.0
61.21699642588282 11.0
61.23398993802364 10.0
61.30621462451087 10.0
61.30963707924764 10.0
61.387615295395086 11.0
61.40930664940011 10.0
61.555458386351184 9.0
61.58367818181184 9.0
61.60882732891144 9.0
61.61151803512132 9.0
61.67695389607481 10.0
61.688113199563695 10.0
61.843233244631 10.0
61.843951959597526 11.0
61.8594160213725 10.0
61.8923562294916 10.0
61.90772090310183 10.0
61.94875117628743 11.0
61.949873638015646 11.0
61.994977072532954 11.0
62.01541712010168 11.0
62.02421656645542 11.0
62.07705906654227 11.0
62.15763386738863 11.0
62.191067410934934 11.0
62.22328455241342 11.0
62.2724142659843 12.0
62.37673253787402 11.0
62.395358087095815 11.0
62.418599698678655 10.0
62.42072370738609 10.0
62.431169366788446 10.0
62.478672399439894 10.0
62.53833955729994 10.0
62.64277839597817 11.0
62.655760127714466 11.0
62.6704954324991 11.0
62.6963486513543 12.0
62.721860151274406 13.0
62.78715166486123 13.0
62.82007808700586 13.0
62.82971154584693 14.0
62.88639999735773 14.0
62.96901253711459 14.0
63.05612995147704 13.0
63.097582753505584 14.0
63.121505579518264 15.0
63.137943168156475 15.0
63.143822044812346 15.0
63.17130896365239 15.0
63.18357189098351 15.0
63.25289495872369 16.0
63.25546808319194 15.0
63.25907645596285 16.0
63.26105491146381 15.0
63.38044338923115 14.0
63.40440453695836 14.0
63.41528842520139 14.0
63.422013912797695 13.0
63.43791938484744 13.0
63.489116479593186 14.0
63.50189457499241 15.0
63.54259718217461 16.0
63.54466023706949 16.0
63.60440583137499 17.0
63.645141460146874 16.0
63.65341795764018 15.0
63.65396334110007 15.0
63.702441075035736 15.0
63.769373917077026 15.0
63.813372764000974 14.0
63.87432796773352 14.0
63.926231730180554 13.0
63.972408750799985 14.0
63.9967733192208 14.0
63.99800492379772 15.0
63.999590487563225 15.0
64.01340360390269 15.0
64.01900987133044 15.0
64.06001074201012 15.0
64.09564645072437 14.0
64.13916583674502 14.0
64.15068536298232 15.0
64.19360383484805 15.0
64.22231531943586 15.0
64.234006648008 15.0
64.23923736041272 15.0
64.25915006341079 15.0
64.33244409145551 15.0
64.33627103191068 15.0
64.38266451875894 14.0
64.41790660699336 13.0
64.4233105915863 13.0
64.45854792748256 14.0
64.49998990749164 14.0
64.51214593413482 14.0
64.54445178756762 14.0
64.55070207154618 15.0
64.56183449425895 15.0
64.58216113462441 14.0
64.58413812806688 15.0
64.68540553603643 15.0
64.69122858864122 15.0
64.72961304292998 15.0
64.74520793215753 15.0
64.77455084610213 14.0
64.8389423682719 14.0
64.84119199612944 13.0
64.8956134471697 13.0
64.90354706537174 14.0
65.01796035614294 13.0
65.07904896702718 13.0
65.13909646632624 13.0
65.20554876802946 13.0
65.24725416945805 12.0
65.27560660303457 11.0
65.28100352295577 10.0
65.30460355840516 10.0
65.30823268566395 10.0
65.31906923402985 11.0
65.37900125806658 11.0
65.52208925623846 11.0
65.52879580852297 11.0
65.55450884411951 11.0
65.65068011153984 12.0
65.65320617496485 12.0
65.71283832356195 12.0
65.71378093694541 11.0
65.72530591095372 11.0
65.76445699179848 11.0
65.76474856614297 10.0
65.9199559127116 10.0
65.96895162144345 10.0
65.99356825245842 10.0
65.99658052577446 11.0
66.0351613893441 11.0
66.0612552091402 11.0
66.10822829146255 11.0
66.13952147353002 10.0
66.1432124143523 10.0
66.15960800761404 9.0
66.16092888202462 10.0
66.1757658348306 11.0
66.18206786813484 11.0
66.20086865961355 11.0
66.21498921847886 11.0
66.25768329380676 12.0
66.3715436870237 13.0
66.38620017250831 13.0
66.39050886381828 13.0
66.47934341354247 14.0
66.50735350313583 13.0
66.58607404080246 13.0
66.59412863873403 13.0
66.60919127293097 13.0
66.63084428045465 13.0
66.6334731261688 12.0
66.63919879699762 13.0
66.68833082965817 13.0
66.70756966226503 13.0
66.72551480389193 14.0
66.77243762526322 14.0
66.90569447179087 15.0
66.91848532043545 14.0
66.92516471141604 14.0
66.94030255873493 15.0
67.00265242047713 15.0
67.00851216725391 14.0
67.04291857236865 15.0
67.04599534559625 15.0
67.09694711603431 16.0
67.18358370944351 16.0
67.19648552134487 16.0
67.27936369711689 16.0
67.35814405694764 16.0
67.36175224521811 16.0
67.36869937315751 16.0
67.37300388278649 17.0
67.38780267337623 16.0
67.42078555797742 16.0
67.43072607668144 15.0
67.43726711457768 15.0
67.51319138816936 16.0
67.52851310439405 16.0
67.56229810277775 16.0
67.58020010388935 16.0
67.60976340928602 15.0
67.63634935744557 15.0
67.65950444884248 14.0
67.66787412239032 14.0
67.700924022665 13.0
67.7305542027709 13.0
67.74185665804636 13.0
67.85395080415836 13.0
67.90780579569179 13.0
67.90960498058762 13.0
67.9100633636666 14.0
67.92571736052555 13.0
67.93361748856057 14.0
67.95182036667198 14.0
67.98703751894428 14.0
67.99690305978508 13.0
67.99869893650965 14.0
68.05820497154727 13.0
68.1074237119121 13.0
68.11201362856168 13.0
68.16859596583085 12.0
68.25639450670104 13.0
68.27042711025436 13.0
68.30873684035429 13.0
68.38559418660799 13.0
68.39056699499525 13.0
68.49503260625949 14.0
68.49889115487431 15.0
68.5964561134803 16.0
68.62918210610269 16.0
68.67932521592729 16.0
68.6972428530758 16.0
68.85748915408918 17.0
68.86830300877871 17.0
68.88693406736631 16.0
68.89944301286299 17.0
68.9103332945201 17.0
68.93061845141895 18.0
68.94820945201107 17.0
69.02971261539699 18.0
69.05538366313175 18.0
69.14071021693525 17.0
69.18087829582375 16.0
69.19552175913101 17.0
69.28911867805176 17.0
69.31462645013644 17.0
69.34154068220874 16.0
69.36696173572824 16.0
69.37617082491657 16.0
69.4059961311937 16.0
69.50341414683622 17.0
69.51124235705495 17.0
69.52187479135527 17.0
69.56954425415863 18.0
69.67886664111872 18.0
69.74138820324096 19.0
69.7559228434099 20.0
69.76363345294588 21.0
69.7637028765242 21.0
69.82340863534047 22.0
69.83033810143552 22.0
69.8324679321915 21.0
69.90628857701505 20.0
69.91415842662002 21.0
69.91780104902206 22.0
69.95450052347277 23.0
70.04389828185687 24.0
70.04713200183308 24.0
70.11285086799441 23.0
70.16558132531219 23.0
70.22242384401464 22.0
70.3324724981361 23.0
70.33723604716151 24.0
70.35716035836438 24.0
70.3977530114048 25.0
70.50611939197346 24.0
70.50732116939335 24.0
70.52267479624128 23.0
70.57353075934867 24.0
70.62954229132798 23.0
70.65844904979964 23.0
70.67229345516151 22.0
70.70399017837374 21.0
70.7485308805994 20.0
70.82617983881593 20.0
70.84482388092422 19.0
70.8649103976886 20.0
70.92262199475243 20.0
70.97051952888961 19.0
70.98013978669115 18.0
71.03221944878017 18.0
71.05323012831576 19.0
71.05994763995477 20.0
71.06654965326234 19.0
71.10017989990133 19.0
71.16275538617413 20.0
71.16350448739436 19.0
71.25256621047512 19.0
71.2616086570195 19.0
71.31631965715992 19.0
71.31687433035901 20.0
71.45071507876195 20.0
71.47681421382171 20.0
71.489828173158 20.0
71.56651657893762 19.0
71.65690435912096 19.0
71.65846886288635 19.0
71.69127584633856 18.0
71.70201062379205 18.0
71.7202639743441 19.0
71.7474847681105 18.0
71.76764121199936 19.0
71.77267535649581 20.0
71.79411144996142 20.0
71.80537663220288 21.0
71.81350673372215 21.0
71.81685131713448 20.0
71.83458561898121 21.0
71.893120952585 22.0
72.02373997078105 22.0
72.06112804252807 23.0
72.0839276332699 23.0
72.14945486046096 23.0
72.16806818777629 23.0
72.18862411763027 23.0
72.33278019832834 22.0
72.33911479033678 23.0
72.34947296804182 23.0
72.61639856844256 24.0
72.65122415456885 25.0
72.65704241327109 25.0
72.6575471744901 24.0
72.68720752094615 24.0
72.69017802278509 25.0
72.83605245309967 24.0
72.89469183566034 24.0
72.94278797532112 23.0
72.9652700579613 24.0
73.02485086569448 25.0
73.04191061339026 24.0
73.06493754901994 23.0
73.11823143043307 24.0
73.13501462976278 23.0
73.14554828522246 23.0
73.16607258390398 23.0
73.1949164235114 24.0
73.27479522167847 23.0
73.27969817531798 22.0
73.30599220672015 23.0
73.35046474924042 22.0
73.35903018833879 21.0
73.43404982530667 20.0
73.45861507404985 19.0
73.5047040662634 18.0
73.5249347103383 18.0
73.53102932720043 19.0
73.58234094817668 18.0
73.58472324770727 19.0
73.62341044210775 19.0
73.63527994669235 19.0
73.6873343589339 19.0
73.70195549685248 18.0
73.72545112786887 18.0
73.7775398514909 18.0
73.80862554233403 18.0
73.83807007903395 18.0
73.85665428066574 19.0
73.92546996638033 20.0
73.96955823336754 21.0
74.0099193606407 22.0
74.02101636671054 21.0
74.10106828136709 20.0
74.1019039288073 19.0
74.23065508037554 19.0
74.24763349265103 19.0
74.2615505908273 19.0
74.29128575990539 19.0
74.3017742340283 18.0
74.5733049070053 18.0
74.61826419526103 17.0
74.63764929399841 17.0
74.69437724424971 17.0
74.70667942438646 17.0
74.70863896715014 18.0
74.71008957810625 19.0
74.73021689751202 19.0
74.79854873635682 20.0
74.80846808995796 20.0
74.85421531933922 20.0
74.87323816146815 21.0
74.90512125622804 21.0
74.9312272647166 20.0
75.03913790089695 19.0
75.08955649714089 19.0
75.10988632754456 19.0
75.12056576133101 19.0
75.12382255472714 19.0
75.13741731810255 20.0
75.1452530981001 20.0
75.16310811221811 21.0
75.17967032116972 21.0
75.22510181829584 22.0
75.25159662146608 22.0