0.0 25.0
0.0699066162855142 25.0
0.09125947372697958 25.0
0.11292575633490784 25.0
0.15362929119962665 24.0
0.15696478712479034 23.0
0.1588772070192745 22.0
0.1917911682276469 22.0
0.2074303778827249 23.0
0.28226925756943555 22.0
0.3806675362826575 22.0
0.45752068505700894 21.0
0.45958931970391786 20.0
0.4707289141176818 19.0
0.4895533558405277 18.0
0.5129852636119141 17.0
0.5402145980323815 18.0
0.5636751354384454 17.0
0.5797041532386171 17.0
0.6582263550534705 18.0
0.6852567905275851 17.0
0.6941641327511753 17.0
0.7270531238746392 17.0
0.7676056715004372 16.0
0.78335103452467 16.0
0.7998484696963792 15.0
0.8256622098478209 15.0
0.9140789440954618 16.0
0.9999587832704231 16.0
1.0582374542265225 17.0
1.1016926741187536 17.0
1.1309043525448683 17.0
1.2291987229777066 18.0
1.26122002555941 19.0
1.3492447472599656 20.0
1.3599387759552606 21.0
1.400253635530862 22.0
1.4003977619761856 22.0
1.4185627651450678 22.0
1.4421215000758476 21.0
1.5076499395703034 20.0
1.6095516201509552 20.0
1.6329135773991124 20.0
1.7516057858600427 20.0
1.8115460775569878 20.0
1.8663998200331287 20.0
1.8725784097518252 20.0
1.9332488661750662 21.0
1.9489396753939356 21.0
2.001574770118887 21.0
2.066997892752159 21.0
2.116879421034315 20.0
2.123950180939765 21.0
2.143447258269332 20.0
2.164224327258173 20.0
2.1781976916817483 20.0
2.196955461402253 20.0
2.226308163094987 21.0
2.293625351172694 21.0
2.3057837461776804 21.0
2.3313317806224396 20.0
2.3314699283333207 20.0
2.334244545056191 21.0
2.338538264560665 20.0
2.356399858865979 20.0
2.4587954733772612 20.0
2.5080044983375744 21.0
2.539913513221689 20.0
2.587372938680056 21.0
2.6168608029004843 21.0
2.6740244425155124 21.0
2.760849874181898 21.0
2.793995475957116 21.0
2.817439322875483 21.0
2.838970980051413 22.0
2.88515752783092 23.0
2.889577097479009 23.0
2.8932523517712605 24.0
3.006381969679503 24.0
3.1338400133476036 23.0
3.1696386927550737 23.0
3.2221259705951795 23.0
3.246231551489929 23.0
3.2773313105470128 23.0
3.3110985000568216 22.0
3.3329032837673154 21.0
3.3457745242784163 21.0
3.35658003963663 20.0
3.370627070413301 20.0
3.39162262663904 20.0
3.395377593114429 21.0
3.3972679103521157 22.0
3.5532591327592113 23.0
3.555633139798597 22.0
3.557957454371161 22.0
3.5721541053586985 21.0
3.6341221799414036 22.0
3.661440949625672 21.0
3.6630356931113166 20.0
3.674147809272541 21.0
3.6903691805109773 21.0
3.711596563031134 20.0
3.874778193654097 21.0
3.8916940367219612 22.0
4.035697479830803 21.0
4.063589198628186 22.0
4.085269388877687 21.0
4.0903780778770615 20.0
4.103092669420561 19.0
4.140648013169043 19.0
4.192137145157375 18.0
4.195532106370557 17.0
4.377303059257751 17.0
4.377399426542191 17.0
4.394547028271991 17.0
4.394601310336925 18.0
4.410871784559378 18.0
4.430749229809061 18.0
4.4439260339350675 19.0
4.483524488332699 19.0
4.502418862207575 20.0
4.568219707192362 19.0
4.601530394239655 20.0
4.648062584082928 21.0
4.665855225548885 22.0
4.6838139648996835 23.0
4.713783662649166 22.0
4.738892538585284 23.0
4.74784375209277 23.0
4.857134802007963 22.0
4.93406441510331 22.0
4.971077003421931 23.0
5.103941293427265 24.0
5.163969160845247 24.0
5.1650012140493144 23.0
5.171125622322935 22.0
5.197110123764086 23.0
5.261229919026529 24.0
5.289754696712642 23.0
5.294238404411312 24.0
5.370397827224894 23.0
5.393749954044132 23.0
5.485811558856376 23.0
5.488360966170303 23.0
5.492078507303835 22.0
5.5077225263618175 22.0
5.542810173608899 23.0
5.7884900962928585 24.0
5.816480135187059 25.0
5.824246647114553 26.0
5.964443891629778 27.0
5.98215906653389 26.0
6.027521672846544 27.0
6.055397285402744 27.0
6.064081328016314 27.0
6.092249667158207 26.0
6.118376814360733 25.0
6.132227079733996 24.0
6.210169687439021 24.0
6.236526865989635 23.0
6.241564022425528 23.0
6.264919617933668 22.0
6.283087096730346 22.0
6.290552233165728 23.0
6.293177829865821 22.0
6.369686336739242 21.0
6.3910536139885314 22.0
6.392625426041761 23.0
6.394156367018145 23.0
6.41100202001366 23.0
6.431014629049535 24.0
6.436767287366672 23.0
6.483852605170372 24.0
6.560175218515217 25.0
6.573432716537105 25.0
6.581112679150421 25.0
6.624254404088943 26.0
6.660230506153759 25.0
6.68245733729546 26.0
6.708583349597036 25.0
6.7711771491994135 25.0
6.772385092793231 26.0
6.791496460457632 27.0
6.819801976778108 26.0
6.826863581302853 27.0
6.916894954315336 27.0
6.942494849104702 27.0
6.945682505322529 28.0
6.9484809777411645 29.0
7.005864537738337 28.0
7.150674728151864 28.0
7.175537070426435 29.0
7.241534369660192 29.0
7.281716969836225 30.0
7.464505672084234 29.0
7.4739591480854575 28.0
7.491718166821951 28.0
7.534105960570557 28.0
7.55459592064702 29.0
7.67869061415872 28.0
7.790339630927697 28.0
7.7961626211637185 29.0
7.830564232380257 30.0
7.927346965992371 29.0
7.938093095452952 29.0
7.941265685565557 30.0
7.964928241490049 29.0
8.025010858956595 28.0
8.085751752626145 29.0
8.096613206985774 29.0
8.120176060333796 28.0
8.122761876504976 27.0
8.172060445554058 26.0
8.186857295948906 26.0
8.204391116673643 25.0
8.214143029450574 25.0
8.288712931367566 25.0
8.334298997372898 24.0
8.415096896825496 25.0
8.418129734076436 24.0
8.521412508905275 25.0
8.627281448117932 25.0
8.657205581341808 25.0
8.67481096227788 25.0
8.69300795759028 26.0
8.815962398026953 27.0
8.840857829147424 27.0
8.86609335593172 28.0
8.99465612788961 27.0
9.026980705833964 28.0
9.117588130531947 27.0
9.154346922224997 28.0
9.16429581899461 28.0
9.216850197788238 27.0
9.240309720660457 28.0
9.415209548119668 28.0
9.4414944836361 27.0
9.524091292004321 26.0
9.576867936985197 27.0
9.667304726231418 26.0
9.75437091439868 26.0
9.877179685010933 26.0
9.921851967893064 26.0
9.953560547410282 25.0
10.00431517099961 26.0
10.011001812676584 25.0
10.043353902209086 25.0
10.05273771370852 25.0
10.05431410883094 26.0
10.085186935620804 25.0
10.158054586575178 25.0
10.241330485506582 26.0
10.24880471546058 27.0
10.338035191804005 28.0
10.346743661681757 28.0
10.397805860124768 28.0
10.529061886636844 29.0
10.560368283596693 28.0
10.569335537657604 29.0
10.646117219627124 28.0
10.67295608744535 28.0
10.674876037906332 28.0
10.747614954608979 29.0
10.755048578644567 30.0
10.803791595529798 29.0
10.804659892570557 28.0
10.83647186348031 27.0
10.8618481757977 27.0
10.879008214175903 26.0
10.893081392092476 25.0
10.92574355090034 24.0
11.046151895968338 24.0
11.049146210739188 24.0
11.070318677035644 24.0
11.144722040963915 25.0
11.205347181908174 26.0
11.22785112912495 27.0
11.22956304532897 28.0
11.279582809950368 27.0
11.306980732906569 27.0
11.324280135372577 26.0
11.371791735976366 26.0
11.372761230069445 27.0
11.384248665727364 26.0
11.39681522554141 25.0
11.409705502740355 26.0
11.446192676364713 26.0
11.45738426607069 27.0
11.53559139895044 26.0
11.591527854199091 27.0
11.602835937041396 27.0
11.801282239372076 26.0
11.814514502495784 26.0
11.828168455796504 25.0
11.839655668861301 25.0
11.926211751620384 26.0
11.932103901331914 25.0
11.991342193444506 26.0
12.032287745017653 27.0
12.074531717453443 28.0
12.123431448568748 28.0
12.135237165773304 27.0
12.15845527189798 28.0
12.177045774189462 28.0
12.18361515128169 27.0
12.275702651496461 26.0
12.299220849549322 26.0
12.306845894820048 25.0
12.353109314090181 24.0
12.380538689601531 24.0
12.427035004061803 24.0
12.428452047470799 24.0
12.42897715146308 23.0
12.471053894962873 24.0
12.487879960362035 25.0
12.589597922135829 26.0
12.60243154923796 25.0
12.713539520440124 25.0
12.758065225191599 26.0
12.78517013562107 25.0
12.833783298141876 25.0
12.932737154076312 25.0
12.964585370925523 25.0
13.108522127681981 24.0
13.137297988138409 25.0
13.221860919249202 25.0
13.245844660553477 26.0
13.314688452207896 27.0
13.338488351276764 26.0
13.359656223351497 25.0
13.481654949981568 24.0
13.5258014004505 24.0
13.557666108353581 25.0
13.566138979956094 26.0
13.575153940415323 25.0
13.587204877983837 25.0
13.66276171482182 25.0
13.747890465577582 26.0
13.84469652618684 26.0
13.862657812790085 26.0
13.924561823725577 26.0
13.993506843037602 25.0
14.050841692150794 26.0
14.066756019834056 25.0
14.151021759744209 26.0
14.22941255255168 26.0
14.2438344099058 27.0
14.260213679102142 28.0
14.385776625592948 28.0
14.421425484226274 28.0
14.472217376651388 28.0
14.504381808428038 27.0
14.545541987871275 26.0
14.631674897077602 26.0
14.636622426184369 27.0
14.776598339413106 28.0
14.797142806280252 28.0
14.818818753349403 27.0
14.826497585801757 26.0
14.847833774451296 25.0
14.912632915608418 25.0
14.942365024728405 24.0
14.951345542896798 24.0
14.959238061752822 25.0
14.969451559665886 26.0
15.026333730500191 25.0
15.031879333870524 26.0
15.035025315884848 27.0
15.035203699789593 26.0
15.096759586083177 27.0
15.157342986357945 26.0
15.28843270270014 26.0
15.324964684657292 26.0
15.361640416190747 25.0
15.404587059215848 26.0
15.413376739841574 27.0
15.466215866664875 27.0
15.479083708709178 27.0
15.63525827342482 27.0
15.64683778979554 28.0
15.75702477134895 28.0
15.78360519891046 29.0
15.815538097839607 30.0
15.856986499570423 29.0
15.879316795896075 28.0
15.939374040674412 29.0
15.942279729298553 29.0
16.030996502750355 30.0
16.043104657984195 29.0
16.051419391288444 28.0
16.09827701781049 29.0
16.107358523015602 29.0
16.177571262498937 29.0
16.220746914477367 30.0
16.309985922285605 31.0
16.435837041906197 30.0
16.46071643525755 30.0
16.48757036956667 30.0
16.493489174583456 31.0
16.504022545133772 31.0
16.540955750897208 32.0
16.57848032285245 31.0
16.664750816290383 31.0
16.66952447817007 30.0
16.725386145419215 31.0
16.75257857744375 31.0
16.816572029200103 31.0
16.83170162105536 31.0
16.84723183783941 32.0
16.852546089659505 33.0
16.86529475055363 34.0
16.887959406177593 33.0
16.980753834751486 32.0
16.982697519333218 31.0
17.029406756731085 32.0
17.09428104046992 31.0
17.131994894308292 32.0
17.16831696775664 31.0
17.267498280392857 32.0
17.269406181691103 31.0
17.32673394183796 31.0
17.39748783621 32.0
17.39969306661316 33.0
17.42296095510968 33.0
17.470937043477967 32.0
17.551840952221408 32.0
17.56983948064953 32.0
17.60718097672168 31.0
17.645686583892843 30.0
17.663028286162145 30.0
17.752495768199864 29.0
17.814877632743443 29.0
17.815801438056756 28.0
17.840193748207067 27.0
17.8604040595698 27.0
17.86819749262037 26.0
17.915622223342123 27.0
17.969398925492428 27.0
17.98508412136419 27.0
18.074761149131387 27.0
18.10408946754346 28.0
18.129664441792404 29.0
18.405101798757745 29.0
18.413032416840707 28.0
18.454790326760293 29.0
18.48517080503066 29.0
18.512116122202773 28.0
18.541497141810478 29.0
18.58844782988916 30.0
18.661710398297046 29.0
18.701935859772153 30.0
18.766616580878107 31.0
18.767702534060593 32.0
18.910956018656254 33.0
18.918937518549882 32.0
18.973678549385788 31.0
18.988561548375213 32.0
19.010265729191484 31.0
19.182834711471344 31.0
19.19076368272657 31.0
19.258128503405082 31.0
19.290555288316458 30.0
19.290919349322685 31.0
19.29751294173789 31.0
19.30792676697474 31.0
19.333463920951353 31.0
19.34106857807461 30.0
19.36503512356882 30.0
19.367639902211067 30.0
19.369922273927394 31.0
19.39691563833215 30.0
19.420342307261954 29.0
19.459979928442387 28.0
19.663493883130723 27.0
19.67064025743509 26.0
19.682055567736825 27.0
19.703823447175196 27.0
19.752155907534068 27.0
19.769750019035996 26.0
19.795984996310146 25.0
19.810985575193747 24.0
19.823870301419063 23.0
19.90440378628574 24.0
19.914012670573946 23.0
19.98517732573584 22.0
20.08034702359709 23.0
20.081322546513636 22.0
20.143207310117884 22.0
20.17217019562356 21.0
20.19449044143911 21.0
20.211596206388215 20.0
20.300050794354156 20.0
20.30387572692214 21.0
20.307175532527104 22.0
20.314744534595736 23.0
20.35199286783002 24.0
20.415522588467255 24.0
20.423903689125716 25.0
20.470176252850287 25.0
20.518364770597316 24.0
20.550707588437135 24.0
20.551714571492496 23.0
20.58153057899537 23.0
20.59305522292383 23.0
20.608765482697716 22.0
20.633679916824804 21.0
20.63394613766332 21.0
20.645969232149085 22.0
20.73556459675576 22.0
20.761405048724022 22.0
20.832938184113353 21.0
20.838598439919913 21.0
20.85784594178717 21.0
20.887223679618756 20.0
20.891893543055446 19.0
20.946806689933833 20.0
21.003889629356514 19.0
21.017332934612813 19.0
21.073911456648815 18.0
21.076373022843566 19.0
21.089066072658696 18.0
21.130494789386947 17.0
21.15179948152395 16.0
21.20665649458394 16.0
21.240661973764354 15.0
21.26204387819987 16.0
21.277911798714126 15.0
21.285636656113763 16.0
21.29648809029984 15.0
21.31736936714095 15.0
21.337342234546146 15.0
21.519988754644682 15.0
21.53765790285744 15.0
21.633415496155255 15.0
21.6378380477909 16.0
21.64733673354552 15.0
21.648051705058275 15.0
21.685407396403203 14.0
21.692206743411052 15.0
21.71616700813626 15.0
21.73671032761019 14.0
21.771317844890284 14.0
21.833477792184073 14.0
21.848101076005605 14.0
21.85853901215454 14.0
21.905674273207012 15.0
21.955721336374463 16.0
22.05020712907084 17.0
22.065197846616076 17.0
22.109731289933087 18.0
22.10974615020291 19.0
22.119265337274932 19.0
22.15845879701651 19.0
22.25599136964548 20.0
22.29317613307712 20.0
22.301950511818013 20.0
22.34602777731725 21.0
22.35711756435716 22.0
22.430302917389092 21.0
22.432226488749123 22.0
22.43317095495292 21.0
22.494669312350844 21.0
22.552481274266164 20.0
22.557252617628144 21.0
22.563394459979317 20.0
22.578521198242395 20.0
22.58663094940278 21.0
22.604528076045735 20.0
22.66363699394425 20.0
22.701793496938315 20.0
22.790717275142555 21.0
22.809388096880102 21.0
22.8159298765837 21.0
22.826452285442166 21.0
22.861595649281384 20.0
22.863625473213638 21.0
22.916072603731468 21.0
22.92099974344034 21.0
22.935463348312258 20.0
22.9982150879221 20.0
23.002221404918732 20.0
23.017473877310994 20.0
23.061596316502047 20.0
23.064216942973243 19.0
23.06880907622815 20.0
23.148369412206858 21.0
23.150090095548723 21.0
23.196689221426748 22.0
23.200977976317407 23.0
23.29985726959318 23.0
23.332867076707526 23.0
23.348737321074427 22.0
23.396927842858762 23.0
23.4179809264901 23.0
23.441020248399806 24.0
23.46478410134041 25.0
23.47344184087653 24.0
23.52976815122497 24.0
23.550056155297046 24.0
23.585788330294815 24.0
23.644205627906338 24.0
23.713458806110687 23.0
23.722162690322342 24.0
23.744450354707524 25.0
23.75346441381378 24.0
23.797925459990065 23.0
23.806586429567798 24.0
23.807555674989807 24.0
23.839061855929227 24.0
23.90893000439699 23.0
23.948611740596686 22.0
24.05906579676918 23.0
24.161400959983983 24.0
24.207346076546614 24.0
24.24373278737866 23.0
24.244013940090973 24.0
24.285322269088386 25.0
24.33401502462492 24.0
24.365946081604175 23.0
24.39740288743439 22.0
24.402290253696048 22.0
24.416398048553457 22.0
24.42196995502492 23.0
24.484866417150343 24.0
24.499091353195244 23.0
24.531084298243698 24.0
24.55335719507034 23.0
24.58429959002998 22.0
24.630004459586523 21.0
24.6477527125683 22.0
24.653300817625723 23.0
24.666598582207456 23.0
24.673928282359885 24.0
24.6927138954418 24.0
24.796973714832934 23.0
24.836262099586502 22.0
24.901559638769324 23.0
24.90299790892504 24.0
24.92003666497638 24.0
24.93875002320722 23.0
24.94723448515449 23.0
24.972023005802654 23.0
25.136228466503457 22.0
25.19407308917209 23.0
25.198177406420157 22.0
25.208228414933732 22.0
25.22157361273696 23.0
25.28112288541237 23.0
25.455582522932342 24.0
25.509799678513268 24.0
25.51399360383232 25.0
25.53597549515697 24.0
25.58566983735881 24.0
25.604128860699177 24.0
25.753665064584485 24.0
25.774026646209162 25.0
25.781933046414895 25.0
25.797069219170222 26.0
25.809247391298985 27.0
25.863126892831254 28.0
25.93146447866403 27.0
25.963167641994673 28.0
26.002216999113323 28.0
26.154562319362523 29.0
26.17630288852051 29.0
26.289460674755624 30.0
26.29045124357882 29.0
26.301982702392625 29.0
26.33204432821147 28.0
26.3929376284167 28.0
26.45450210303277 28.0
26.472046649249016 29.0
26.483087159426724 28.0
26.544355493679692 29.0
26.551475463106804 28.0
26.576669954951498 27.0
26.59947144439185 27.0
26.745002158407644 27.0
26.7579305956119 27.0
26.76543282796241 27.0
26.80172136905292 26.0
26.80716666961911 27.0
26.84836133227215 27.0
26.85113234750593 27.0
26.911246704051468 27.0
26.990632668548496 27.0
27.027083670709427 28.0
27.028135120005647 27.0
27.047246133464355 28.0
27.058586160388437 28.0
27.064250861292273 29.0
27.143474271559764 30.0
27.22323684701672 31.0
27.26543200751987 30.0
27.276258544381026 31.0
27.56090278530074 32.0
27.58209698400669 32.0
27.59510960870979 31.0
27.63352103330327 30.0
27.65438672515287 31.0
27.66840482614827 30.0
27.701321441892603 31.0
27.716593388129866 31.0
27.80075681876254 31.0
27.82710757545482 32.0
27.841773000916685 32.0
27.90343221970922 33.0
27.928153124569317 33.0
27.959496839639744 32.0
27.969377996578487 31.0
27.980391683795514 32.0
28.010283719765482 31.0
28.01172400756954 30.0
28.0333977317245 30.0
28.06277412380844 30.0
28.161950270544832 29.0
28.168213728984394 28.0
28.25955387404951 27.0
28.304445316209037 27.0
28.306356421992444 28.0
28.357416306306366 29.0
28.35786559571675 28.0
28.359716837228586 28.0
28.435573419230643 28.0
28.456943016526452 27.0
28.487119476987115 26.0
28.5136160346782 27.0
28.52084992772325 28.0
28.552233036647173 29.0
28.656398625907535 30.0
28.664441286718173 30.0
28.726692806668435 29.0
28.768102406058436 28.0
28.813204219316134 29.0
28.9761041394565 28.0
28.986092047941305 27.0
28.98740153919231 26.0
29.144583144753376 27.0
29.158419669170797 28.0
29.16200811002003 29.0
29.22257357129617 28.0
29.22861189002888 27.0
29.234169290102304 26.0
29.259113738209997 26.0
29.364192026602144 27.0
29.379060851973755 27.0
29.4008193162602 27.0
29.465487163768458 27.0
29.53567176953509 26.0
29.581955372285965 27.0
29.591903833820478 28.0
29.596388481504498 28.0
29.730113878363106 29.0
29.733188902048283 29.0
29.733472991918934 29.0
29.759065303784947 29.0
29.79258096911626 30.0
29.813415081854437 29.0
29.83064316779151 28.0
29.852579874486427 29.0
29.85459967673171 30.0
29.961442168279056 29.0
30.019233067504498 28.0
30.033010673239776 28.0
30.123742108362933 29.0
30.221294845024747 28.0
30.235113941197643 27.0
30.29289990240236 26.0
30.32685815318837 26.0
30.441716615408605 26.0
30.454944425258468 26.0
30.47636312233962 26.0
30.521591636075833 26.0
30.550732359350555 27.0
30.57044730876126 26.0
30.614254676122624 26.0
30.62702992488058 26.0
30.641400963848486 27.0
30.692450664292583 28.0
30.73163056903058 28.0
30.741589112475435 29.0
30.751407181764556 30.0
30.804871346461322 30.0
30.8537457609408 31.0
30.990134938377118 30.0
31.006907292041003 31.0
31.01377969242921 32.0
31.12144289214637 33.0
31.30665577512775 32.0
31.32002140150433 32.0
31.33230254639706 33.0
31.360670648444994 34.0
31.498665876700315 33.0
31.519285048123287 33.0
31.521472857250718 32.0
31.57054099433621 33.0
31.583470400803552 34.0
31.586224424517688 33.0
31.60182809814219 32.0
31.63668667930602 33.0
31.66389149214943 32.0
31.666191990196825 32.0
31.695766696608597 32.0
31.753567784066988 32.0
31.866829813224715 31.0
31.88539989930923 30.0
31.887971753543887 30.0
31.90526819866423 30.0
31.93395383373925 29.0
31.94819719901201 30.0
31.97687646780235 29.0
32.07796644645306 29.0
32.08377002778617 30.0
32.144045540902916 30.0
32.160922338392496 31.0
32.23040690801197 30.0
32.29884017441274 29.0
32.35918598480746 29.0
32.454535394583914 28.0
32.48142521356272 27.0
32.48685234679947 26.0
32.53878428963548 25.0
32.55498802297916 26.0
32.58004397950512 25.0
32.59763288322073 25.0
32.603360037205974 26.0
32.635123001940535 26.0
32.64511159223755 25.0
32.80341849771117 24.0
32.84203876069868 24.0
32.89981241609754 25.0
33.03660181000461 25.0
33.10679904057013 24.0
33.138978597628004 24.0
33.14206700340408 24.0
33.154281351100884 25.0
33.18243457177271 26.0
33.208994068532476 25.0
33.307714344662806 26.0
33.42812430643237 26.0
33.469825835455715 27.0
33.481951511628466 26.0
33.53611840306251 27.0
33.570057596434225 28.0
33.57231662630663 29.0
33.62712293507108 30.0
33.627698896758695 29.0
33.670156009572004 28.0
33.67192175035631 28.0
33.678174730740935 28.0
33.68466109529349 27.0
33.6958680960307 26.0
33.71427879442498 27.0
33.750850226675695 28.0
33.78995409679546 27.0
33.831873721393805 26.0
33.86594212832373 27.0
33.89237324937843 27.0
33.95827720520729 28.0
33.976435338748765 27.0
34.0082520677237 26.0
34.038859688943816 25.0
34.058789160196014 26.0
34.07883347340249 27.0
34.156245437204994 26.0
34.235972204737216 27.0
34.27941884402319 26.0
34.345485878311074 27.0
34.54780815906162 27.0
34.56415759865722 28.0
34.61307779906582 29.0
34.71452435053445 28.0
34.748643585810775 27.0
34.86472685674624 27.0
34.89568639959448 28.0
34.924693270231025 28.0
34.936357849350124 29.0
34.94568697845367 28.0
34.98826294737258 27.0
34.99842603844751 28.0
35.048910189099836 29.0
35.08306591837919 29.0
35.10109561372254 29.0
35.14378599413512 28.0
35.152260780006124 27.0
35.18171261512961 27.0
35.185089677441624 26.0
35.18511224472632 26.0
35.19637695304702 27.0
35.25481504230254 28.0
35.27971439442991 28.0
35.29827286620137 29.0
35.3692624172091 28.0
35.415844715109934 29.0
35.49641008535135 29.0
35.59252562173799 28.0
35.65996481207844 29.0
35.66146586338921 28.0
35.69995628249026 29.0
35.72198282097785 28.0
35.751974803666826 27.0
35.777314047530105 27.0
35.786798771953585 26.0
35.796166679551874 26.0
35.796906591287865 25.0
35.820860589602795 24.0
35.82778693092258 25.0
35.840727670866364 24.0
35.96216465439938 24.0
35.99507454534493 23.0
36.00906929437771 22.0
36.0108322983163 23.0
36.05018490776611 24.0
36.06210019870048 23.0
36.119795862015415 22.0
36.13118298794406 23.0
36.14360332970626 23.0
36.187639104810025 22.0
36.260690926972515 22.0
36.344849840348715 22.0
36.37271717818217 22.0
36.37514533055479 23.0
36.39879149406575 24.0
36.399021553466014 24.0
36.40672450600855 23.0
36.448460391572546 23.0
36.4509225032344 23.0
36.52430897079375 23.0
36.537970213488286 22.0
36.56709020671273 23.0
36.57185262676094 22.0
36.5735201692281 23.0
36.57950386414844 22.0
36.59483310696293 22.0
36.6185809105868 21.0
36.62056823939683 21.0
36.68472825122027 20.0
36.684988345632014 20.0
36.697258325781156 21.0
36.74979991187412 21.0
36.77507203797492 20.0
36.78839114695336 20.0
36.799968103259545 20.0
36.85128834931003 21.0
36.87707994513471 20.0
36.8832000555006 20.0
36.915172501987065 20.0
36.93032512820225 19.0
36.97995227927919 19.0
37.00144157029245 19.0
37.021265153739144 18.0
37.078498182975984 19.0
37.08881893939993 18.0
37.14899709818092 17.0
37.15931094206311 17.0
37.165644777958256 17.0
37.208108361728755 17.0
37.22865428435323 17.0
37.2389149507808 18.0
37.27244138423244 18.0
37.28943355429036 19.0
37.385721495065035 19.0
37.4007893566841 18.0
37.408125709166896 17.0
37.470731162308134 17.0
37.54363661920266 17.0
37.63133486723799 18.0
37.65859442816874 19.0
37.66232815032357 19.0
37.68429346427574 19.0
37.68831110895029 20.0
37.74395485887075 20.0
37.766938470510944 19.0
37.79093268035877 20.0
37.802696148669625 19.0
37.86403020724562 20.0
38.06508253907075 20.0
38.09194467043619 20.0
38.275870748524184 19.0
38.304057574923135 19.0
38.31390831263574 19.0
38.454291194254395 19.0
38.49680595581863 18.0
38.56686732925163 18.0
38.568737455890826 17.0
38.59430734268032 17.0
38.657304045272255 18.0
38.685096501110806 17.0
38.69602963404973 17.0
38.78069911621299 17.0
38.787675054893434 16.0
38.792148586875456 15.0
38.83286831529614 15.0
38.85189706231686 15.0
38.885745306963685 16.0
38.9151390673387 15.0
38.95494722945342 16.0
38.96092900848388 16.0
38.98528610111972 15.0
38.997150711856115 15.0
39.01094953014509 16.0
39.013322955414324 15.0
39.039120059697716 16.0
39.09846030725081 17.0
39.17377599300914 18.0
39.201558335729345 19.0
39.23834357500089 19.0
39.24347320115268 20.0
39.24412262088519 19.0
39.28726724229139 19.0
39.31071540994718 20.0
39.340526517958416 21.0
39.34516164392529 20.0
39.46088079052125 21.0
39.47009910472499 21.0
39.50510034968855 22.0
39.53563085732032 23.0
39.551201345939475 22.0
39.5513193143528 21.0
39.56368194382114 20.0
39.6223165633731 19.0
39.66214327283968 19.0
39.67348774129919 18.0
39.71218302804315 18.0
39.74993913570801 18.0
39.78152039395206 18.0
39.812828787258255 19.0
39.8647409759908 18.0
39.868320266947094 19.0
39.87267477508161 18.0
39.955124163975405 19.0
39.961478611165695 20.0
39.99027815576583 21.0
39.99488123597969 22.0
40.00592257982207 22.0
40.03971050525668 23.0
40.05417294764331 24.0
40.13270886013282 24.0
40.15336070039392 24.0
40.20286487365365 25.0
40.26669057088511 24.0
40.310455319447954 23.0
40.391746515712434 23.0
40.44901976495319 23.0
40.48469862548498 22.0
40.492988237816434 21.0
40.508700461005475 20.0
40.5455108641075 19.0
40.574373649443594 18.0
40.64200544824295 18.0
40.66703301066507 19.0
40.707129149771546 20.0
40.72398446364704 19.0
40.75853667106065 18.0
40.811048049267185 18.0
40.831442021421694 19.0
40.86770860027417 19.0
40.869268766770766 18.0
40.88447270579598 19.0
40.96576088570597 18.0
41.0631656365402 18.0
41.068077312225256 18.0
41.1064766361479 18.0
41.17712668993094 19.0
41.20494059972647 20.0
41.23581530477712 20.0
41.23893543017336 21.0
41.305122496028375 20.0
41.30986930808742 20.0
41.33827621305514 19.0
41.37079462257828 18.0
41.39032407255234 18.0
41.39562749871885 19.0
41.466819535051584 19.0
41.502296260044204 18.0
41.625830931631455 18.0
41.77381344199218 19.0
41.788006789707104 18.0
41.80313175210559 18.0
41.809680018544135 18.0
41.811893005080634 17.0
41.84197646080719 17.0
41.84675103245394 16.0
41.891524851306016 16.0
41.906708940868086 16.0
41.939712140337626 15.0
42.017811577696875 15.0
42.02778570259229 16.0
42.030036481570335 17.0
42.03230170019087 18.0
42.068742081681314 18.0
42.07925864987017 19.0
42.11570102838628 19.0
42.16077039288393 19.0
42.17462173458664 20.0
42.20717808453027 21.0
42.30086889911048 22.0
42.347825502972476 22.0
42.42925644346842 21.0
42.48871104070318 20.0
42.51329419153383 21.0
42.586209704403835 21.0
42.59240042956129 21.0
42.61149464341379 21.0
42.62916812946524 20.0
42.658636436154914 21.0
42.71363183524883 21.0
42.78359140773989 21.0
42.821408855853434 20.0
42.83988365069308 21.0
42.87064504635146 20.0
42.92792381057349 20.0
42.96054072433449 19.0
43.004300221409345 18.0
43.09494073676205 18.0
43.16782530313764 19.0
43.197641433037695 20.0
43.201553320088756 21.0
43.3442605939158 22.0
43.350036265543935 23.0
43.384080892802885 24.0
43.394297795812825 25.0
43.506529779121784 24.0
43.628574274109425 24.0
43.64737303956124 24.0
43.653606957101466 23.0
43.687803885124545 23.0
43.73669962167046 24.0
43.75334467184055 24.0
43.822526986302215 25.0
43.911366399578036 25.0
43.912607540695475 26.0
43.95652444010347 25.0
43.961629423587084 26.0
43.977529821530396 26.0
43.97756442320089 27.0
44.03474115515756 27.0
44.09414127447518 28.0
44.107910176022415 28.0
44.183994404772825 27.0
44.200932803595805 27.0
44.23653155584227 27.0
44.2756576507928 28.0
44.27975200575561 28.0
44.29094078643735 27.0
44.349676818765786 27.0
44.364695630278014 26.0
44.40603401383027 25.0
44.43079802939717 24.0
44.506838204070796 24.0
44.549907313751305 25.0
44.554239819077715 25.0
44.568036516878045 25.0
44.57445148592672 26.0
44.623697462421994 25.0
44.662428179600205 24.0
44.67698714616435 25.0
44.68513543136905 24.0
44.71539598037261 24.0
44.74053334949613 24.0
44.78358993030208 24.0
44.859795017308784 24.0
44.92349357273053 23.0
45.048091461598815 23.0
45.05446318317565 22.0
45.06341580815411 23.0
45.11349472215604 23.0
45.12430319819129 23.0
45.14964302026085 22.0
45.22589167515 21.0
45.23176728005975 21.0
45.27914860098667 22.0
45.296489574236695 22.0
45.380258356062406 22.0
45.41203800572044 21.0
45.42671800373621 21.0
45.50962098857121 20.0
45.523068728156034 20.0
45.537564220300126 20.0
45.5541428761602 19.0
45.5698583259137 18.0
45.60203268022108 18.0
45.605294379414325 19.0
45.645608774732366 20.0
45.703082136241974 19.0
45.704501805307935 20.0
45.72930255547139 19.0
45.73176862110807 19.0
45.765353781618785 19.0
45.80508384363837 19.0
45.85051849645983 19.0
45.8795465995873 18.0
45.882371741320114 19.0
45.88383775712733 20.0
45.99674116235526 19.0
46.03034364964784 20.0
46.077698352140075 20.0
46.08948787125874 19.0
46.11237233215643 19.0
46.145460717422644 18.0
46.21756799178567 19.0
46.22159090898361 18.0
46.243653564419056 18.0
46.250203359282864 19.0
46.28283082668868 19.0
46.3209972303972 19.0
46.442762017256946 18.0
46.44378168477305 17.0
46.456826582536095 18.0
46.47575429694375 18.0
46.51079517215213 19.0
46.54653753482244 20.0
46.561791613942965 20.0
46.58927615662173 19.0
46.663399515156065 19.0
46.695638712603944 19.0
46.71241350434084 20.0
46.73120951083967 19.0
46.731968654247574 18.0
46.791679502149506 18.0
46.8286441033109 18.0
46.83468820587078 19.0
46.845160131394195 19.0
46.89418012046514 18.0
46.90229398619531 19.0
46.93087926293799 19.0
46.950993350965184 19.0
46.95797772306821 18.0
47.00450306606459 17.0
47.021470446207346 17.0
47.0355302178963 16.0
47.063000549391575 17.0
47.08681376901809 17.0
47.10475300799573 16.0
47.145832306421624 16.0
47.17310560131755 16.0
47.2182571933027 16.0
47.232511155656354 16.0
47.2365953170883 17.0
47.28091560536924 18.0
47.295411198932754 17.0
47.3208576510295 17.0
47.37384526134848 16.0
47.38000228851453 17.0
47.426657210518066 17.0
47.43526788958938 18.0
47.45888330142999 18.0
47.4839132862674 19.0
47.49237215058653 18.0
47.53740576112258 18.0
47.56119990944945 18.0
47.64503917475416 18.0
47.653743704851514 17.0
47.69152668959643 17.0
47.69671411709562 18.0
47.736966558913046 17.0
47.754125124445785 18.0
47.76189840596002 19.0
47.77340642884194 19.0
47.82710482804507 19.0
47.83262795233937 20.0
47.83836679546858 21.0
47.93784302433668 20.0
47.94868616552583 19.0
47.96648680362871 18.0
48.06176433778633 19.0
48.11252551528482 19.0
48.13517735564688 20.0
48.15381667963622 20.0
48.15850602892823 20.0
48.165742722342344 20.0
48.19174906968267 19.0
48.19373455602833 18.0
48.31977580938207 19.0
48.33562891960048 18.0
48.3519300890222 17.0
48.35277727917989 17.0
48.35494548925305 17.0
48.3665295351318 16.0
48.3980405998437 16.0
48.423189338112834 16.0
48.42527393653888 15.0
48.45948977963948 15.0
48.48492984114801 15.0
48.522531984532336 15.0
48.5313447608524 16.0
48.543551537932835 17.0
48.56305993950557 18.0
48.61170849569278 18.0
48.614424180480235 19.0
48.65232281670264 19.0
48.65355392900468 20.0
48.71330418185182 20.0
48.735375294211316 20.0
48.829104923997086 21.0
48.84388144954866 21.0
48.85260668452717 20.0
48.91928786461951 20.0
48.92943978084663 19.0
48.95812629625259 19.0
48.9778426859975 19.0
49.01254019441976 20.0
49.03058443292247 21.0
49.09867421921406 21.0
49.19741346968256 22.0
49.24950535007669 22.0
49.254375572423356 22.0
49.254858611473914 23.0
49.26083240629153 22.0
49.26240642734992 22.0
49.30470459052706 23.0
49.313398679218395 24.0
49.34980998850273 24.0
49.404854125892655 23.0
49.4791203018449 23.0
49.50944838876504 24.0
49.63542996005388 23.0
49.67314533633075 22.0
49.72391028456287 22.0
49.730049549230266 22.0
49.747286861290654 21.0
49.75504363305542 20.0
49.868611753915076 20.0
49.922908087815266 21.0
49.95040095884095 20.0
49.95251318712417 20.0
49.955014784842646 20.0
49.970581736432756 19.0
49.98593004588098 19.0
50.055164278454114 19.0
50.0815618097155 20.0
50.20884765818352 21.0
50.27195103022263 20.0
50.294218387386216 19.0
50.29958470504342 19.0
50.30188612332752 19.0
50.43688744356852 19.0
50.44048662395201 20.0
50.447122606326516 21.0
50.52826779156078 20.0
50.56048196038697 19.0
50.57632535241654 20.0
50.59244297449001 21.0
50.62484566873956 21.0
50.635770217254276 21.0
50.640442740053594 20.0
50.66944495743272 21.0
50.68857835552994 21.0
50.68932898442671 22.0
50.69185730232253 21.0
50.752225827956984 22.0
50.81399065557079 22.0
50.83855698810339 22.0
50.84433969831763 23.0
50.84437745950408 23.0
50.88433079540666 24.0
50.89488524739601 25.0
50.90531620006523 25.0
50.92699160367252 24.0
50.95741813741999 25.0
50.96020880956725 25.0
51.05965848091434 25.0
51.14183287246076 24.0
51.149161617184205 25.0
51.15209141813103 25.0
51.304174865064695 26.0
51.31070891603982 27.0
51.3147721065975 27.0
51.39835614401242 28.0
51.4031751995072 28.0
51.4054684113248 28.0
51.42944203865311 28.0
51.45987025029958 29.0
51.46217613173532 28.0
51.47840849861345 28.0
51.50132517600549 27.0
51.53610604923091 28.0
51.65058275319801 27.0
51.65113056203501 28.0
51.67885397337285 27.0
51.72424275032629 28.0
51.77159687619253 27.0
51.77966308172691 27.0
51.83407804951525 28.0
51.86647182930455 27.0
51.92455204416442 27.0
51.93151723679313 28.0
52.00753001030901 29.0
52.01665029428098 29.0
52.044736385610264 28.0
52.078237373043294 29.0
52.11110342704472 28.0
52.167403698834825 29.0
52.284848496251456 28.0
52.34221547830407 28.0
52.3723903292188 29.0
52.383401397796405 29.0
52.47610941528369 29.0
52.523343466414126 30.0
52.52977260829313 30.0
52.53944827935491 31.0
52.57053325249559 32.0
52.57111889151501 33.0
52.6005547360439 32.0
52.603401406098875 32.0
52.66043584901837 31.0
52.66954276025922 30.0
52.713433760864994 29.0
52.73761068160718 28.0
52.75326354421131 28.0
52.816142376296376 28.0
52.81780009864987 28.0
53.08087616682172 27.0
53.10211569392964 27.0
53.11014239796473 26.0
53.129838571662795 27.0
53.15764316426101 27.0
53.22243185041195 26.0
53.25281300102624 25.0
53.29686151213031 26.0
53.30064678333502 25.0
53.30856874421998 26.0
53.34648213752537 26.0
53.45493125077081 26.0
53.60817407582665 27.0
53.624780607503155 26.0
53.69545742173577 27.0
53.82612172308371 26.0
53.830658541559636 25.0
53.93674086326296 26.0
53.97525875156645 26.0
53.98854326107656 26.0
54.01696044867015 27.0
54.028167597905664 27.0
54.030498859304025 28.0
54.09018959673784 28.0
54.10302492241741 29.0
54.10998188939266 30.0
54.119256178692225 31.0
54.22291978541828 30.0
54.246900342588404 31.0
54.25658023678311 30.0
54.31258389333803 31.0
54.35115891863338 32.0
54.36651711487277 32.0
54.39189582268778 33.0
54.46887568662373 32.0
54.57598817087885 33.0
54.65468890581198 32.0
54.68722998470172 31.0
54.69237239094678 32.0
54.70603547087769 32.0
54.716029563563275 32.0
54.72290212711117 33.0
54.75488243127051 32.0
54.86340834136165 32.0
54.91357580241813 31.0
54.9758639531035 31.0
54.985215801653716 31.0
55.027037662007636 30.0
55.04661624864157 30.0
55.07377893697171 29.0
55.119770634677735 29.0
55.127589327823074 29.0
55.15903354173522 29.0
55.16338922566458 28.0
55.17052641037681 29.0
55.22140210178259 30.0
55.24619982331644 29.0
55.35824646837406 30.0
55.385560865975876 29.0
55.407167612077615 29.0
55.414593354069076 30.0
55.41984247205228 31.0
55.43176341011645 30.0
55.50849300044085 29.0
55.53154131908825 30.0
55.53333179707568 31.0
55.53594301167288 30.0
55.61973323750753 31.0
55.68790937901209 30.0
55.713884442670235 30.0
55.80859560919061 31.0
55.82049384028656 30.0
55.86015938518897 29.0
55.88187647883391 28.0
55.887361398520426 27.0
55.8891423949214 27.0
55.9089188690386 28.0
55.96823794765448 29.0
55.99898256782536 29.0
56.035915688743344 30.0
56.10287348567276 31.0
56.11728978891067 31.0
56.148977288860394 32.0
56.196668544426124 31.0
56.21361545545159 31.0
56.23702992153048 32.0
56.26006246043767 31.0
56.26133289414982 30.0
56.271896888857086 30.0
56.279679067640295 31.0
56.28768225915378 30.0
56.311366535247814 30.0
56.32583599951852 30.0
56.38393511907077 30.0
56.39906760224385 30.0
56.40402805035262 30.0
56.47729303761504 30.0
56.48035175483848 29.0
56.55002417475769 28.0
56.62022567774168 29.0
56.65120797043011 28.0
56.773451056602106 29.0
56.77764823870938 28.0
56.79305722198867 27.0
56.80710868170372 27.0
56.87665310764021 26.0
56.895014540567004 25.0
56.954211573324585 24.0
56.96504110605755 23.0
56.98338814602459 24.0
56.993000096325275 25.0
57.01432888381186 24.0
57.02941340433341 23.0
57.031845906997255 23.0
57.18102573877506 23.0
57.20916415197484 22.0
57.22989955816743 22.0
57.287361151061205 22.0
57.29552093056815 22.0
57.313125382273206 22.0
57.36091762184125 21.0
57.36588505680514 20.0
57.396517751326 19.0
57.40017374245101 19.0
57.45976939482914 20.0
57.50560220531485 20.0
57.5589449698133 20.0
57.56461517403003 19.0
57.616900308919895 19.0
57.667767204398174 19.0
57.681345401459396 20.0
57.68565023295924 19.0
57.69669740298876 20.0
57.77727993137849 20.0
57.78857826163419 19.0
57.789421015598954 19.0
57.803436592781104 18.0
57.8505249874691 18.0
57.87317171526285 18.0
57.88426599034997 18.0
57.89669746503841 18.0
57.97067502137351 17.0
58.00137051920853 17.0
58.08835485284727 17.0
58.10013185334414 17.0
58.10640759453177 16.0
58.110375905302156 16.0
58.305607232075616 15.0
58.46309793444097 16.0
58.49253613303686 16.0
58.50377474173188 15.0
58.505300084962876 14.0
58.55100779463216 14.0
58.61924411503178 13.0
58.63064809176064 14.0
58.71230138460634 14.0
58.71455707442129 14.0
58.71660254405978 15.0
58.73521528666099 14.0
58.7757806870804 14.0
58.79385904452148 15.0
58.80494551833399 15.0
58.806639912184785 15.0
58.82205908642275 14.0
58.83913861268093 13.0
58.85385893254687 13.0
58.875683796083926 13.0
58.88792507916897 14.0
59.00291037578846 15.0
59.03257663642541 16.0
59.15777059190874 16.0
59.223609395324615 16.0
59.251608178462 15.0
59.264789097765146 15.0
59.35142453348599 15.0
59.39166111875026 14.0
59.41600196004571 14.0
59.426117488026 14.0
59.4459269299272 14.0
59.47239982994063 15.0
59.595690454074685 16.0
59.633193360325905 17.0
59.63343993543192 18.0
59.662844362453285 19.0
59.72315025316503 20.0
59.80042205893096 21.0
59.81829691276194 20.0
59.84235656238468 20.0
59.84328782885428 21.0
59.84474836035694 20.0
59.850037142144465 21.0
59.85602650712478 21.0
59.85693101977527 21.0
59.87661889181961 21.0
59.87948964995926 21.0
59.88839429836713 20.0
59.93014116265953 21.0
59.93828165106831 20.0
59.95626954905072 20.0
59.963405449192514 20.0
60.047959174761196 20.0
60.080986592261205 20.0
60.082011129815974 21.0
60.14483543568847 21.0
60.15249827308282 22.0
60.16497783780871 23.0
60.21902847088339 23.0
60.29365554441678 24.0
60.31927610513697 23.0
60.42426932011782 24.0
60.42655961291461 24.0
60.44631744203466 23.0
60.45839672791786 23.0
60.46316348284043 23.0
60.49001788501905 23.0
60.508748286194304 23.0
60.53831365655814 22.0
60.61000558751046 22.0
60.646884211134996 22.0
60.656900563902006 22.0
60.67570639063327 22.0
60.72706190284161 21.0
60.732919905840745 20.0
60.74744157990558 19.0
60.75495722702928 20.0
60.7677184125342 21.0
60.77241609166618 21.0
60.773858136516154 21.0
60.797814240210954 21.0
60.87103209492988 20.0
60.903994583915576 19.0
60.92769268036018 18.0
60.944198368999615 18.0
60.97046447326481 18.0
60.99464679341488 17.0
60.997662436564724 18.0
61.04424614682308 18.0
61.07278188954017 18.0
61.07371198251088 19.0
61.129292262219266 19.0
61.16542088060244 18.0
61.18817771871025 18.0
61.26106269479996 18.0
61.28145054931399 19.0
61.37170553160245 20.0
61.44184472201367 19.0
61.49865688454351 19.0
61.53140269356871 19.0
61.5658020265619 19.0
61.57400525308182 19.0
61.60044831452016 18.0
61.708441302077944 18.0
61.760219714438485 17.0
61.81014676478898 17.0
61.81250101137764 16.0
61.935096534998 16.0
62.0003547900029 16.0
62.09653670346125 16.0
62.14293868928264 17.0
62.16610105570278 17.0
62.21825109731446 18.0
62.29307896947721 17.0
62.32442043840299 17.0
62.343013590122574 17.0
62.35504626848049 17.0
62.36069693476223 17.0
62.36340438594041 17.0
62.41330267901139 18.0
62.4181662126691 18.0
62.45577313880431 18.0
62.45912317625266 17.0
62.489458873528704 17.0
62.49998303453878 18.0
62.51459939524951 19.0
62.5501329718588 19.0
62.57863167198361 18.0
62.585067925895146 19.0
62.59389241061426 19.0
62.67500949254252 19.0
62.696249732608194 19.0
62.82257365364155 19.0
62.87778160045761 20.0
62.90437275374784 19.0
62.929280677894305 19.0
62.9823265040319 19.0
63.03326155875692 19.0
63.03701414529777 18.0
63.060891738857144 19.0
63.08615394309959 19.0
63.201180486589806 20.0
63.22159683161519 20.0
63.22819894385522 21.0
63.24515811138281 21.0
63.27603037594 20.0
63.4208678176016 20.0
63.429795763632846 20.0
63.45075318219172 20.0
63.452382797356485 19.0
63.47885275021931 19.0
63.54594652186504 20.0
63.69412240483309 20.0
63.727465025319546 20.0
63.72816600513219 20.0
63.78929622313465 20.0
63.85787311934132 20.0
63.96877342325601 19.0
63.97498463198087 19.0
63.99930896912856 19.0
64.04312599494533 19.0
64.08682270871206 18.0
64.08951913430232 19.0
64.09343126187984 18.0
64.09357224469134 19.0
64.12081766540459 19.0
64.12751440630139 18.0
64.14904070774024 18.0
64.15919510510606 18.0
64.16970424540122 18.0
64.17833589218505 19.0
64.21097305111635 19.0
64.23107110308888 18.0
64.24179353130627 18.0
64.32450284301498 18.0
64.34234956989107 18.0
64.34705743229904 18.0
64.39867825883623 18.0
64.4450007666891 18.0
64.53342019392026 18.0
64.5688715081576 18.0
64.57687197998258 19.0
64.62636297722145 19.0
64.72408984482725 20.0
64.76612143692097 20.0
64.79626779463341 20.0
64.8418445282103 21.0
64.8530309918123 20.0
64.86132911453034 21.0
64.8761018898391 21.0
64.90299420622256 20.0
64.92636054133096 21.0
64.97921057941981 21.0
65.00886776562722 21.0
65.11710524956223 20.0
65.12974667880671 20.0
65.17526081967328 20.0
65.17973837683202 20.0
65.19283577736232 20.0
65.24696266438669 20.0
65.26575301951658 21.0
65.27399030803768 22.0
65.28507075983087 22.0
65.40197651295286 22.0
65.45047396566926 23.0
65.48577821200152 23.0
65.48978425904899 22.0
65.53546261323525 22.0
65.70515247612674 22.0
65.7212158627343 21.0
65.72698762762715 21.0
65.79461536245195 20.0
65.85285730429247 21.0
65.89292258168734 20.0
66.11068651856792 20.0
66.16720350775041 19.0
66.19440187992336 18.0
66.21563029829017 19.0
66.2167658546603 20.0
66.23824941075567 21.0
66.26985042955721 21.0
66.31516647368349 21.0
66.32050564466113 21.0
66.38980406516293 21.0
66.40596458181768 22.0
66.43431153942988 23.0
66.47482219420853 22.0
66.57906868815427 23.0
66.64251397311511 23.0
66.68284187512496 23.0
66.68873262806069 24.0
66.71299303438163 25.0
66.83625888437196 25.0
66.87751107488728 24.0
66.88416796589698 25.0
66.96708925271822 24.0
67.00016320177805 24.0
67.01820456064853 23.0
67.04147491257118 23.0
67.07983145905744 24.0
67.09112501270518 24.0
67.0926958089948 24.0
67.10237810055055 24.0
67.12209957348882 23.0
67.13331032311676 24.0
67.14291923695734 23.0
67.14437259357784 22.0
67.14649587529297 23.0
67.2542895310699 23.0
67.29046213893632 23.0
67.45952808709677 23.0
67.47471776728753 23.0
67.54109273839917 23.0
67.55047865803817 22.0
67.67559777905346 22.0
67.72355962021851 21.0
67.73904633274863 20.0
67.76130016354716 20.0
67.76263916702524 20.0
67.826898060121 19.0
67.95407575030247 20.0
67.96740299176756 20.0
67.99323190224011 19.0
68.00411569919915 19.0
68.01822955424888 18.0
68.04088783090485 18.0
68.04308763090097 19.0
68.15257217512337 18.0
68.16825781756238 18.0
68.17386057106117 17.0
68.174408825322 18.0
68.18870775852432 17.0
68.22928886810722 18.0
68.33911320800749 19.0
68.37965600044447 20.0
68.42315292021925 20.0
68.47949020704462 20.0
68.48179317348804 20.0
68.49274577051177 19.0
68.57705361287567 19.0
68.61062604363872 19.0
68.63892556371802 19.0
68.71873345776747 19.0
68.71919724393565 19.0
68.75396940706561 18.0
68.78393387681894 18.0
68.82280994702275 19.0
68.86274579350204 19.0
68.89984701134969 20.0
68.98434226184749 20.0
69.03024756499077 21.0
69.04130733715174 22.0
69.11578511628863 21.0
69.2048699027843 20.0
69.29507904281196 19.0
69.30152097506253 18.0
69.3464093069952 17.0
69.41687388375276 17.0
69.43887525029629 17.0
69.47697767820563 17.0
69.52603733535331 17.0
69.54217460449141 18.0
69.57196806995212 17.0
69.57780650719383 17.0
69.61202421894436 17.0
69.6246671044432 17.0
69.62894514345912 17.0
69.63445131124288 17.0
69.69193964584858 17.0
69.70972208631508 16.0
69.78046514309737 16.0
69.8199417053366 16.0
69.850612029325 16.0
69.86982443098425 17.0
69.89324570129111 17.0
69.9072582186182 17.0
69.93123446988935 17.0
69.96514450423305 17.0
70.00798829318582 16.0
70.02069776236046 15.0
70.03587109275048 15.0
70.10574504938134 14.0
70.12010981547958 14.0
70.16362788795227 14.0
70.18303833350213 14.0
70.22696106355718 14.0
70.28053076913987 13.0
70.28990553382035 14.0
70.30433076313693 14.0
70.31045188087403 14.0
70.32728842533398 15.0
70.32943977091416 15.0
70.4350808889264 15.0
70.43521894533998 15.0
70.49255145812907 15.0
70.51139440008133 16.0
70.51846972253381 15.0
70.69363019968642 16.0
70.70263215256922 16.0
70.70881509150479 16.0
70.73183832059571 17.0
70.73584123155729 17.0
70.91142291719528 17.0
70.93633640501199 16.0
70.9594464124818 16.0
71.02352591054267 16.0
71.0271294321545 16.0
71.0515722495297 17.0
71.05462482210463 17.0
71.0588089835399 18.0
71.08876188156987 18.0
71.08912013000183 18.0
71.17833941462601 18.0
71.19604344659001 17.0
71.23554835449728 17.0
71.25726392188785 16.0
71.34552099487007 15.0
71.44739910099958 14.0
71.47500793544386 14.0
71.48177865350802 14.0
71.50971913042981 14.0
71.52950083919684 13.0
71.55745359859351 13.0
71.58371167852425 13.0
71.65546377692874 13.0
71.66677770289887 13.0
71.6953953362856 13.0
71.98698601238402 14.0
72.0102848006025 14.0
72.0294797390495 14.0
72.12370505885941 14.0
72.19191841719024 14.0
72.19202407655995 14.0
72.2167732396191 14.0
72.32376736765188 14.0
72.3269984377233 14.0
72.36976276670622 13.0
72.39351189940567 13.0
72.47012278516979 13.0
72.54223183645205 14.0
72.55582285832247 14.0
72.57134610638187 14.0
72.65778553441993 15.0
72.69108262192378 14.0
72.70552686351627 15.0
72.71741317842775 15.0
72.77628376883743 16.0
72.7896262641316 15.0
72.7967264523333 14.0
72.82732863975345 14.0
72.89697274193247 13.0
72.8975704766363 13.0
73.11342469241337 14.0
73.11760452741477 14.0
73.14381868554871 15.0
73.15478226874029 15.0
73.16209979887978 15.0
73.16922913314033 15.0
73.23372165440074 14.0
73.2348624399303 14.0
73.27316066693702 14.0
73.37443044664779 14.0
73.40011138198825 14.0
73.43378874454469 13.0
73.47088536999445 13.0
73.53430425340176 14.0
73.54587973556787 13.0
73.55506775286243 13.0
73.57725805842551 13.0
73.62760807571576 13.0
73.69888357751076 13.0
73.72286121024011 13.0
73.74488910446556 13.0
73.7978310613243 14.0
73.84102436127985 15.0
73.93396651913758 14.0
73.94309153658877 15.0
73.98811431445833 15.0
74.00003866223344 16.0
74.0077046554479 16.0
74.05251940740108 17.0
74.12535827258907 16.0
74.17062382402464 17.0
74.22294016091038 18.0
74.28268008323934 18.0
74.32688721423236 17.0
74.39269548290504 16.0
74.39500628885877 16.0
74.42504406808109 16.0
74.43577289117766 15.0
74.43812216397532 16.0
74.46349376838634 16.0
74.46747697812413 16.0
74.50897567439272 17.0
74.56548566262651 17.0
74.62361158070132 18.0
74.7135445567651 19.0
74.71540841795971 19.0
74.8250957327402 19.0
74.85187976550895 18.0
74.85313329788492 17.0