0.0 0.0
0.014563587063842197 1.0
0.02599601636218603 2.0
0.04283244338478483 3.0
0.05583989326573938 4.0
0.08342799743205861 5.0
0.10310715299370446 6.0
0.10733890234229171 7.0
0.10854606198084427 8.0
0.1180613387238549 9.0
0.14492317707458782 10.0
0.14529448215496668 11.0
0.15168132503337603 12.0
0.15870439465185845 13.0
0.19239759483534952 14.0
0.21559091953975704 15.0
0.22242406187798178 16.0
0.26405304844277294 17.0
0.33918028669450223 18.0
0.35204959886423726 19.0
0.35331757104487777 20.0
0.3773611884632746 21.0
0.3941195252048452 22.0
0.4462658848329025 23.0
0.46121170823901153 24.0
0.5079716024458545 25.0
0.5165908548873024 24.0
0.5248540914667034 23.0
0.5473632033978959 22.0
0.5517353736523497 23.0
0.6053421524316863 22.0
0.6463972764374237 21.0
0.6966691696103738 20.0
0.7673426683335157 21.0
0.7709922652871526 20.0
0.7834393242992584 19.0
0.8756168196616709 20.0
0.8804648940688176 19.0
0.928584918763724 18.0
1.0685396705287595 17.0
1.1234916408818365 16.0
1.1297398624388446 15.0
1.1324869929616914 16.0
1.1675288649178026 17.0
1.1928020129605679 18.0
1.2069142669846598 19.0
1.252975466527567 18.0
1.3143834746513818 17.0
1.318491342535361 16.0
1.3281672538950429 15.0
1.3427287582823595 16.0
1.359012111502976 17.0
1.3790751077119827 18.0
1.4029760244403575 19.0
1.4042658772363636 20.0
1.4403869710032413 19.0
1.4482198776842858 18.0
1.4713214151945386 19.0
1.4856111310376943 18.0
1.4923653185355452 17.0
1.5415167006703108 18.0
1.5558809302440961 17.0
1.6102942475046316 18.0
1.6397783601660403 19.0
1.6414388786350407 18.0
1.6514747077987617 17.0
1.653128315269645 16.0
1.678589390550879 15.0
1.692656357951851 16.0
1.7602510749162767 17.0
1.7709580554402913 18.0
1.7867076632575187 19.0
1.798327837250648 18.0
1.8024704026846747 19.0
1.8379385569457543 20.0
1.8485001587323395 21.0
1.8652356032730075 22.0
1.8757679519035013 21.0
1.8833916275036227 22.0
1.9412422351528629 21.0
1.9597636064956772 22.0
1.980053715026205 21.0
2.0179634414928898 22.0
2.067728173269253 23.0
2.094197958269556 24.0
2.101982657338637 23.0
2.11606149701264 24.0
2.1316580451948104 23.0
2.140402829616178 24.0
2.174108359570723 23.0
2.1777753848499772 24.0
2.1816368297474464 25.0
2.1875542730919078 26.0
2.1939883129118414 27.0
2.1940135821993785 28.0
2.2351995664171795 29.0
2.246557226009501 28.0
2.2519020734217325 29.0
2.25873387681623 30.0
2.2590429679916935 31.0
2.302185666135483 30.0
2.3227682829488625 29.0
2.332057072059924 30.0
2.342354343911237 31.0
2.36588214886895 32.0
2.406168205213677 33.0
2.423923006651174 34.0
2.429478926767595 35.0
2.4446213787896327 36.0
2.4982669219804454 35.0
2.5074428035971312 36.0
2.5405651590928633 35.0
2.5686830038570956 34.0
2.6218022215165777 33.0
2.63016420494044 34.0
2.6417276202140667 35.0
2.676288797713418 36.0
2.7007860863181423 35.0
2.7076585768428103 34.0
2.731495003219553 33.0
2.7414526176328624 34.0
2.757313697574061 33.0
2.7987652083411096 34.0
2.823695307805767 33.0
2.844663097773745 34.0
2.85526639925262 33.0
2.9117046613822044 32.0
2.9134606672872545 31.0
2.9210978327788832 32.0
2.942689519239342 31.0
2.9643620422069663 32.0
2.9660763052852284 31.0
2.967176001677615 30.0
2.9686985227956657 29.0
2.9786506852254235 28.0
2.9885242397310194 27.0
3.0106154577201214 26.0
3.0565469106226515 27.0
3.087217578639434 28.0
3.12772447106994 29.0
3.1605348496838688 28.0
3.167837526778059 27.0
3.2242169256195723 26.0
3.2330168731088826 25.0
3.2667823314225815 26.0
3.2671014518195727 25.0
3.297426986019748 24.0
3.299470112987738 25.0
3.309888291854948 26.0
3.310477089678541 27.0
3.3737871651869535 26.0
3.382502801042297 25.0
3.386615234136447 26.0
3.432571709269839 27.0
3.4376789445922395 28.0
3.477258473081159 29.0
3.4973505695262266 28.0
3.548357565632856 29.0
3.572618950511435 28.0
3.5946864398815284 29.0
3.6035397371719537 30.0
3.663322409627848 31.0
3.6652722030933864 32.0
3.6682739941538616 31.0
3.678011858495994 32.0
3.7001681252605043 31.0
3.726531024998773 32.0
3.7296432734428735 33.0
3.7484364121461624 34.0
3.784580018454691 33.0
3.819875498011712 34.0
3.8413713650455183 33.0
3.8557828283079947 32.0
3.9051642604023495 31.0
3.996655416604734 30.0
4.000376045671312 31.0
4.007495083181885 30.0
4.102259491952218 31.0
4.125120463408433 30.0
4.12956714453433 29.0
4.143759518201642 28.0
4.208121274091529 27.0
4.216934270928581 26.0
4.288640492742417 27.0
4.357180826123856 26.0
4.384377380300507 27.0
4.404897974010163 26.0
4.519307160837175 27.0
4.555813228404916 26.0
4.614881399122096 27.0
4.652763710423455 26.0
4.6677455730303175 27.0
4.681351167242613 26.0
4.711369934772522 25.0
4.714048840438959 26.0
4.765392178425834 27.0
4.77977680126905 26.0
4.787866281219476 25.0
4.801542043010099 26.0
4.802473459026717 25.0
4.803928758897023 24.0
4.822788048265277 23.0
4.827059850047553 22.0
4.844060608991257 23.0
4.878744503802085 24.0
4.967308577943062 23.0
4.995094639504899 22.0
4.9982246574509475 23.0
5.003195349519351 22.0
5.039153825885172 21.0
5.056012464954756 22.0
5.07877437896638 23.0
5.105731394526397 24.0
5.1286633281597815 25.0
5.159327899209479 24.0
5.15969719362698 23.0
5.173111633944497 24.0
5.17681703071121 25.0
5.178397213295275 24.0
5.201313033543345 25.0
5.204106644137037 26.0
5.215735599052909 25.0
5.272118463797308 26.0
5.291318100988015 27.0
5.299596511429914 28.0
5.312174089195166 27.0
5.343546577696512 28.0
5.352741191312771 29.0
5.353068222778205 30.0
5.3538361969360055 29.0
5.354690580111532 30.0
5.41110020601009 31.0
5.436518400812377 32.0
5.459388512528007 33.0
5.588750795655177 34.0
5.590422943890357 33.0
5.601435542099895 32.0
5.62360696970005 31.0
5.654870492627568 32.0
5.663050114351936 31.0
5.6762180476526884 30.0
5.6822005286414665 31.0
5.691227174749078 30.0
5.69203255270584 29.0
5.723263930020385 30.0
5.879546883196027 29.0
5.890896454536542 28.0
5.935218233616819 29.0
5.943050816894019 28.0
5.978492966377343 27.0
6.063041635280423 26.0
6.112457305373304 25.0
6.289750737185762 26.0
6.325889703515672 27.0
6.3516894450118055 28.0
6.35828243256295 27.0
6.37540296630485 26.0
6.377772717365093 25.0
6.4374141487467025 24.0
6.449523467626626 25.0
6.490684562688869 24.0
6.498071801324204 23.0
6.507636359022569 22.0
6.5378246462619884 21.0
6.565858736011377 20.0
6.577973139014703 19.0
6.579019936701808 20.0
6.637291954334454 21.0
6.6552991908156605 22.0
6.657857685683175 23.0
6.6762342315677765 24.0
6.697186521777118 25.0
6.743406456211758 24.0
6.771192543211482 23.0
6.785878287499679 24.0
6.802218108365401 23.0
6.817211832408291 24.0
6.8329678801101 23.0
6.854066815350841 22.0
6.862691523123962 23.0
6.870659511126365 22.0
6.942403966535237 21.0
7.0098538828076835 22.0
7.028784527557209 23.0
7.061844096037203 22.0
7.11846437487249 23.0
7.1201649462762 24.0
7.126390019027675 23.0
7.175224622723703 22.0
7.1869671016778796 23.0
7.241285899844437 22.0
7.286579302326549 21.0
7.342944678054295 22.0
7.371284077441619 23.0
7.420650595437038 24.0
7.436648444509717 23.0
7.50051426379216 22.0
7.509864809916339 21.0
7.514631274824312 22.0
7.542285845459597 23.0
7.56051208563488 22.0
7.5682932175068105 21.0
7.595716541361069 22.0
7.6190536513835525 21.0
7.656360268240784 22.0
7.695156873712345 21.0
7.69918967928733 20.0
7.87425677215279 19.0
7.88304072937175 20.0
7.900340140455419 19.0
7.983619428725074 20.0
8.018859902369789 21.0
8.050266627675475 20.0
8.140242672813685 19.0
8.149245498530865 20.0
8.186254061629846 19.0
8.21107833458151 18.0
8.25053021755805 19.0
8.251172399076617 20.0
8.26092239958471 19.0
8.296266109320307 20.0
8.387221850952805 21.0
8.399121924801317 22.0
8.480869238505807 21.0
8.483268692103334 22.0
8.598891103871482 21.0
8.607416488464455 22.0
8.702901039673723 23.0
8.737720100217542 24.0
8.752649290236151 23.0
8.773606975703585 24.0
8.803886992621328 25.0
8.85268252561781 26.0
8.891405601413114 27.0
8.982390079849392 28.0
9.001872703032538 27.0
9.004668639990525 26.0
9.019436014499531 25.0
9.107818617325565 24.0
9.177158055168398 25.0
9.19778529031312 26.0
9.221774240629417 27.0
9.35053518599698 26.0
9.381006863690063 25.0
9.401465489840634 26.0
9.438196026719115 25.0
9.451602036564493 24.0
9.509562840554056 23.0
9.524274053426247 22.0
9.533174871126164 23.0
9.547104680470131 22.0
9.551379464814321 23.0
9.55903513664612 22.0
9.605582298577382 21.0
9.65983710194432 22.0
9.678162471040846 23.0
9.685557634021785 22.0
9.800100579718013 23.0
9.824808446454854 22.0
9.863251896941998 23.0
9.871544782336791 24.0
9.880990319761732 23.0
9.94417603517135 24.0
10.011796492919538 25.0
10.037069816519601 24.0
10.038494733928971 23.0
10.041238592856512 22.0
10.08149611848298 23.0
10.14557880972539 22.0
10.157469330780092 21.0
10.200641097578476 20.0
10.310191441794098 19.0
10.330502635439288 20.0
10.456172096769205 21.0
10.45656439124995 20.0
10.482540330001946 19.0
10.528243152075815 18.0
10.540117992743761 17.0
10.587498633561003 18.0
10.591526581525601 19.0
10.6214624285836 18.0
10.82490656179144 17.0
10.830314516238802 16.0
10.833720621430981 17.0
10.878378334497521 18.0
10.896998078238157 17.0
10.983502250731982 18.0
10.986733112465904 19.0
10.99864708806039 20.0
11.105691695664605 19.0
11.115984698075229 20.0
11.131709705475657 19.0
11.222188263367356 18.0
11.267123101212082 17.0
11.358265843373124 16.0
11.39949913510082 17.0
11.436037104687227 16.0
11.461538429231293 15.0
11.495348646653987 14.0
11.553796336085846 15.0
11.559517837168961 14.0
11.69133487438079 13.0
11.69203849574963 12.0
11.745180226951234 13.0
11.844736783693156 14.0
11.890021226727178 13.0
11.94362297554995 14.0
11.98290219412338 15.0
12.02758984243606 14.0
12.029790352258962 15.0
12.0570843589042 16.0
12.092178283228298 15.0
12.118944174899106 14.0
12.125665105878099 15.0
12.126768302931604 16.0
12.255538368414634 15.0
12.299692569426217 16.0
12.468554100009214 15.0
12.499332100027893 14.0
12.553316809831212 13.0
12.631160336765701 14.0
12.678847911310896 13.0
12.767248066656851 14.0
12.845147776790663 13.0
12.882152969920623 12.0
12.913338063811613 11.0
12.948583660943022 12.0
12.963062666723712 13.0
13.059636499855948 14.0
13.078756856107603 13.0
13.190019031421622 12.0
13.26866694583803 13.0
13.31290068985191 14.0
13.32732503394489 13.0
13.364835233318672 12.0
13.429781237757263 13.0
13.44219356961209 12.0
13.483696662697668 11.0
13.670352538616026 12.0
13.71276579589071 11.0
13.716706465041485 10.0
13.74072462939426 11.0
13.772754200251343 10.0
13.817155608662077 11.0
13.880666867924816 12.0
14.07636240602193 13.0
14.12814601950408 12.0
14.190687462113493 11.0
14.206589884251882 10.0
14.218403253773987 11.0
14.223828734744062 10.0
14.268036036458827 9.0
14.270739444474355 10.0
14.439010425808501 9.0
14.58619652280456 8.0
14.726554887863507 7.0
14.78754687744114 6.0
14.802596726608915 5.0
14.971330759069257 4.0
15.431632915334234 3.0
15.581123869024026 4.0
15.635203243472295 3.0
15.680516165666837 2.0
15.840989310080797 1.0
15.921193980664318 2.0
15.97045669843798 1.0
16.297614494778784 2.0
16.486932704244207 3.0
16.645890141049968 4.0
16.923372024984214 3.0
17.182775091669612 4.0
17.241786425760534 5.0
17.43988887934115 6.0
17.777430383492458 5.0
17.89887811506131 4.0
18.120453730262728 3.0
18.179975793424692 2.0
18.634596459249785 1.0
18.73947764057777 2.0
18.783509284779704 3.0
19.005670229693052 4.0
19.140263274494618 5.0
19.174039851651237 6.0
19.233845414518434 5.0
19.314298169658677 6.0
19.473215815023366 7.0
19.5229788826643 6.0
19.836395966831493 5.0
19.890267277219106 6.0
19.900068178124375 5.0
20.346469872392674 4.0
20.56825831940686 5.0
20.581509636483773 4.0
20.613552755495633 3.0
20.922656528506316 4.0
21.855730335059075 5.0
21.947701014238895 4.0
22.024240498060106 3.0
22.21084645206896 4.0
22.3658339603407 3.0
22.38953124724592 4.0
22.394932860344937 3.0
22.496946491074787 4.0
22.58440834271946 5.0
22.74468931235295 4.0
22.825252063777207 5.0
22.9247735010535 4.0
22.982476039585563 3.0
23.078394399356366 4.0
23.125789918417738 3.0
23.268081071416447 2.0
23.387704880770684 3.0
23.545243094037396 4.0
23.561714451650122 5.0
23.681966711086364 6.0
23.83372017361702 5.0
23.852956589236918 4.0
23.872648289671666 3.0
23.951247442297184 4.0
23.985189807351155 3.0
24.00382984746187 2.0
24.301914612465257 3.0
24.31027197884276 2.0
24.34102487401075 1.0
24.357735289480164 2.0
24.39905504108641 1.0
24.53130155908123 2.0
24.53220411120431 3.0
24.6322432540028 4.0
24.76239958264299 3.0
24.796334699745497 4.0
24.971706048390665 3.0
25.059253359697344 4.0
25.170815366371716 5.0
25.19483419744871 6.0
25.321949724152198 7.0
25.335673938240415 6.0
25.41571688044174 5.0
25.439771266136173 6.0
25.583885776011215 7.0
25.59214333419541 8.0
25.837221472018687 9.0
26.084873733206337 8.0
26.2516347313434 9.0
26.357482877373105 10.0
26.529243523314054 9.0
26.572285945440104 8.0
26.654864766629185 9.0
26.676117959423447 8.0
26.685526677467493 7.0
26.76509090099035 6.0
26.95692791150729 5.0
27.204440642978142 6.0
27.222079776757656 7.0
27.261938863365735 8.0
27.34869890592439 9.0
27.459061191780375 8.0
27.477525233256042 9.0
27.536182792642908 10.0
27.551115590756254 9.0
27.700434417031147 8.0
27.765480326357018 9.0
27.861948877260048 10.0
27.94484442208509 9.0
28.014984417331625 8.0
28.169462653813447 9.0
28.427847506729563 8.0
28.53903107070917 7.0
28.790084540196908 6.0
29.023364406556762 5.0
29.08711573842117 4.0
29.126072435347602 3.0
29.213360982753816 4.0
29.219950727139924 3.0
29.230635235699957 4.0
29.51855983474757 3.0
29.63603475086202 4.0
29.841747588560526 5.0
29.899304975816023 6.0
30.220131392135368 5.0
30.2403366325611 6.0
30.280549646815224 7.0
30.597897574095942 8.0
30.605162449888613 7.0
30.812429476337634 6.0
30.918253448619478 7.0
31.0327050364057 8.0
31.1706340057372 7.0
31.27729535380347 8.0
31.29642826910156 9.0
31.422301633526256 10.0
31.50044873481356 11.0
31.658358278768322 10.0
31.664673563250528 9.0
31.84862891736202 10.0
31.884345918510537 9.0
31.92965561432105 8.0
31.949570837571457 7.0
32.094520506242745 6.0
32.19529108462917 5.0
32.208498081497986 6.0
32.22062886385142 5.0
32.297159135708974 4.0
32.41281526778443 3.0
32.56502695657969 4.0
32.57527593644071 5.0
33.02296732056996 6.0
33.09731132798711 5.0
33.36980332978254 4.0
33.36994285054267 3.0
33.48954952739305 2.0
33.57426903950823 3.0
33.68789285679883 4.0
33.79041611210736 5.0
33.82814449566977 4.0
33.83280531096461 5.0
33.902459396312395 6.0
34.08920365387214 7.0
34.093873602104495 8.0
34.11416008409434 9.0
34.1633850217376 8.0
34.21642366793517 9.0
34.23985622528011 8.0
34.2572881729178 9.0
34.28325904753215 10.0
34.33227220151515 9.0
34.359109000408985 8.0
34.473639896201504 9.0
34.496538742851065 8.0
34.5096384497875 7.0
34.64099374494372 8.0
34.72760798372173 9.0
34.86631744102517 10.0
34.89408095956527 9.0
34.897914087418954 8.0
34.97009905398543 9.0
35.03942842450201 8.0
35.07852363785032 7.0
35.092608368883056 8.0
35.1317496879968 9.0
35.226953562996094 10.0
35.28813536126279 11.0
35.30078133742493 10.0
35.53244862020035 9.0
35.57737828876667 8.0
35.61989297018913 9.0
35.62404077209815 10.0
35.662043884964675 11.0
35.693723082714826 12.0
35.745368686009094 13.0
35.75474501616384 14.0
35.852276904338886 13.0
35.89409749337268 14.0
35.89682202494786 13.0
36.008905978945776 14.0
36.07978028943869 13.0
36.08302707637464 14.0
36.20893604745768 13.0
36.23161958383275 14.0
36.32365001169031 15.0
36.3370706190222 14.0
36.340533362787426 15.0
36.47207325288661 16.0
36.50246768042573 15.0
36.50733629591019 14.0
36.52210244067213 13.0
36.57841164847777 12.0
36.59828161028378 13.0
36.63794613064076 12.0
36.64728093787509 11.0
36.93155439662047 12.0
36.93797259728627 11.0
37.04691640911431 10.0
37.13765318643721 9.0
37.14555986483245 8.0
37.280412422763796 7.0
37.45076935119383 8.0
37.48781870819797 7.0
37.76495962224894 8.0
37.81259414417669 7.0
38.19662071875138 6.0
38.198224020376934 5.0
38.25260007156706 4.0
38.25670591561655 5.0
38.38698545869431 6.0
38.46146402452725 7.0
38.46712443768685 6.0
38.51037002198044 7.0
38.85909968512243 6.0
38.87116835700436 5.0
38.96081151557551 6.0
39.03287086835842 7.0
39.25726785825276 6.0
39.35686537107155 7.0
39.38981192058308 6.0
39.50305998699398 5.0
39.5313398060348 6.0
39.58153751855753 7.0
39.660379587582746 6.0
40.363658397881416 5.0
40.540827996230874 6.0
40.76362239408353 7.0
40.916145286902164 8.0
40.95763786581713 7.0
41.01660254573917 8.0
41.16387912912163 9.0
41.16536176608252 8.0
41.41723286164799 7.0
41.48021163794117 8.0
41.48025360682645 9.0
41.48211775752963 8.0
41.50174133544092 7.0
41.58711750081742 6.0
41.63603855852446 5.0
41.80347455062418 6.0
41.84382252572609 7.0
41.89825487823937 6.0
42.241866780822356 7.0
42.245500670644326 6.0
42.59482696472637 5.0
42.80330718147026 4.0
42.86791976554345 5.0
42.882447661879105 6.0
42.9722383267364 5.0
43.04871566956813 4.0
43.060649058767595 5.0
43.16673058217401 6.0
43.189051676944445 7.0
43.193580694591006 6.0
43.28403777553515 7.0
43.5029415453997 6.0
43.50608048488706 5.0
43.5108138929425 6.0
43.607957157830405 7.0
43.66242036609803 6.0
43.72564517924335 7.0
43.80030265499915 6.0
43.80110799707388 5.0
44.02554101713449 4.0
44.0642709895071 3.0
44.199990013695256 4.0
44.26248164392616 5.0
44.268320890493754 6.0
44.26988892531024 5.0
44.456991440813134 6.0
44.58574673389944 7.0
44.62017114888806 8.0
44.63374467233871 7.0
44.64789143716488 8.0
44.72509373305735 7.0
44.72668987637939 6.0
44.74153058174113 7.0
44.97020846637515 6.0
45.042221851310266 5.0
45.047939565321876 6.0
45.15724037479477 7.0
45.20560896770771 6.0
45.32059893763812 7.0
45.40641221128287 6.0
45.66659526114329 7.0
45.74788682674411 6.0
45.76997898325536 5.0
45.776194354031325 6.0
45.91016543135405 5.0
46.001533165943776 4.0
46.04021970558401 3.0
46.086946367416395 4.0
46.16475886619906 3.0
46.18802760445802 2.0
46.26453697972351 3.0
46.824276679257 4.0
46.83650573027843 3.0
46.896157310283094 4.0
47.081881652876035 5.0
47.269570417011145 4.0
47.47882462939199 3.0
47.82816385216995 2.0
48.1724188246931 1.0
48.256215142194925 0.0
48.50854714477135 1.0
48.60714232811505 2.0
48.82215150483536 1.0
48.95483768294404 0.0
49.785843189848464 1.0
50.26127177199038 2.0
50.30273743130973 1.0
50.388144148925484 2.0
50.557293833705515 3.0
50.58239469504377 4.0
50.89410347446793 5.0
50.89573884895127 4.0
50.90697413251855 5.0
51.054873084539686 6.0
51.080785572378694 5.0
51.14588637339248 4.0
51.34380515431042 5.0
51.38456537767039 6.0
51.58534839317981 5.0
51.84290364054818 6.0
51.93650601492204 5.0
51.97468651933507 4.0
52.02327236221337 5.0
52.086169043184384 4.0
52.09060596351981 5.0
52.11501748271522 4.0
52.32869159206019 3.0
52.37808955311453 4.0
52.385792964614 5.0
52.5244073227962 4.0
52.74472799448243 3.0
52.89553949483888 2.0
53.00478683897565 3.0
53.04299263086687 2.0
53.080645009373214 3.0
53.186663918560505 2.0
53.29228047807056 3.0
53.35312421375158 4.0
53.56776671259153 5.0
53.626411915722784 4.0
53.71559189670062 3.0
53.894149954522376 4.0
53.94668190407449 5.0
54.18049446991275 6.0
54.24412567236253 5.0
54.24953592133056 6.0
54.37877299180677 5.0
54.45691892558074 6.0
54.50735929817243 5.0
54.552904172109244 6.0
54.65049807411313 5.0
54.744496816416934 6.0
54.768425439798676 5.0
54.877390513888436 6.0
54.92340707804054 7.0
54.94555788630339 8.0
55.03924106207794 7.0
55.0527951353738 8.0
55.05562934268744 7.0
55.060632464852624 6.0
55.10755885717984 7.0
55.12852539008254 8.0
55.27037598837551 7.0
55.41576696320928 8.0
55.46097638308954 7.0
55.49704428374499 8.0
55.56928577666863 7.0
55.589925945285394 8.0
55.60264686452176 9.0
55.622262730331826 10.0
55.71212927451561 11.0
55.74634778404681 12.0
55.771360020614466 11.0
55.7847746401269 10.0
55.89151215480121 11.0
55.894294407007955 10.0
55.90043514166583 11.0
55.948624209310886 10.0
55.970709199232054 9.0
56.03590117324724 8.0
56.19497482874326 9.0
56.225771296708814 10.0
56.43630904483641 11.0
56.623381554473724 12.0
56.669475066407465 11.0
56.810514140339954 12.0
56.8391275843835 11.0
57.002683751511256 10.0
57.14268680696881 9.0
57.23888208774759 8.0
57.261987435882055 9.0
57.31402416982675 8.0
57.55350366487321 7.0
57.55525939119761 6.0
57.59173035588855 7.0
57.72768411549112 6.0
57.82430574276734 7.0
57.9508158470546 8.0
58.091474233856964 7.0
58.16372430980136 6.0
58.27700302334029 5.0
58.364644445424574 6.0
58.405474651216075 7.0
58.42460724545446 8.0
58.576668705551576 9.0
58.62056467037119 10.0
58.69104325708018 9.0
58.72360249531734 8.0
58.87705088808198 7.0
58.97775599149535 6.0
59.15910431429395 7.0
59.1903666173356 6.0
59.27378365448279 7.0
59.333559219199756 6.0
59.42099349321737 5.0
59.48544558335097 6.0
59.5564141835641 5.0
59.615335978354025 6.0
59.72708274029467 5.0
59.758725277204604 6.0
59.824308145572765 5.0
60.331333744883715 4.0
60.40301877210054 5.0
60.41485933144954 6.0
60.42737948370314 5.0
60.42823451397369 4.0
60.45071123458373 3.0
60.56614950787275 2.0
60.76643276001939 3.0
60.85094201613101 2.0
61.00635689352153 3.0
61.0182324825715 4.0
61.19665096986117 3.0
61.28863765259684 2.0
61.400124635847064 3.0
61.94265294723617 4.0
61.96278718295461 5.0
62.066603514045845 6.0
62.159475638690786 7.0
62.23875686203751 6.0
62.2574403623945 7.0
62.347285437379924 8.0
62.36791908290758 7.0
62.41450851971588 6.0
62.43141671593096 5.0
62.52807162088408 6.0
62.67244934591011 7.0
62.69176264122544 6.0
62.72759901601601 5.0
62.73157773905543 4.0
62.757055414329955 3.0
62.764009429914985 2.0
62.78890918969218 3.0
62.80747161502563 4.0
62.89014647956716 5.0
63.02620287222607 4.0
63.0690225039871 5.0
63.0982608485429 4.0
63.38993857360519 5.0
63.821473410275175 6.0
63.82575201781732 7.0
63.842324182522866 6.0
64.02677251929519 7.0
64.40414026269195 6.0
64.41852676105373 7.0
64.58839299846444 8.0
64.6022322678241 7.0
64.67072428119839 8.0
64.69057190813358 7.0
64.71657742509413 6.0
64.7559315739182 7.0
64.83267613265981 6.0
64.91237066082802 5.0
65.06540361023028 6.0
65.17235423643521 7.0
65.18146868024532 6.0
65.24685081249285 5.0
65.32932584423195 6.0
65.37982591242282 5.0
65.45496388524101 6.0
65.58175401474058 7.0
65.66172089713088 8.0
65.73950614038941 7.0
65.76892889948847 8.0
65.89804304067584 7.0
65.99047958568278 6.0
65.99230929677425 5.0
66.21358107950392 4.0
66.24514375257398 3.0
66.56735733618765 2.0
66.64911124527073 3.0
66.88463599752906 2.0
66.96439503584915 1.0
67.09208026967372 2.0
67.47848185717051 1.0
67.60654750552713 2.0
67.85030241053587 1.0
68.27756608589416 2.0
68.40062515444386 3.0
68.43504808998591 4.0
68.48193732496254 5.0
68.70979879954366 4.0
68.99789974331449 3.0
69.06650624100625 2.0
69.09988666751124 1.0
69.33856682044004 0.0
69.52605372373326 1.0
69.54837086163613 2.0
70.03746019571327 3.0
70.23211075532437 4.0
70.54027791615741 5.0
70.57908849350208 4.0
70.58675781371136 3.0
70.63044011240389 4.0
70.65523117957522 5.0
70.67997294893041 6.0
70.68011591171356 5.0
70.7711734750297 6.0
70.78576966287568 7.0
70.79121096225718 6.0
70.98180276937703 5.0
71.12821596606958 6.0
71.22083580213626 5.0
71.23139637015814 4.0
71.3903366684712 3.0
71.4269586128742 4.0
71.59427031364189 3.0
71.61255896832527 4.0
71.72184339860682 3.0
71.8166958027406 2.0
72.09719370317788 3.0
72.22826979000153 4.0
72.27374055333945 3.0
72.27715326635953 4.0
72.52856397636111 5.0
72.68654368272794 4.0
73.02738535508571 3.0
73.30410748437914 4.0
73.36018100287481 3.0
73.36838034804907 2.0
73.54948550118156 3.0
73.59554331422024 2.0
73.61411800380633 1.0
73.72182775609242 2.0
74.15435732454212 1.0
74.1701091378558 2.0
74.35995192073246 3.0
74.64259805562963 4.0
74.7022246147202 5.0
74.92053762670376 4.0
74.95111735459892 3.0
75.74665501659106 2.0
75.75786849867364 1.0
75.79963214287874 2.0
75.8540628982733 3.0
75.90568534907958 4.0
76.2062225259036 5.0
76.29664382009956 6.0
76.35384001133785 5.0
76.59135086652027 6.0
76.59843227377783 7.0
76.6299138487177 6.0
76.67870638837002 5.0
76.76587747673697 6.0
76.77839411896211 5.0
76.7999862395261 4.0
77.09475846847644 5.0
77.12169687038107 6.0
77.51776214939359 7.0
77.5648483904854 8.0
77.58464282270877 9.0
77.67750576069767 8.0
77.68363702940724 7.0
77.77639569650174 6.0
77.94312826682005 7.0
78.28820422573871 6.0
78.2883649915578 5.0
78.613048186132 6.0
78.62249295609718 5.0
78.65898949933272 6.0
79.03346744335254 7.0
79.1225156832913 8.0
79.2325392191308 7.0
79.45617409083304 6.0
79.54158468961604 7.0
79.72717728292707 8.0
79.99063470979954 9.0
80.12166188246994 8.0
80.19804035445954 7.0
80.24393648301859 6.0
80.25123351342552 5.0
80.34635398183248 6.0
80.36687243957874 5.0
80.37223228737277 6.0
80.46524388544546 5.0
80.52533855699134 4.0
80.61908614767376 3.0
80.62991832823018 4.0
80.73795460571195 5.0
80.7974673228666 4.0
80.90914045187031 5.0
81.03658046067012 4.0
81.19339550601705 5.0
81.21091089911987 6.0
81.29967358849245 5.0
81.31702975301489 6.0
81.53517461822463 7.0
81.58272124036566 6.0
81.7303991797939 5.0
81.7391385119649 4.0
81.77946167101025 5.0
81.90488003065366 6.0
81.92089509778549 7.0
81.95903263791627 6.0
82.19215127566797 7.0
82.3447729894944 6.0
82.42909845903229 5.0
82.51335555636618 6.0
82.56870474989513 5.0
82.83291592516386 4.0
83.04279930573561 3.0
83.15672759347382 2.0
83.26485061981124 3.0
83.31575445686764 2.0
83.35024607414339 1.0
83.35187281659515 2.0
83.35256428491888 3.0
83.51344210372524 2.0
83.56574586577534 1.0
83.58171244738952 2.0
83.66017030054694 3.0
83.78184350705489 2.0
83.8226157915454 3.0
84.0620584857051 2.0
84.08746534852493 1.0
84.19474371865853 2.0
84.48083694517089 1.0
84.58431401437119 2.0
84.80675906122148 3.0
85.3067282441802 2.0
85.37882314319886 1.0
85.42773905010434 2.0
86.03715378535014 3.0
86.29908378634981 2.0
86.37216766091815 3.0
86.41177836987747 4.0
86.54555386406635 5.0
86.70942024825354 4.0
86.82108442476138 3.0
87.14629568594216 2.0
87.56167450618737 3.0
87.63589063374796 4.0
87.66083616062646 5.0
87.72884365915104 4.0
87.77954873174401 5.0
87.83337533072584 6.0
87.87972203328731 7.0
87.88367436560378 6.0
87.93348699349004 5.0
88.2216949851402 6.0
88.26796990678586 7.0
88.31120584326959 6.0
88.3338497276542 5.0
88.43278944031208 4.0
88.60721092716267 3.0
88.64856213211692 4.0
88.7179771451441 5.0
88.77513131577264 6.0
88.93285344469864 5.0
88.98189960590528 6.0
89.01412274102744 5.0
89.68800456607056 4.0
89.74171762013029 5.0
89.74351269308295 6.0
89.80328195114691 5.0
89.86203765628377 4.0
89.86324499333747 5.0
89.95970679007407 4.0
90.00441170717654 3.0
90.03680699460035 4.0
90.07531076397208 5.0
90.09727363750652 4.0
90.17758162599551 5.0
90.34086098222303 6.0
90.35285350578276 5.0
90.47436005608948 6.0
90.50236110029408 7.0
90.66223553143577 6.0
90.77230138283261 7.0
90.77454627649836 8.0
90.80939578870804 9.0
90.81213886250423 8.0
90.82287719520912 7.0
90.84838388165745 8.0
90.85518919242877 7.0
90.87908400009108 8.0
90.98132487576922 7.0
91.16217583883986 8.0
91.23614782480367 9.0
91.25389769905264 10.0
91.2593815765741 9.0
91.3131506811236 10.0
91.36548308834519 9.0
91.37045339770265 8.0
91.40896960582307 7.0
91.41817097760769 8.0
91.43735273541776 9.0
91.44134380364665 8.0
91.44653676200825 7.0
91.5570759199695 8.0
91.57916823552387 7.0
91.60450775298774 8.0
91.62247160553125 9.0
91.62858889766689 8.0
91.6353538474211 9.0
91.65358760336919 10.0
91.8904047330864 11.0
91.89215558008256 10.0
91.91215112167295 11.0
91.9973954925711 10.0
92.17393152986232 11.0
92.17964483615067 10.0