0.0 25.0
0.01179446832570073 24.0
0.03302969315183718 24.0
0.053901767569641004 23.0
0.09325140728263975 22.0
0.14927052729167012 22.0
0.3025041381250126 21.0
0.31443552699417254 20.0
0.3337139927838579 20.0
0.3743560133544054 19.0
0.4197577187300567 19.0
0.4275806896505285 18.0
0.43563991205069785 17.0
0.4614888005957667 17.0
0.48356545551395963 16.0
0.5350476368537225 16.0
0.5574770908382717 16.0
0.6091666206255012 15.0
0.6096764647288502 16.0
0.636961472443178 16.0
0.6509132001007585 16.0
0.6904307273840387 17.0
0.7250079972628292 18.0
0.7752103362837989 17.0
0.7789902483692569 17.0
0.8054619409275579 17.0
0.8532160247070727 16.0
0.874585449957845 16.0
0.9390106742983405 15.0
0.9537364392548736 14.0
0.9873128817404941 14.0
1.0421413723997783 13.0
1.1505904151274418 13.0
1.1752352191877096 13.0
1.1993715648270837 12.0
1.2046144229823295 12.0
1.2229166933023532 11.0
1.2900809556276058 10.0
1.320882908666439 10.0
1.3335180429205256 9.0
1.3559920196075452 10.0
1.377086130612588 10.0
1.3806471602726564 9.0
1.4213954023631779 9.0
1.4347566287167628 10.0
1.4970474485813452 10.0
1.5045734542126203 11.0
1.534512674047693 11.0
1.5371185557989264 11.0
1.5616368588810436 10.0
1.5743877716125845 9.0
1.627217224699533 8.0
1.6725044388929085 8.0
1.6761998322048695 8.0
1.69001209134379 8.0
1.6913937698085855 8.0
1.7005278745728056 8.0
1.7191647944272777 9.0
1.8012743235349091 8.0
1.8174373047791819 8.0
1.8960668765730775 9.0
2.0301146886784536 8.0
2.0420637106517012 8.0
2.093433638526697 8.0
2.122004386249723 8.0
2.1415439070778124 8.0
2.218943321052887 7.0
2.237207610442129 7.0
2.2405670066158567 8.0
2.2528630064346684 9.0
2.2690568745062794 9.0
2.271977455628662 9.0
2.346663086793249 9.0
2.3552947527156256 10.0
2.432659550039792 10.0
2.4450119028533375 10.0
2.4621912648380557 9.0
2.5274822051271073 10.0
2.608775432880948 10.0
2.637658671904119 10.0
2.6712702364338314 10.0
2.6931245355249214 11.0
2.7220700214964295 10.0
2.7601102308655268 10.0
2.8867072695614384 10.0
2.926576555763587 10.0
2.9561418171283718 10.0
2.958100305956669 10.0
2.9983268978821145 11.0
3.0139220491299032 12.0
3.0271132358809654 13.0
3.0623636979197273 13.0
3.1040544718680287 13.0
3.1444231167438113 13.0
3.1555938588708154 13.0
3.1605715109435515 13.0
3.313728285887253 14.0
3.4712776626250186 14.0
3.4757482805120374 14.0
3.512552674350506 13.0
3.5700970489664443 14.0
3.5717903509906153 13.0
3.5834011993672603 13.0
3.611930363406385 12.0
3.638555757259352 12.0
3.666602117557647 13.0
3.6910119086674618 14.0
3.7308918989582005 13.0
3.734070259990386 13.0
3.737025191091681 12.0
3.8142717801309316 12.0
4.042262326585395 11.0
4.087231150807809 11.0
4.09486505662736 12.0
4.120189478761864 12.0
4.178436698256187 12.0
4.187805007628891 11.0
4.240082253782908 12.0
4.253499424195107 12.0
4.261104260161962 13.0
4.296969902750283 14.0
4.301457508486486 13.0
4.307840062602833 14.0
4.332921513263912 13.0
4.34747657072705 13.0
4.396238824202443 14.0
4.404954697280145 13.0
4.485700595665551 13.0
4.507351635816005 13.0
4.510216230457184 13.0
4.561131126222543 13.0
4.566170131220989 13.0
4.715685559683698 12.0
4.723065198771312 13.0
4.743451221902817 12.0
4.769373672008427 12.0
4.817219256084921 12.0
4.819599751859281 13.0
4.843140644289773 13.0
4.849278125814811 14.0
4.863535098302567 13.0
4.942561392792542 12.0
4.951558510820949 11.0
4.979542933231237 10.0
5.044315525696519 10.0
5.074863460729646 9.0
5.077845841123465 9.0
5.104857734539095 9.0
5.136942433104867 10.0
5.147530801076503 11.0
5.213483199409146 12.0
5.243116360616112 13.0
5.255966005569618 14.0
5.334575432906921 15.0
5.4064756773386655 16.0
5.4665868840886755 16.0
5.517244444722488 15.0
5.55483837997963 15.0
5.589069835225115 14.0
5.59494605100402 14.0
5.611776463636815 13.0
5.616472231196733 13.0
5.64479428192915 13.0
5.676711497795799 13.0
5.719077170039869 12.0
5.746578792153606 13.0
5.757842814236419 14.0
5.770218799226684 14.0
5.7864945864694395 15.0
5.792866145467452 14.0
5.826585388990471 14.0
5.849360115582975 15.0
5.86333308660267 14.0
5.863733095081911 15.0
5.934617153076913 16.0
5.977637192996669 16.0
5.987541114574086 16.0
5.999692342738273 17.0
6.0226265243233215 17.0
6.040251041241427 16.0
6.053554579488335 15.0
6.059039780681505 14.0
6.129939987911837 13.0
6.1679805260233 12.0
6.170687613325146 13.0
6.253615551645984 13.0
6.258687584200896 14.0
6.290688272048587 15.0
6.349425146252604 15.0
6.385874421424083 15.0
6.48270969101469 14.0
6.544850539825273 13.0
6.58549796928579 13.0
6.645542131490549 13.0
6.683862637917346 13.0
6.75099371523043 12.0
6.792460331328776 12.0
6.8102697751163666 12.0
6.868184024618224 12.0
6.890610156103372 11.0
6.893960131811121 11.0
6.928280919913107 12.0
6.932083508675676 13.0
6.948298968692293 12.0
7.014254294404258 12.0
7.029474291224603 11.0
7.091994867265935 11.0
7.131167132806064 11.0
7.14273591360923 12.0
7.182754773033216 12.0
7.196862321303186 12.0
7.292609974583918 13.0
7.426995530122856 13.0
7.434575777129079 14.0
7.478179980057234 13.0
7.4786704345568955 13.0
7.517739382571113 13.0
7.523714392343365 13.0
7.5320047550988125 14.0
7.582900278698455 14.0
7.604791696830043 13.0
7.623639781557872 13.0
7.681250417219222 13.0
7.692790127615839 13.0
7.777153669755669 12.0
7.825354404138947 12.0
7.880545672834037 12.0
7.909893587127658 12.0
7.947726330710214 12.0
7.954017167223931 13.0
7.997764447315116 12.0
8.019453540648719 12.0
8.042141902881683 12.0
8.053798066131792 12.0
8.103426669612602 12.0
8.116625306606043 12.0
8.131108790150337 13.0
8.159457753820014 13.0
8.175793984269333 13.0
8.258104640558152 13.0
8.28021734167078 13.0
8.289683654882948 13.0
8.370940178671928 13.0
8.382485522462364 13.0
8.417413436165953 12.0
8.44878301524297 12.0
8.467171056018874 11.0
8.537567249776696 11.0
8.54739266432888 11.0
8.776639791253574 12.0
8.883102839846234 12.0
8.928325421938506 11.0
9.006603403627183 10.0
9.052360798927836 11.0
9.055109892879608 10.0
9.161679555606167 10.0
9.17660651705632 11.0
9.34148089684564 11.0
9.35303775564048 12.0
9.402744838316337 12.0
9.412318280985264 11.0
9.541376245883125 11.0
9.562837138176594 10.0
9.569004302918836 9.0
9.572150459170883 9.0
9.615478896862571 9.0
9.61620977966613 10.0
9.618831968778279 10.0
9.619422050603019 10.0
9.657085558543908 10.0
9.658574874126481 9.0
9.712296964234342 9.0
9.750432896542298 9.0
9.767137235481476 8.0
9.775094001069611 9.0
9.837298014685352 9.0
9.912644054933585 9.0
9.94412512870685 9.0
10.037528276570752 8.0
10.084270615218502 8.0
10.120627645482715 9.0
10.1919933714192 9.0
10.192508198180157 8.0
10.193448553088317 8.0
10.239477477349407 8.0
10.241879186476288 8.0
10.247358103765233 8.0
10.249572857547335 9.0
10.25752106611718 9.0
10.362462258779134 9.0
10.378646731596278 9.0
10.410238302582803 9.0
10.427728655177205 9.0
10.447920206833045 10.0
10.476813285704408 9.0
10.52490085364591 9.0
10.585489055773737 10.0
10.644535787412485 10.0
10.66023761638082 10.0
10.685255380298978 10.0
10.692850863127497 10.0
10.751239676089979 10.0
10.752093265781093 10.0
10.761413274551279 10.0
10.769760072868277 10.0
10.965917959819528 10.0
10.973023405987876 9.0
11.046566898167942 9.0
11.05321014061022 10.0
11.06117516332775 11.0
11.076016813280264 10.0
11.083206852816964 11.0
11.10537508107282 11.0
11.168007970140343 12.0
11.170578586376445 12.0
11.177341615423574 12.0
11.18094933517953 11.0
11.200668776196222 10.0
11.299735379141577 10.0
11.310608321380997 10.0
11.370642986912014 10.0
11.423607805840591 10.0
11.43195645990616 10.0
11.520039722989518 11.0
11.53193038960642 11.0
11.534156575439333 12.0
11.564668410321339 12.0
11.564859086038757 11.0
11.619189683804613 11.0
11.644692163876545 11.0
11.648332218868264 10.0
11.807573410523178 10.0
11.81604877290404 10.0
11.894752673694118 10.0
11.899505548186326 10.0
11.925922373303829 10.0
11.933947333310385 11.0
11.945185980894667 12.0
12.016787682356314 12.0
12.030265614248057 12.0
12.103521246039243 11.0
12.174063899081974 10.0
12.248225342320191 11.0
12.270013691167835 11.0
12.281782220735158 11.0
12.297369157247305 10.0
12.367286931913535 10.0
12.36834506533963 10.0
12.484821441828165 10.0
12.533248747582244 10.0
12.540285912210102 10.0
12.549546451691405 10.0
12.594801299196899 11.0
12.60136305231044 12.0
12.610911097230959 11.0
12.613941021494027 12.0
12.661226666067943 12.0
12.675521352007117 12.0
12.70082322211616 13.0
12.726276798575773 14.0
12.777188001278379 14.0
12.800999275255878 14.0
12.897096588727026 14.0
12.914551045357523 14.0
12.96802650132029 14.0
12.974400504796169 15.0
13.119284107654996 14.0
13.165449734048654 13.0
13.188243738164303 14.0
13.193200987213604 14.0
13.218282472921878 14.0
13.230250562402261 14.0
13.249716970714733 13.0
13.250373668203093 13.0
13.257753867804198 13.0
13.260066105730175 14.0
13.317443436261783 13.0
13.409341740469136 14.0
13.427172331623071 13.0
13.469041626806977 13.0
13.471495868131267 13.0
13.521080609445981 13.0
13.546665679400224 12.0
13.56595898890456 12.0
13.64242809365421 13.0
13.64468863205956 12.0
13.648955735140836 12.0
13.670826391662269 13.0
13.67690607716072 12.0
13.773226494501294 11.0
13.822320310294648 11.0
13.872784834325834 10.0
13.879712016287913 9.0
13.924353765165977 8.0
13.986322260666903 8.0
14.006836295526266 8.0
14.00830542407006 9.0
14.128649658085125 8.0
14.140231622582826 8.0
14.168792842575787 8.0
14.24014880580683 8.0
14.242716838572466 9.0
14.294440433879748 9.0
14.351245321634392 9.0
14.3774715523803 9.0
14.452908373940865 9.0
14.475758542978658 9.0
14.503760587715284 8.0
14.60948781841461 8.0
14.652681119656469 8.0
14.65823989295268 9.0
14.829453333136373 9.0
14.838835976514563 10.0
14.865297434389536 11.0
14.901649159256701 11.0
14.93825870698039 11.0
14.997283421832826 10.0
15.003713742693012 10.0
15.165248476899377 10.0
15.167893012888955 10.0
15.22872923550864 9.0
15.269098972943295 9.0
15.280369430977812 9.0
15.283996535102851 9.0
15.296453682978955 9.0
15.301805092815496 9.0
15.31163084117102 8.0
15.338488965732124 7.0
15.395204436482883 7.0
15.408609898300158 8.0
15.46812215147961 9.0
15.534031164552498 9.0
15.548275307477503 9.0
15.59793250081206 9.0
15.659363854706756 9.0
15.677355069107 9.0
15.687741252942386 9.0
15.796367496499913 9.0
15.827118373755477 9.0
15.954924938720875 8.0
15.958090525113983 8.0
15.961229851034748 8.0
15.967220705172263 8.0
15.97956197542574 8.0
16.001384787769716 7.0
16.007823522168774 6.0
16.033482733110432 6.0
16.084590762112857 7.0
16.128634445778843 7.0
16.171580013841407 6.0
16.211759140570194 5.0
16.231715490532945 5.0
16.311067750169155 5.0
16.42344240306686 5.0
16.495337759402105 5.0
16.512316075960936 5.0
16.527790181677762 5.0
16.547472813844532 5.0
16.56204781880069 5.0
16.57454191030035 5.0
16.59939015317135 5.0
16.627617042908593 5.0
16.665677247354502 5.0
16.680177894654665 5.0
16.68309529557824 5.0
16.710589472339343 4.0
16.74027612902383 4.0
16.800702097115717 5.0
16.8106705724489 5.0
16.872003536802634 5.0
16.87855621545724 5.0
16.93802817346492 5.0
16.943975443887297 5.0
16.97596321083835 5.0
16.983755975234647 5.0
17.108903775484684 5.0
17.109314599237518 5.0
17.13309797091758 5.0
17.151304443290112 6.0
17.1618790830588 6.0
17.194181399979897 6.0
17.289985254100056 7.0
17.32506198484422 7.0
17.40738169703242 7.0
17.45429488234419 7.0
17.492257190775447 7.0
17.49867479364793 7.0
17.51973014298348 7.0
17.564832472919182 8.0
17.582345691351378 8.0
17.99130327126175 9.0
18.00613293839515 9.0
18.036063465227336 9.0
18.20496573687532 9.0
18.221093691551047 9.0
18.232774787875307 8.0
18.301515372790828 8.0
18.317290682915893 8.0
18.36118725023823 9.0
18.396407327816807 9.0
18.463522143609854 8.0
18.502353194389837 9.0
18.50297851121372 10.0
18.516549190090245 9.0
18.57462273210874 9.0
18.58258983205021 9.0
18.685683656947848 9.0
18.69696290615361 9.0
18.76049015622753 9.0
18.79191911432341 9.0
18.80038276755191 9.0
18.804448907285195 9.0
18.83938195542637 10.0
18.84301169487613 11.0
18.8619591677191 11.0
18.908687567326567 11.0
18.909771472808693 10.0
18.940944073026866 9.0
18.941888125355845 9.0
18.943645712956258 9.0
18.950345395933986 9.0
18.951242968265664 8.0
18.96315557842145 8.0
19.06417705054824 8.0
19.099848894188714 8.0
19.16331149109775 7.0
19.172382028831066 7.0
19.180216344073372 6.0
19.277718933447616 6.0
19.2922729809863 7.0
19.296485003086286 7.0
19.298023593761656 7.0
19.313203442180527 8.0
19.318826223616377 8.0
19.319166407620514 8.0
19.346804046262516 8.0
19.382624288745735 8.0
19.39940863256762 9.0
19.405871534449076 10.0
19.469587778466213 9.0
19.486775825190115 10.0
19.52516772092352 10.0
19.552913660919053 11.0
19.561929782991477 12.0
19.56481566279487 13.0
19.621025014962346 13.0
19.656361976838934 13.0
19.674632202234196 13.0
19.750866682334436 13.0
19.760732535290472 12.0
19.781707673624286 13.0
19.794246475523764 14.0
19.873332128805025 14.0
19.935005152909145 14.0
19.94323385189804 14.0
19.971291751222832 14.0
19.990034797999996 14.0
20.007210495178658 14.0
20.01372913751918 13.0
20.028412923197873 12.0
20.044341164372923 12.0
20.0544326330673 13.0
20.094979179607808 14.0
20.108311229212006 14.0
20.215815439903263 15.0
20.2736061576918 16.0
20.287712483526803 15.0
20.321765575036725 16.0
20.330074714964436 17.0
20.347596538763288 17.0
20.403505868189203 17.0
20.419031376212324 16.0
20.546298579881164 17.0
20.56875307144392 17.0
20.621487977697225 16.0
20.62762140135217 16.0
20.656229953308248 17.0
20.701191824464537 16.0
20.704264681739836 16.0
20.72235356975157 15.0
20.843863373111304 15.0
20.864375712107726 15.0
20.925943486700955 15.0
20.94236879962309 15.0
20.983053619008203 16.0
21.012477571764673 16.0
21.017733178317282 15.0
21.043561083664198 15.0
21.04563430237303 14.0
21.04654375447197 14.0
21.050652307353776 14.0
21.074414612343038 15.0
21.077976218226397 15.0
21.09501946526686 14.0
21.135482807017933 15.0
21.163691873761135 15.0
21.16792225181046 16.0
21.23364384076964 17.0
21.26861506836777 18.0
21.30677888378791 18.0
21.322505335969293 18.0
21.32886803272152 18.0
21.333909032346845 18.0
21.346418999489206 19.0
21.429289654228445 19.0
21.43398475803916 18.0
21.449527850246117 18.0
21.510777697080172 18.0
21.51578182841016 18.0
21.53156885035731 18.0
21.532730234430208 19.0
21.605881632085858 20.0
21.656716254726934 19.0
21.76183818775715 19.0
21.766197937462618 18.0
21.773239499556034 17.0
21.77760448748828 16.0
21.881853264473154 16.0
21.95764580697834 17.0
22.01539027713015 18.0
22.027395684227066 19.0
22.079956784098204 19.0
22.081577669906 19.0
22.112157120398088 19.0
22.11864118083267 19.0
22.122363595075107 20.0
22.19645798264617 20.0
22.21190661022584 20.0
22.245220229142955 19.0
22.30197816892082 19.0
22.310364039768714 19.0
22.324627533378223 19.0
22.334154543051724 19.0
22.413587482125386 18.0
22.414796996640927 17.0
22.440296479467808 18.0
22.470968679633245 19.0
22.514438661077282 20.0
22.592736637085824 21.0
22.595755338017966 21.0
22.626871952733318 21.0
22.66367022402986 22.0
22.675745516557654 21.0
22.687615908416763 20.0
22.722461888174344 21.0
22.730385587700916 20.0
22.730466473139494 19.0
22.732624802219302 18.0
22.780583949231257 19.0
22.793659606477238 19.0
22.861728049098094 19.0
22.892948804216218 19.0
22.917916880826642 20.0
23.00453663105964 19.0
23.013410910004662 19.0
23.02782926983316 19.0
23.089823733209002 19.0
23.116387272544873 18.0
23.153909186021686 18.0
23.175130718617112 18.0
23.21645291346841 17.0
23.221492847774503 16.0
23.227541566835395 15.0
23.253042650153372 15.0
23.278830098443294 15.0
23.31754962214788 16.0
23.317982190058192 15.0
23.399671615775123 14.0
23.44161898472877 13.0
23.521924498472423 14.0
23.53439071058291 14.0
23.555704784754926 13.0
23.575353982144588 13.0
23.603095022972997 14.0
23.618485959548156 14.0
23.62018464501328 14.0
23.620344436745633 15.0
23.69803686267761 16.0
23.698525991593904 16.0
23.714886449541833 15.0
23.720931088959457 15.0
23.72805463629814 15.0
23.73624808406546 15.0
23.816191861691447 16.0
23.945957811914354 16.0
23.98941742102782 17.0
24.001059703588403 16.0
24.113047945232946 16.0
24.15526431069421 16.0
24.162220021805677 16.0
24.170348738402314 17.0
24.186914153338485 17.0
24.198493617632145 16.0
24.307577264769858 16.0
24.331671613698422 16.0
24.4530433281148 15.0
24.48143867518335 15.0
24.487367729628513 16.0
24.506902144901957 16.0
24.50959159264834 17.0
24.527265772354188 17.0
24.5685921473764 16.0
24.733256471250215 16.0
24.78019622694353 16.0
24.787691098196152 17.0
24.84637731172454 17.0
24.88357743237106 17.0
24.89254796737646 17.0
24.92466141167764 18.0
24.96456668397101 18.0
25.007742046485724 17.0
25.014535405472863 16.0
25.02416185254486 16.0
25.02532543277962 16.0
25.02649272502882 15.0
25.040862164495486 16.0
25.23821606621437 16.0
25.23884061901715 15.0
25.258780450478174 15.0
25.31117473837924 16.0
25.42194798777684 17.0
25.460868940799493 17.0
25.50224359549189 18.0
25.50602453414024 18.0
25.510012871212428 19.0
25.545534397745524 18.0
25.560022139970716 19.0
25.71229473082956 20.0
25.73797417300804 21.0
25.749150665061812 20.0
25.783102599243904 20.0
25.78328185736825 21.0
25.801835022413126 20.0
25.947192485077945 19.0
25.947632490926658 19.0
25.987587046015285 19.0
26.01206573235747 19.0
26.041260405875562 18.0
26.07390755256628 17.0
26.078786778543595 17.0
26.099799646590686 17.0
26.157098047237316 17.0
26.212555201062766 17.0
26.29723360612199 18.0
26.30750438349526 17.0
26.380786490418753 16.0
26.404239705496718 16.0
26.444144345618103 16.0
26.445225369087797 16.0
26.58057769525818 15.0
26.61275644229104 15.0
26.68330785235306 14.0
26.70602416236873 14.0
26.718437769579598 14.0
26.73360208175345 14.0
26.77953794336944 14.0
26.850254053839297 14.0
26.87192325440721 15.0
26.8738665895213 14.0
26.875615703659435 14.0
26.90406675907667 13.0
26.959220585223264 13.0
26.961619578505033 14.0
27.004795769567146 15.0
27.012976174483107 15.0
27.025799683983273 14.0
27.033962144106667 14.0
27.068186715877857 14.0
27.077111632168915 14.0
27.185166025423126 14.0
27.24661116941723 15.0
27.247313303137563 15.0
27.2533901756209 16.0
27.307669272051363 16.0
27.322522972219243 16.0
27.322776883926892 16.0
27.32340560890356 15.0
27.41460816572194 15.0
27.509148031704978 15.0
27.53738727956121 15.0
27.61177913314338 15.0
27.64865958958397 16.0
27.678859252412387 16.0
27.72888226523908 15.0
27.8336450530871 14.0
27.886306451011965 14.0
27.93117157686322 14.0
27.933931764382102 14.0
27.949054831411956 14.0
27.961867523322457 14.0
27.982711413245696 14.0
28.006412123112636 14.0
28.113120020348983 13.0
28.114244378527584 13.0
28.146530675979637 13.0
28.20570889064949 13.0
28.213315936797386 13.0
28.230311035633267 14.0
28.24509169150904 13.0
28.25125682485372 14.0
28.294523663359346 14.0
28.37106372849983 14.0
28.382038582532854 13.0
28.432128805492773 14.0
28.43310245515209 13.0
28.43361035695713 12.0
28.512632717800443 12.0
28.54574556630501 12.0
28.54927526852244 12.0
28.56101686445484 11.0
28.565921159144022 10.0
28.567983742500402 10.0
28.62483126175465 10.0
28.658920745004107 10.0
28.664588639733722 9.0
28.665718747443826 10.0
28.669504246818768 10.0
28.728505471509546 9.0
28.773454336468756 9.0
28.794005646274172 9.0
28.83017495541442 9.0
28.843157263917615 8.0
28.909557979961725 9.0
28.913340701675363 9.0
28.927215345324186 10.0
28.956523658902054 9.0
28.978588139841218 9.0
28.99424397220092 8.0
29.057479159422844 7.0
29.137435189887317 8.0
29.151169681481278 7.0
29.219202272136904 8.0
29.28427859518955 8.0
29.316825530689314 9.0
29.336304099023646 9.0
29.356072497869157 10.0
29.364991752933946 10.0
29.391384861084862 10.0
29.428562860809492 10.0
29.43342117706663 10.0
29.513738390740308 10.0
29.54328385395578 10.0
29.560598984463557 10.0
29.587291534385468 11.0
29.63216614894703 11.0
29.68287617555933 12.0
29.698584087637826 13.0
29.701291004278268 13.0
29.761813350373153 13.0
29.823469052284633 13.0
29.896166486180377 13.0
29.90113309542018 14.0
29.91084694115161 13.0
29.93337782985112 12.0
29.946870872654053 12.0
30.027517374075167 11.0
30.06737220795019 11.0
30.110832266711085 12.0
30.136383140068176 12.0
30.149779110718377 11.0
30.20228624727308 10.0
30.203890129620582 11.0
30.215635776442394 11.0
30.26563858560984 11.0
30.276485502224016 11.0
30.29092844428719 10.0
30.30796563064085 10.0
30.308642860122607 11.0
30.387847410250647 12.0
30.412687532312514 11.0
30.445301595586898 10.0
30.446130459460193 10.0
30.518758768420454 10.0
30.550736531144015 10.0
30.594287469462305 10.0
30.596439449822398 11.0
30.61353295666497 11.0
30.68104246666812 11.0
30.709453084118664 11.0
30.745239732505983 11.0
30.758265697457436 11.0
30.792120051496386 11.0
30.814623389697193 10.0
30.825178426401315 10.0
30.8370579780019 10.0
30.85520057009762 10.0
30.92168913236426 10.0
30.961712194041823 10.0
31.003242738562705 10.0
31.021834935745975 9.0
31.042680631918138 10.0
31.058030141291315 10.0
31.061354405296907 11.0
31.07455764028515 11.0
31.13736999209558 12.0
31.14586796106681 12.0
31.17395177151517 11.0
31.175424229643337 11.0
31.178568389961505 11.0
31.183123236102574 11.0
31.19966482143868 10.0
31.20106175100591 10.0
31.243527219255288 9.0
31.26044788598868 9.0
31.298712780613013 9.0
31.44574138761862 9.0
31.531901653615257 9.0
31.541911311839407 8.0
31.56306460190391 7.0
31.5690457773823 7.0
31.596853526080647 7.0
31.621465868268054 8.0
31.630212506613223 7.0
31.716438903922857 7.0
31.75162469853003 8.0
31.762072474939202 8.0
31.7949553300467 8.0
31.861745057834145 8.0
31.879680211735963 9.0
31.921508244024267 9.0
31.970698684839665 9.0
32.01288451818561 10.0
32.069553409570815 11.0
32.08657474499865 10.0
32.10328624102466 10.0
32.215785064918336 10.0
32.21758380267319 10.0
32.23652287516866 9.0
32.246047866321916 8.0
32.40196212185707 7.0
32.42260235636667 6.0
32.4466188526473 5.0
32.45923028804198 5.0
32.516746530209026 6.0
32.64285585304005 6.0
32.669380171168925 6.0
32.67754775336692 6.0
32.76183564535235 7.0
32.83205576248995 7.0
32.88482676801283 8.0
32.925330197692865 8.0
32.932163959403745 8.0
32.99161660106049 8.0
32.99816440251522 8.0
33.07129256029876 8.0
33.07712263621448 9.0
33.10375253658093 9.0
33.139548650723405 9.0
33.225728701847096 9.0
33.24874535040166 9.0
33.25369583510146 9.0
33.267719138922615 10.0
33.2749523281431 10.0
33.29720573487916 11.0
33.30776490370193 10.0
33.321521207931745 11.0
33.40087332764794 11.0
33.476180554967506 10.0
33.55512609038083 10.0
33.55954394099762 9.0
33.56688453542057 9.0
33.58861279106221 10.0
33.612179254090684 10.0
33.66787332959028 11.0
33.7315270478885 11.0
33.763951898108424 11.0
33.82407627435097 10.0
33.88646418430617 10.0
33.886848372620676 10.0
33.923572109478236 10.0
33.95605390786423 9.0
33.96175869404898 9.0
33.96795774086843 9.0
33.97980956133808 8.0
34.02177592850693 8.0
34.05363355181927 7.0
34.06946151939319 8.0
34.072605857246316 9.0
34.104300189801165 9.0
34.137667197364685 10.0
34.139107645960046 10.0
34.16113479006122 10.0
34.195801707982625 10.0
34.24758125901621 10.0
34.26689617817999 10.0
34.26861053327538 11.0
34.31517333971314 11.0
34.355093752600716 11.0
34.40613383439228 11.0
34.40781997463761 12.0
34.40933616024244 11.0
34.41990406810161 11.0
34.44713519888066 11.0
34.457542929460665 11.0
34.47937910004903 12.0
34.48474835154677 12.0
34.52595411190272 12.0
34.528488113244144 12.0
34.62143495686648 13.0
34.628610397789394 12.0
34.63721693318876 12.0
34.647948131892555 12.0
34.66726030469965 12.0
34.681596253547276 11.0
34.6980806517841 11.0
34.71187242216648 12.0
34.73043065996834 12.0
34.763037940833534 12.0
34.80482462725205 12.0
34.82543280674634 12.0
34.85326677819355 12.0
34.89577706111378 12.0
34.89588811880944 12.0
34.90020597146317 11.0
34.964571650352056 11.0
34.9982050779273 12.0
35.000389640983826 12.0
35.15103409192366 12.0
35.17670823089103 12.0
35.18504778001542 11.0
35.18869205452514 10.0
35.20632923812319 10.0
35.22273860676018 11.0
35.25773951228119 11.0
35.37677646199481 10.0
35.41596489395546 11.0
35.42214825873876 11.0
35.54292084446205 10.0
35.564956920144084 10.0
35.58849574777483 10.0
35.63036871496096 11.0
35.69497361919987 11.0
35.7432010822349 11.0
35.75912891959166 11.0
35.76482695602477 11.0
35.77969012767779 11.0
35.794933559083596 10.0
35.81009253722859 9.0
35.82674413751936 9.0
35.889225253757495 9.0
35.8894453826316 9.0
35.91678250774871 9.0
35.95789056415646 10.0
35.984512455664074 10.0
35.99257464506063 10.0
36.036267123479796 10.0
36.06326868892126 10.0
36.09639628661426 10.0
36.10348946121297 10.0
36.13371015675253 10.0
36.15790073103505 10.0
36.20021470481386 10.0
36.209283409184195 11.0
36.220167454541226 11.0
36.2889180382053 11.0
36.31630204002322 10.0
36.392459247992754 10.0
36.45291588507613 11.0
36.54917856604854 11.0
36.571304889948046 11.0
36.60806677390447 12.0
36.6122530972798 12.0
36.61780645869721 12.0
36.69397629384576 13.0
36.71677404243226 14.0
36.74911625101549 15.0
36.759818525363485 16.0
36.88834056154759 16.0
36.971049346311034 15.0
36.979889899695415 15.0
36.98962245412949 15.0
36.99694345594894 15.0
37.0441430353166 15.0
37.171576802557134 16.0
37.25674627824743 17.0
37.2685719429247 17.0
37.29321655399701 17.0
37.35230420600919 18.0
37.35700759049496 17.0
37.36201078483328 17.0
37.375179620901285 16.0
37.398409751799605 17.0
37.40571310970807 17.0
37.419858550325884 17.0
37.460181103638746 17.0
37.46614971351352 16.0
37.52627556662949 17.0
37.54493789858932 17.0
37.56498057872062 16.0
37.584872159410835 15.0
37.645994252701755 15.0
37.657025129645035 16.0
37.71614851152769 17.0
37.722601818466636 17.0
37.7348335713093 16.0
37.735869148962905 16.0
37.75715635574988 16.0
37.77698105740725 16.0
37.89247305076745 16.0
37.91349658493135 17.0
37.9577103796853 16.0
37.97014368487928 17.0
37.9741372321108 18.0
38.00851393254276 17.0
38.04469373875119 16.0
38.06146079807218 16.0
38.0631588400485 17.0
38.09501733965016 17.0
38.12073215621154 18.0
38.13467870261664 19.0
38.141703576732354 18.0
38.14671142460067 17.0
38.19521735444353 16.0
38.22866611113906 16.0
38.23197602119707 15.0
38.277627989711675 14.0
38.30750535468809 13.0
38.32911905897236 12.0
38.33627113306583 12.0
38.36780587075117 11.0
38.43466003783515 12.0
38.46685881493773 13.0
38.53539853203948 13.0
38.54786610007118 12.0
38.62170199814582 13.0
38.6336938140177 14.0
38.63936112163679 15.0
38.64890923344975 15.0
38.88971151542026 14.0
38.941454022403924 14.0
38.96307401714509 14.0
38.96417214688972 13.0
38.99039153798835 13.0
38.99293311066563 14.0
39.03169196238443 14.0
39.07230161311883 14.0
39.076116331299694 14.0
39.15246313554546 14.0
39.21580590761271 14.0
39.34883229630763 14.0
39.38882006709712 13.0
39.45742138541019 13.0
39.46854116326172 13.0
39.49347555160286 13.0
39.526481619146324 13.0
39.55455353525328 13.0
39.59148001018433 13.0
39.60323581672367 13.0
39.6339868122358 13.0
39.7422927256591 14.0
39.76507832824899 15.0
39.82659909073571 16.0
39.84853226206845 17.0
39.85907928568322 18.0
39.86198197981699 19.0
39.86943249295973 19.0
39.87314296065944 18.0
39.883177898806935 19.0
39.98681414350842 19.0
40.00073521488304 20.0
40.06989707406521 21.0
40.101523718141266 20.0
40.10204990510929 20.0
40.148396659989764 19.0
40.15977773478041 19.0
40.22246027167778 19.0
40.23735143048612 19.0
40.24780020811554 19.0
40.25675428235069 20.0
40.34484093413776 20.0
40.350850136842766 21.0
40.38677696090734 22.0
40.40574306082674 23.0
40.43079983651435 24.0
40.443572789036914 25.0
40.5302746941401 25.0
40.53188198024172 26.0
40.546131746353566 27.0
40.572548560470985 27.0
40.73162694167668 27.0
40.73951205327422 26.0
40.77218695312572 27.0
40.77411618821474 26.0
40.77438314282091 27.0
40.86392892494383 26.0
40.97303538927854 26.0
41.02779864726255 27.0
41.03040429105841 26.0
41.0458063902798 27.0
41.08129390386838 26.0
41.09333582565557 25.0
41.13438384716004 24.0
41.149895053582846 24.0
41.18337508377393 23.0
41.19073113551769 22.0
41.27313770595787 21.0
41.28403096770026 22.0
41.29697468937497 22.0
41.31979943377599 22.0
41.32646362261324 23.0
41.450532260848625 22.0
41.50734718499772 21.0
41.51567460217804 22.0
41.51642100003141 23.0
41.52813053538162 23.0
41.54943597671553 24.0
41.58130320803443 24.0
41.59690017086966 24.0
41.61386877567992 23.0
41.85794695332786 24.0
41.89404041077766 23.0
41.894645391416375 24.0
41.95533080476406 23.0
41.95673219721263 23.0
41.96758408790009 24.0
42.034254077503164 24.0
42.046403996732856 24.0
42.06779781503168 23.0
42.097999087671944 23.0
42.105386384530036 24.0
42.11191119737793 24.0
42.12910577817182 23.0
42.13939572394917 23.0
42.20897687387541 22.0
42.23799592130668 23.0
42.33558811352065 24.0
42.423922484218615 24.0
42.54433810575072 24.0
42.557833395935425 25.0
42.573177562062156 25.0
42.594229717374105 25.0
42.67382837813732 25.0
42.69006948297477 24.0
42.70908576273525 25.0
42.74653548327628 26.0
42.78027612152517 26.0
42.78677831511443 25.0
42.8283067529928 25.0
42.830357014976435 24.0
42.91124310097026 24.0
42.920270632033656 23.0
42.94088558765856 24.0
42.965599227714584 23.0
42.98641900706135 23.0
43.09329032142712 23.0
43.117641490226156 22.0
43.148524813437426 23.0
43.16959560465562 22.0
43.18267142582961 21.0
43.20153665257725 22.0
43.23941428907945 22.0
43.269506046257014 23.0
43.27129244911973 22.0
43.310297234078845 21.0
43.348373251766205 21.0
43.36226034997503 21.0
43.384571234917715 20.0
43.43812614470685 19.0
43.48375993556407 20.0
43.48471416618412 19.0
43.56779993658932 19.0
43.59651697709129 20.0
43.66389224839036 19.0
43.66854648826959 18.0
43.699735329090224 18.0
43.77032061185069 18.0
43.811629818192216 19.0
43.82802732619948 19.0
43.8467036173784 18.0
43.87854790428899 18.0
43.8975953565605 18.0
43.90914951782067 18.0
43.954066759146336 18.0
44.01284586402976 18.0
44.02125850811638 19.0
44.07889998446066 19.0
44.0956806251533 19.0
44.101565837681555 19.0
44.153783868293814 19.0
44.15560378418238 18.0
44.17730609616256 17.0
44.17969194035946 17.0
44.25792777187429 16.0
44.29659917012943 16.0
44.32144927150751 16.0
44.33525019354919 17.0
44.33920558415543 17.0
44.340281980154614 18.0
44.34489453942891 18.0
44.34554398771022 19.0
44.41788541872381 19.0
44.44629508539258 19.0
44.46310062694701 19.0
44.59120306488443 19.0
44.63320068256608 18.0
44.66214973423165 18.0
44.67065515130077 19.0
44.676972294501645 18.0
44.694484261975866 18.0
44.732622144759624 18.0
44.86243569142606 18.0
44.90427858768443 19.0
44.91436368098013 18.0
44.94744694197502 18.0
44.98225400513309 18.0
44.999654548450565 17.0
45.04498280383667 17.0
45.117465212704424 17.0
45.12815185080117 18.0
45.12927092727378 18.0
45.13166810873101 19.0
45.172309878500705 20.0
45.17827166739172 20.0
45.24600531406638 21.0
45.48560880296855 21.0
45.48697084002052 21.0
45.49633138173609 20.0
45.5344310554683 19.0
45.5436325897027 18.0
45.54824134111842 18.0
45.60589880622181 17.0
45.70378966789951 16.0
45.72738098966335 17.0
45.85659245601227 17.0
45.857537602401436 18.0
45.902237722530614 19.0
45.92462175909451 20.0
45.944358423750764 19.0
45.95740631024733 18.0
46.02025627717287 18.0
46.06111791812751 19.0
46.10114901760442 18.0
46.1342934748589 18.0
46.142191103257 18.0
46.150833137962834 19.0
46.26149318116963 20.0
46.28637654607017 20.0
46.29059124479275 19.0
46.3723052529132 18.0
46.381478067945004 17.0
46.39661060377007 17.0
46.423091315291074 16.0
46.43581235433671 16.0
46.48213013247166 16.0
46.56246237173409 16.0
46.56357538459433 17.0
46.606052025754295 17.0
46.764033040916935 18.0
46.77589547905455 17.0
46.928497751932454 16.0
46.97970251072258 16.0
47.008444324906066 16.0
47.01337511922733 16.0
47.074234979250406 15.0
47.12326033987215 16.0
47.1436362106089 17.0
47.157439054629045 17.0
47.1916574561406 18.0
47.20773974086227 18.0
47.21643787891448 18.0
47.24832736841452 18.0
47.27909293216997 18.0
47.31051695053821 17.0
47.31880223189048 18.0
47.43132196105996 18.0
47.48072562599217 19.0
47.48881742344859 19.0
47.49166597870398 18.0
47.55666019350596 18.0
47.56872774097203 17.0
47.616672363426815 18.0
47.71346137941378 17.0
47.71616887122991 17.0
47.718623016267436 16.0
47.72041028358994 16.0
47.761090098850836 17.0
47.78050202228015 17.0
47.80088466731535 16.0
47.86510041973529 16.0
47.873818308403095 16.0
47.88323722985617 16.0
47.90183036247751 15.0
47.95342743061377 16.0
48.005190599226175 16.0
48.01673428882257 15.0
48.05262264597257 14.0
48.053191225221056 14.0
48.06889163701339 14.0
48.25707150156388 14.0
48.33966834256163 14.0
48.35795622113474 14.0
48.37167712647158 13.0
48.40259567475956 14.0
48.50977535469493 15.0
48.52464761178302 14.0
48.53663933721774 14.0
48.592519573012524 14.0
48.59294853508299 14.0
48.61552860332433 13.0
48.616737181424575 14.0
48.62755941392236 13.0
48.63642191669348 14.0
48.6624933691599 14.0
48.67092009995149 14.0
48.726582246178424 15.0
48.793664885950086 16.0
48.856536085776206 16.0
48.9053236235183 17.0
48.97376956841762 17.0
48.9745325291944 16.0
49.00689241096112 16.0
49.03019976706444 15.0
49.0435283205412 14.0
49.059447856693886 15.0
49.10858041624812 15.0
49.124100227911256 16.0
49.127560562216665 16.0
49.17139864472391 17.0
49.17209014186266 17.0
49.17827199297264 17.0
49.18932350406669 18.0
49.26097786132282 18.0
49.29593500308588 18.0
49.33811213559338 18.0
49.400747988258544 18.0
49.402148334733916 18.0
49.43627426069186 18.0
49.499422014920086 18.0
49.5037511817415 19.0
49.5218200436685 19.0
49.58420726597361 20.0
49.6546184011839 21.0
49.69340235017838 22.0
49.778763007506434 22.0
49.88982792341175 23.0
49.89295380867345 23.0
49.96640724538372 24.0
49.98625052444518 23.0
49.995320049786386 24.0
50.02300375775677 24.0
50.10578702826565 25.0
50.14219311364273 25.0
50.18044545635619 25.0
50.19178664574249 25.0
50.22454272522278 26.0
50.24078225451472 26.0
50.30985437500521 25.0
50.35559418321012 26.0
50.367629889052495 27.0
50.38376684594714 28.0
50.53778611245467 28.0
50.619367921855414 29.0
50.734209138825676 28.0
50.75934976486735 28.0
50.76767358401988 28.0
50.793013514188566 28.0
50.91543321439788 29.0
50.91758201325015 28.0
50.9516416863993 28.0
50.96455482063659 28.0
50.97949986004208 27.0
51.01945496664179 26.0
51.071303162792674 27.0
51.07982456609694 28.0
51.09402659519935 28.0
51.13254807447016 28.0
51.147520454022725 29.0
51.14817981008188 28.0
51.21995204518076 27.0
51.235598956654336 26.0
51.23661680921357 25.0
51.27562625954429 25.0
51.37349990249251 24.0
51.400841347635804 23.0
51.410369598661305 24.0
51.429640518515825 23.0
51.43230135871073 23.0
51.46191177768768 24.0
51.55829142565265 25.0
51.59824800025532 25.0
51.62458757254941 25.0
51.65088438444359 26.0
51.710708676008004 25.0
51.77948273689332 26.0
51.816346728564824 27.0
51.819439448207675 26.0
51.85430155899735 26.0
51.90132259972555 25.0
51.992568229191455 25.0
51.99388602264576 24.0
51.99982814391452 24.0
52.01358633418489 23.0
52.03043915364541 23.0
52.06003332531191 23.0
52.091652071942725 24.0
52.09168232177597 23.0
52.09527326376603 23.0
52.13817237481062 24.0
52.17822195815522 23.0
52.21304409321051 23.0
52.25043633366524 24.0
52.32999571286054 25.0
52.35300915606441 25.0
52.37503459081356 25.0
52.38435737514379 25.0
52.39123142583454 25.0
52.4117098945116 26.0
52.47088101673632 26.0
52.58356443006058 25.0
52.61040145783453 26.0
52.677602496884816 26.0
52.68408425683647 27.0
52.722691876354126 27.0
52.74604103034026 26.0
52.75295129172852 26.0
52.767207488394966 27.0
52.828894650004045 28.0
52.82968928199826 27.0
52.89068882985554 28.0
52.99670855753284 27.0
52.99929538580721 27.0
53.025371462631405 27.0
53.027670936545675 26.0
53.04833396004209 25.0
53.145554925190694 25.0
53.1769258521549 24.0
53.21628086795981 23.0
53.221820269269045 22.0
53.25730775956478 21.0
53.41764347657831 22.0
53.49956664371181 22.0
53.5085284180321 23.0
53.546316940400864 24.0
53.58594015677148 23.0
53.596282391988325 23.0
53.62972130225999 23.0
53.631717062936836 22.0
53.69143257554518 21.0
53.69990279057179 22.0
53.841687130456634 23.0
53.88355297243066 22.0
53.93732962261472 22.0
53.959500196855394 23.0
54.057184227475666 24.0
54.12095508903995 24.0
54.14207040541781 24.0
54.20022943315197 25.0
54.20695273012421 24.0
54.20955269687192 25.0
54.224564890516604 26.0
54.24080535167087 27.0
54.32291621273877 28.0
54.34242163628922 27.0
54.34501717210844 27.0
54.34843982316643 26.0
54.38715505000433 25.0
54.41584808360077 24.0
54.44064500703562 23.0
54.46478240680768 23.0
54.46805761497133 23.0
54.48584638413876 24.0
54.53737153149297 23.0
54.53782210689059 22.0
54.57421563012974 21.0
54.66729888774833 22.0
54.67845383509717 22.0
54.744102698712084 21.0
54.80219818091374 22.0
54.88212664482632 23.0
54.887141845650845 24.0
54.929138500982745 24.0
55.00706481256988 24.0
55.013756785773076 25.0
55.04272522631833 26.0
55.14708200911025 27.0
55.1515449853884 28.0
55.19612056039306 27.0
55.20913716510174 28.0
55.234939297174854 28.0
55.26312985012402 27.0
55.27431592603065 28.0
55.29131857432917 27.0
55.327267606635864 26.0
55.33211314373331 27.0
55.37058734160309 26.0
55.377937298002124 27.0
55.385086368380385 26.0
55.391769500736984 27.0
55.44608320029585 27.0
55.44991398907479 27.0
55.52941776236547 27.0
55.56137790173234 27.0
55.657913318261464 26.0
55.66297779031528 26.0
55.672129905165775 27.0
55.72077298657806 28.0
55.73815999556286 29.0
55.87069404919127 29.0
55.899871367923744 30.0
55.92079216905195 30.0
55.94994517739825 29.0
56.06746404202381 30.0
56.07447899228975 30.0
56.09379876189847 29.0
56.19366985870165 28.0
56.209854233151 27.0
56.274611688583306 27.0
56.37179911683659 28.0
56.39638687072546 28.0
56.4025603372514 29.0
56.420163923002164 28.0
56.44013815478811 28.0
56.47332888805137 28.0
56.495306844404986 29.0
56.57187176169006 28.0
56.620003284963616 27.0
56.64121083205977 27.0
56.68618706603025 26.0
56.71956792164945 25.0
56.71982630518941 25.0
56.73572085520959 26.0
56.80348718374083 26.0
56.80845377286884 27.0
56.81693776596343 27.0
56.95115737213204 28.0
57.03368980607901 28.0
57.0358904281101 27.0
57.039278294085804 28.0
57.10126919227375 29.0
57.117435233948314 28.0
57.15411882052221 29.0
57.15796737266889 29.0
57.16783217957287 29.0
57.24215219494146 29.0
57.26270001432738 28.0
57.26438314946562 27.0
57.27357377833499 28.0
57.317849232870735 27.0
57.32471515851363 27.0
57.33923124945702 26.0
57.347711738459274 26.0
57.35063412186509 27.0
57.488096384142096 27.0
57.50929054161142 26.0
57.569333050340774 27.0
57.59895909489662 27.0
57.623275721729016 26.0
57.69779662507527 25.0
57.72258615903585 25.0
57.7534093503781 24.0
57.756180439327814 25.0
57.79915435995905 25.0
57.8167507604458 25.0
57.83738391442368 25.0
57.843353719312994 25.0
57.85106624602945 25.0
57.8891198960058 25.0
57.89047006489326 25.0
57.927823778741576 26.0
57.979689627405115 27.0
57.98848837795813 28.0
58.08261438977984 27.0
58.11569298707617 27.0
58.14397472158827 27.0
58.24906110959916 28.0
58.31653144861952 29.0
58.364776869800465 30.0
58.416698324793714 31.0
58.42711264637703 30.0
58.473022842536736 31.0
58.53482144346112 32.0
58.575616038866336 32.0
58.65003430844839 32.0
58.70206700508277 33.0
58.72904419211387 33.0
58.749928364205346 32.0
58.76926560829935 32.0
58.87629257944567 33.0
58.878477234724876 32.0
58.91412359717241 32.0
58.9693682020016 31.0
58.99742720517149 32.0
58.998922764700474 33.0
59.06889176598209 32.0
59.09156278413505 32.0
59.12606838734833 31.0
59.168781558719026 31.0
59.28306410518231 31.0
59.31322808225894 30.0
59.34393069057905 30.0
59.39139665366117 29.0
59.445493398851355 29.0
59.5193498835706 28.0
59.5951803032088 28.0
59.60492226388064 29.0
59.74835688747442 28.0
59.767725051392404 29.0
59.90111876753389 29.0
59.905055870052195 28.0
59.91700634645041 29.0
59.92717485982015 30.0
59.988979636450885 30.0
60.00482663077377 31.0
60.0176045184684 30.0
60.040352770683484 30.0
60.17992967497529 29.0
60.24028483281031 28.0
60.241347754046735 29.0
60.284261089733604 28.0
60.35451267985387 27.0
60.39346635619023 27.0
60.41012397942691 27.0
60.4378525251963 26.0
60.47567666533634 25.0
60.51688153056579 24.0
60.584275183158724 24.0
60.63223137905385 23.0
60.6644014595127 23.0
60.67637818654616 24.0
60.72773762796786 24.0
60.8213256814721 23.0
60.90304649971564 24.0
60.97639564634344 24.0
61.04958244471668 23.0
61.06937327505767 22.0
61.10459862568775 23.0
61.16936026595451 22.0
61.17060575834541 22.0
61.18277932916448 23.0
61.1865049101737 22.0
61.20966075552711 21.0
61.213516713990735 21.0
61.257268245010366 22.0
61.27303599929761 21.0
61.29633357448771 20.0
61.31099242196073 20.0
61.32357772954682 19.0
61.36006115232412 19.0
61.407623074424876 19.0
61.43778446374498 18.0
61.4379350398024 18.0
61.44146425703355 18.0
61.49981870368215 18.0
61.553135813780784 19.0
61.59316172942124 20.0
61.598777981599234 19.0
61.60269487126427 19.0
61.639609183282396 19.0
61.653062487068944 20.0
61.654766532151534 20.0
61.708281952228816 19.0
61.728667554806705 20.0
61.823822560083364 21.0
61.89177260388788 20.0
61.93751327381864 20.0
61.94612442766845 21.0
61.95438992015315 22.0
61.98551462879309 23.0
61.99902532863902 23.0
62.008422663449224 24.0
62.028259566736466 24.0
62.04906591342677 23.0
62.10028749898179 22.0
62.2250934248189 23.0
62.25128661455229 24.0
62.26655685078505 23.0
62.26887528508394 23.0
62.28047376558977 23.0
62.28485424699574 23.0
62.287009533954134 23.0
62.2957645010362 22.0
62.31646817895443 22.0
62.410088807014695 22.0
62.467873170834785 23.0
62.53464339095557 24.0
62.543356569294154 24.0
62.59503223595667 23.0
62.7024271713827 23.0
62.73701829818644 24.0
62.74587389941189 24.0
62.75342815480555 25.0
62.778407452049805 26.0
62.78367223947728 25.0
63.01721495759949 25.0
63.05664178339616 26.0
63.05765555773772 25.0
63.057851976700576 26.0
63.175695663488575 25.0
63.18707985390398 24.0
63.23235070204814 25.0
63.25019836676057 26.0
63.29395814393572 25.0
63.37086595172797 26.0
63.380935507581455 27.0
63.383419600797055 27.0
63.41274744258823 27.0
63.41571038989059 26.0
63.55898700196058 26.0
63.571762491266206 26.0
63.60317386775229 26.0
63.60986003646331 27.0
63.6740160337588 27.0
63.69063424822928 28.0
63.784750886122495 28.0
63.796871950930985 27.0
63.90857715090873 26.0
63.99744622204607 26.0
64.02098222379063 27.0
64.0271066569962 26.0
64.04177287557621 26.0
64.08576939614703 27.0
64.09938123319711 27.0
64.12255234022342 27.0
64.26311279436207 27.0
64.31737717024983 26.0
64.33123659639598 26.0
64.34405661488071 27.0
64.38031500394528 26.0
64.4378715761074 26.0
64.52800800431316 26.0
64.55631373969554 26.0
64.56505214400548 26.0
64.60818267518101 25.0
64.66342077192567 24.0
64.6690646166207 23.0
64.69235321050031 22.0
64.76508193367333 22.0
64.76629268499101 22.0
64.7920006338409 21.0
64.81081794478744 22.0
64.87099874049416 22.0
64.88683790845306 21.0
64.90672442998273 22.0
64.92153857853862 23.0
64.96134441615123 23.0
65.01903161838302 22.0
65.03669822764131 22.0
65.04258980637762 22.0
65.05072787538566 22.0
65.07036384401268 22.0
65.0820617064399 21.0
65.1143371941561 20.0
65.12637694034913 21.0
65.12903518945701 22.0
65.1554352486898 23.0
65.23188282971911 22.0
65.26777699166404 22.0
65.31233549446272 22.0
65.33013860362354 22.0
65.44438123563847 22.0
65.47279591725113 23.0
65.48261811354054 23.0
65.48353680885718 22.0
65.49336409085308 23.0
65.66850684461535 22.0
65.72950259476795 23.0
65.7445539704776 23.0
65.76853843540518 24.0
65.77284535602966 24.0
65.93305032935518 24.0
65.98638515766984 24.0
66.00096406572759 23.0
66.10757167096438 22.0
66.11208454221375 23.0
66.16226301992455 24.0
66.19495487864971 25.0
66.20243680598269 25.0
66.20291869643953 25.0
66.21362747299919 26.0
66.22340890257364 25.0
66.2272704675797 26.0
66.27321083964179 26.0
66.31788290972284 26.0
66.37228146013835 26.0
66.46977837447722 26.0
66.5270818320002 26.0
66.53511982700495 25.0
66.55519326096963 25.0
66.57649385046801 24.0
66.6222070728191 23.0
66.71269742369434 23.0
66.72557250505432 23.0
66.74508335099775 22.0
66.7481129713929 22.0
66.9435545401271 22.0
66.9667816364548 22.0
66.98194063061182 22.0
67.0224796223389 21.0
67.03411592389318 21.0
67.06865148877496 20.0
67.08855353011455 20.0
67.14579291734428 21.0
67.20835569894368 20.0
67.24870385464769 19.0
67.3096067559618 18.0
67.32348167727899 17.0
67.32394539349906 16.0
67.36882406132138 17.0
67.40753101114316 17.0
67.42269041623292 17.0
67.4599000969092 17.0
67.54118354299489 17.0
67.55473111508968 17.0
67.57023034233154 17.0
67.58224838349206 17.0
67.59011579427379 18.0
67.65999783629223 19.0
67.6782909917723 18.0
67.7595616991585 17.0
67.7769238568811 17.0
67.82713270291455 18.0
67.86393986599685 18.0
67.8857544175987 18.0
67.90167190126114 19.0
67.91434511024252 19.0
67.9243054103126 19.0
67.92613993693479 20.0
67.98736543426051 20.0
67.99376316514604 20.0
68.0152183311706 20.0
68.0573162869219 21.0
68.14021574169553 22.0
68.14970584923013 21.0
68.1691879819716 20.0
68.23065514367505 20.0
68.24130046850304 20.0
68.26553257752381 21.0
68.26792181305602 21.0
68.28097615734293 20.0
68.32565847584065 21.0
68.36829841892639 21.0
68.36911553532397 20.0
68.38277958189401 19.0
68.40237178126124 18.0
68.40456263845066 18.0
68.42589301842523 19.0
68.4451915808359 19.0
68.45586876581689 20.0
68.46519058915044 21.0
68.47774814803098 20.0
68.53335449325 20.0
68.58927388162819 21.0
68.5973341694823 20.0
68.61032226492296 21.0
68.626297962442 22.0
68.62806789518945 23.0
68.6289092250504 22.0
68.69057869659738 21.0
68.70549767299364 22.0
68.70754692271592 22.0
68.73152624651212 23.0
68.73657528651206 23.0
68.75272125425934 23.0
68.79619690858414 23.0
68.89188400103475 24.0
68.89301106305972 24.0
68.90200666766869 23.0
68.92277094342757 23.0
68.92877251289518 22.0
68.97959431820006 21.0
68.98015284928533 21.0
68.98181833629904 22.0
69.05667587891946 22.0
69.07626182085643 22.0
69.07994271661556 23.0
69.0908109671333 24.0
69.09896080848867 24.0
69.15658846554653 23.0
69.15911114529104 24.0
69.27471368408928 23.0
69.28398388380634 22.0
69.35793893700288 22.0
69.44575660868612 21.0
69.46995451087936 20.0
69.50022043454608 20.0
69.53407024997816 21.0
69.6100789541694 21.0
69.6133598635411 22.0
69.63907093878856 22.0
69.70804959636449 21.0
69.75054786755017 21.0
69.77560150243464 21.0
69.77705595778276 22.0
69.78691406129519 22.0
69.79808048392472 23.0
69.81343692960753 22.0
69.81471017914231 22.0
69.8583417624442 23.0
69.97188122622757 24.0
70.02250555767013 23.0
70.0335833864823 24.0
70.08308079758285 24.0
70.08568706435449 25.0
70.10252169604435 26.0
70.23487939901598 26.0
70.27762824474797 25.0
70.28202576376613 26.0
70.33240347947707 26.0
70.35207933164241 25.0
70.38149976529259 24.0
70.38222551155786 25.0