0.0 0.0
0.003850554569988859 1.0
0.021181274636414033 2.0
0.05105276415701067 3.0
0.06463906644011383 4.0
0.09890906962110751 5.0
0.10443101658626364 6.0
0.12583956361733167 7.0
0.14376334906889787 8.0
0.14853082856732977 7.0
0.15934922883939304 8.0
0.17605916738648758 7.0
0.221265137027141 8.0
0.24682577336604747 7.0
0.25780610016400873 8.0
0.27702397073375096 9.0
0.30230054111262555 10.0
0.37137997310026927 11.0
0.39274888514934464 10.0
0.4023659643439838 11.0
0.4471304139094687 12.0
0.4548212322678693 13.0
0.45995824192443424 14.0
0.4951889930909792 15.0
0.5046049401608513 16.0
0.5552745077186243 17.0
0.5555027851886256 18.0
0.5600498632140253 17.0
0.5700287772812407 18.0
0.5736223249670677 19.0
0.5742916699969235 18.0
0.6139636498016341 19.0
0.6493791743902781 20.0
0.659350285328951 19.0
0.6670525704523667 20.0
0.7284564849431553 19.0
0.7368417227204805 20.0
0.7444342985828263 19.0
0.8021266792987811 20.0
0.8397337819371923 21.0
0.9919230411388198 20.0
1.0087130154960915 19.0
1.0714898214129667 18.0
1.0810365718555806 19.0
1.1200012464171099 18.0
1.134876470627877 19.0
1.1875084573995631 20.0
1.20016520939379 19.0
1.2007181811055694 20.0
1.2212142314055627 19.0
1.2389547272337769 20.0
1.2684947207499202 21.0
1.2788925655307408 20.0
1.365857168876112 19.0
1.4653903348984523 20.0
1.4660355761263575 19.0
1.4977752336704648 20.0
1.522618216455912 21.0
1.5265024039057693 20.0
1.5272581185252418 21.0
1.5532329211285092 22.0
1.5568127172534032 21.0
1.5732399904454883 22.0
1.58149966788645 21.0
1.5999238937826057 20.0
1.638845808761848 21.0
1.643731386376669 20.0
1.6781868627219658 19.0
1.7146095634125116 20.0
1.737319790367194 21.0
1.7431156151376763 22.0
1.7444258898590892 23.0
1.7536702839349514 22.0
1.8212740524173083 23.0
1.8310457957980995 24.0
1.8393884639198 25.0
1.872787856268122 26.0
1.8877495806386342 25.0
1.9121301690821522 24.0
1.931771517060078 25.0
1.9471899947120261 24.0
1.9812206065341773 23.0
1.9822062749704288 22.0
2.0257187229102884 23.0
2.0393431895746708 24.0
2.064426365448921 25.0
2.071261067515299 24.0
2.0730280492443898 23.0
2.0803165255961558 24.0
2.10052825588199 23.0
2.1561307546917066 24.0
2.156620540228841 25.0
2.1582883892933795 26.0
2.184965920237249 27.0
2.2311699919825965 26.0
2.264044245630693 25.0
2.265393108639598 24.0
2.2707342310939533 25.0
2.3071338639969627 26.0
2.3081104485070267 27.0
2.3512386717297797 26.0
2.367877877545362 27.0
2.4128704367517804 28.0
2.4737075130548782 27.0
2.5836313135996387 26.0
2.609397164506223 27.0
2.6432514192840855 26.0
2.6543946575354456 25.0
2.661488547129219 26.0
2.6820657789642675 25.0
2.707608859294729 26.0
2.7376162294660764 27.0
2.757402321479335 26.0
2.759232966230437 25.0
2.787234726135904 24.0
2.7924480163582426 23.0
2.81294831252984 24.0
2.819446749847073 25.0
2.8203535331536367 24.0
2.885815106295475 25.0
2.90738951264111 26.0
2.913669538481767 27.0
2.9607630335520505 26.0
2.965146400978807 27.0
3.0284968778545727 26.0
3.031220466270683 27.0
3.050063223365986 26.0
3.062734133513138 27.0
3.0649685411723353 28.0
3.0791667837245273 29.0
3.079253950722441 30.0
3.0811016659810897 31.0
3.0985477157379337 32.0
3.171095495839496 31.0
3.235921368816646 30.0
3.2541487061196515 31.0
3.2702021242629957 32.0
3.271810394993627 31.0
3.2888122942808886 30.0
3.3281624815623108 31.0
3.350012068126604 30.0
3.3672612750938753 31.0
3.393841525605836 32.0
3.4025237829148156 31.0
3.4554963528210902 32.0
3.4609178634169564 31.0
3.462524433399618 30.0
3.467451298635883 31.0
3.485432606115326 30.0
3.525937127235627 31.0
3.536392643479642 32.0
3.55443932565728 31.0
3.5767487955332893 32.0
3.5829279590247025 31.0
3.5936316901841203 32.0
3.5960894339819136 33.0
3.6112374793367015 34.0
3.623375524284251 35.0
3.633491322464352 36.0
3.6547438125073928 35.0
3.6795941171318054 34.0
3.693004746080819 33.0
3.701475974741909 34.0
3.718406265874228 33.0
3.7253442772186327 32.0
3.7256895817052866 33.0
3.729841163218109 32.0
3.7360252454323373 31.0
3.7559583319039573 30.0
3.7674561577137298 31.0
3.7739614201856475 30.0
3.8075134859042263 29.0
3.8684466471002694 28.0
3.8804067317114725 27.0
3.88671603169728 28.0
3.889608889836848 27.0
3.898963557880765 26.0
3.920751107277745 25.0
3.958536824752835 24.0
3.995669273342558 25.0
4.007801464512452 26.0
4.016582155269324 27.0
4.026754122630056 28.0
4.03416517118377 29.0
4.0476784107883725 28.0
4.090569650956897 29.0
4.115693076565566 28.0
4.1419816823184314 29.0
4.181802115309981 28.0
4.214115845880437 29.0
4.226439469293451 30.0
4.2322260931257984 29.0
4.2323845326523895 28.0
4.253067901910189 29.0
4.294147329433587 30.0
4.33859809407328 29.0
4.406521466318394 30.0
4.419984841692925 31.0
4.483524999298091 30.0
4.488854320085708 31.0
4.498452210601797 30.0
4.508774138405968 31.0
4.510852892820733 32.0
4.578786440654192 33.0
4.591692202899003 32.0
4.60571333775378 31.0
4.672280142592027 30.0
4.820385747317483 31.0
4.82528329793503 30.0
4.829464842706491 31.0
4.874916690146233 32.0
4.8822526955944126 33.0
4.945556583126813 34.0
4.949899498195886 33.0
4.965836880201253 34.0
5.006049210707746 33.0
5.036074653727943 32.0
5.063802181908612 31.0
5.064876646314044 30.0
5.090168183312925 31.0
5.0961479441604105 30.0
5.104355102120407 31.0
5.121305586075328 32.0
5.149443008848563 33.0
5.150225066394377 32.0
5.173945841483657 31.0
5.195455108404296 30.0
5.200812857938796 31.0
5.204668806069234 32.0
5.211613847902783 33.0
5.230110994907573 34.0
5.235281222160998 35.0
5.250150211629461 34.0
5.302700404965407 33.0
5.347746585511809 32.0
5.358364628837587 33.0
5.3725507777422505 34.0
5.396516000063267 33.0
5.41507272956418 34.0
5.431897241708557 35.0
5.442584589403455 34.0
5.486265810546648 35.0
5.5083916067667165 36.0
5.540179727916101 35.0
5.55918973704707 36.0
5.642313079035717 35.0
5.667823480742904 34.0
5.692397918965024 35.0
5.719905848547595 34.0
5.731057454827859 35.0
5.733290621962866 34.0
5.74493218234423 35.0
5.750655277543636 36.0
5.784975763118203 35.0
5.789075927997169 34.0
5.800134581894779 35.0
5.805351354622536 34.0
5.809809169928815 33.0
5.83436944920293 34.0
5.892371048814932 35.0
5.8985871229912314 34.0
5.9166121097597735 33.0
5.923797376462133 32.0
5.926434109465077 31.0
5.933971516324236 30.0
5.961412035088588 31.0
5.96294296104435 30.0
6.005121716670255 31.0
6.032560584818897 32.0
6.040079834894083 31.0
6.040844819540056 32.0
6.055267081516381 33.0
6.068277717442285 32.0
6.075818852562276 33.0
6.151821144604865 34.0
6.195851181910715 33.0
6.213839333060321 32.0
6.216858564569399 33.0
6.22634979507055 32.0
6.257514360814345 33.0
6.2664162057103585 34.0
6.269429510461994 35.0
6.298111192989398 34.0
6.309894904668369 33.0
6.338779282613279 32.0
6.339178593061214 31.0
6.371874085144691 32.0
6.3796037284563525 33.0
6.414532737362748 32.0
6.425956592980599 33.0
6.429066038886597 32.0
6.432926292307926 31.0
6.447856478764737 32.0
6.504722327673959 33.0
6.527412757126722 32.0
6.55690425160723 33.0
6.694970824877176 34.0
6.767751325036846 33.0
6.776759952876058 34.0
6.8140166871634475 35.0
6.824369182863783 34.0
6.866350814631115 35.0
6.866698840623237 36.0
6.901285346969679 37.0
6.95734745924043 36.0
6.978119593329129 35.0
7.006199094088763 36.0
7.023924675553425 35.0
7.030664662726292 36.0
7.048206375161364 35.0
7.089897705600566 34.0
7.0978874268859 33.0
7.119612201365186 34.0
7.137812845333591 33.0
7.146188940772473 34.0
7.14903468261069 35.0
7.154368354293516 36.0
7.228386385278466 35.0
7.262156185407613 34.0
7.305144367811074 33.0
7.305368486413503 34.0
7.331658833400279 33.0
7.354081304099978 32.0
7.384016701928719 33.0
7.393075072577263 32.0
7.406592906519427 31.0
7.42051130295762 32.0
7.427319632673684 31.0
7.477481170572375 30.0
7.477690885475875 29.0
7.4840474276977185 30.0
7.529204097197316 29.0
7.53816963654556 28.0
7.551659559180018 29.0
7.578568279264749 28.0
7.656636543804801 27.0
7.668113502234616 28.0
7.7161382631399045 27.0
7.72778331728798 26.0
7.746649587995815 27.0
7.753864661659031 26.0
7.757170723389476 25.0
7.766628294540641 24.0
7.77538016939524 25.0
7.795119423006467 24.0
7.7965677551479144 25.0
7.797132538164543 26.0
7.816556135397704 27.0
7.890644138986435 26.0
7.946507804676381 25.0
7.988529446438356 26.0
8.00006232504292 27.0
8.01109712843589 26.0
8.017853349627083 25.0
8.1635964467623 24.0
8.180754645122304 23.0
8.196241797582212 22.0
8.2870100437846 21.0
8.287673493776698 20.0
8.290327985696152 19.0
8.297176822227986 18.0
8.39987455442766 19.0
8.436189179612358 18.0
8.451991996157732 17.0
8.457563272838087 18.0
8.479265494676428 19.0
8.535235275626091 20.0
8.602838774244589 19.0
8.62647932695845 18.0
8.69492369029029 17.0
8.727798238402228 16.0
8.731380000127725 15.0
8.747336358207889 16.0
8.791115832389316 15.0
8.792146164307772 14.0
8.798988978696578 13.0
8.813907263507051 14.0
8.876136518131986 13.0
8.944833973957337 14.0
8.985096937241416 15.0
8.986405904064176 14.0
9.001000210897137 15.0
9.0876842434482 14.0
9.153696347871152 15.0
9.168821917821276 16.0
9.239037435228763 17.0
9.384178026327909 18.0
9.393209480553788 17.0
9.487259887247165 18.0
9.490704853596927 19.0
9.507623574072381 20.0
9.52921079754998 21.0
9.577189890761193 20.0
9.593381309274479 21.0
9.596830652003534 20.0
9.621734071567882 19.0
9.65350862113264 18.0
9.689375278600375 19.0
9.713041287512448 18.0
9.72997465981606 17.0
9.757346880284036 18.0
9.831524685435214 19.0
9.851320368814083 18.0
9.90461120765841 17.0
9.907953556868083 18.0
9.942005923608656 17.0
9.96856692391026 16.0
10.0039398698695 15.0
10.063235557721853 16.0
10.076637543355087 15.0
10.141351062530301 16.0
10.184261565158053 17.0
10.224199382846043 16.0
10.277837416090733 15.0
10.320249483443614 16.0
10.359670208753025 17.0
10.36883389858099 18.0
10.40165380585519 19.0
10.531425329450398 18.0
10.546828591780617 19.0
10.579221995641552 20.0
10.617519039136567 19.0
10.635020481412706 18.0
10.638370276445425 19.0
10.683479660840202 18.0
10.770924894889022 17.0
10.787055983164425 16.0
10.802594078630845 15.0
10.820322508679618 16.0
10.82139226511736 15.0
10.864532951125113 16.0
10.961584920665159 15.0
10.962503132516222 16.0
10.963211402529216 15.0
11.08080420520013 14.0
11.14866710146908 15.0
11.16909698587134 16.0
11.170120676489427 15.0
11.21648518615737 14.0
11.397800099094598 13.0
11.40105401277998 14.0
11.463760647872826 15.0
11.465759161913319 16.0
11.606215915196117 15.0
11.615983881748788 14.0
11.61892835697448 13.0
11.636546888536978 12.0
11.638030043179576 13.0
11.678844808344103 14.0
11.689302634236244 13.0
11.706024914200633 14.0
11.716863679802671 15.0
11.776135488960136 16.0
11.792884494629865 17.0
11.841753448547223 16.0
11.892460116314536 17.0
11.958350680526573 16.0
12.05982080285786 15.0
12.061730764718549 16.0
12.128034393453158 17.0
12.15143103051938 16.0
12.161087940570628 15.0
12.193905664324022 14.0
12.202774596366108 13.0
12.218050592954466 12.0
12.225447529477055 11.0
12.377161161845015 12.0
12.527437035558865 13.0
12.534409187678378 12.0
12.537467501300693 13.0
12.642760562083549 14.0
12.648663936094163 15.0
12.652013522478745 14.0
12.656432097850162 13.0
12.809656380928894 12.0
12.817019501032012 13.0
12.840413254833908 12.0
12.860519895313182 11.0
13.001465701049568 10.0
13.113105084440358 9.0
13.375004653112013 10.0
13.768467671530054 11.0
13.806072904987174 12.0
13.81594826443691 11.0
13.919936814847905 12.0
13.95938944157901 11.0
13.975106648831673 10.0
14.104933872317213 11.0
14.174834260449112 10.0
14.19283198160039 11.0
14.293929188440577 10.0
14.320236009883516 11.0
14.338205883017299 12.0
14.404763962642015 11.0
14.490693445442872 10.0
14.632789860447257 9.0
14.672909670475308 10.0
14.715608339207948 9.0
14.915624528044424 10.0
14.932244643672316 9.0
14.949336579551375 8.0
14.967743738366305 7.0
14.999480644244008 6.0
15.327475538111191 5.0
15.414239318765857 4.0
15.471468712257145 3.0
15.544344629990867 2.0
15.676549616908025 1.0
15.731871600043435 0.0
15.788510425228717 1.0
15.870778805731428 2.0
15.907797445645064 1.0
16.110283052537245 2.0
16.197021629886127 3.0
16.222366275900725 4.0
16.47917208410026 5.0
16.490383929891617 4.0
16.604740428331773 3.0
16.626000275509274 2.0
16.762017692687063 3.0
17.016239556809662 4.0
17.192394916159643 3.0
17.21623791605871 4.0
17.3267251869365 3.0
17.64561278017717 4.0
17.761353104919575 3.0
17.87945460632028 4.0
17.91894542084608 3.0
18.04178023737992 2.0
18.047064207940288 3.0
18.06398964350903 4.0
18.099281078282242 3.0
18.196294129533253 4.0
18.567763339369595 3.0
18.878502567373594 4.0
18.912193138220626 3.0
19.008280235988593 2.0
19.291806704705767 3.0
19.320590361118906 2.0
19.41622172861197 3.0
19.423372589769127 4.0
19.550808534332912 3.0
19.574713325233102 4.0
19.60623198293392 5.0
19.616732617710063 4.0
19.79227300623592 3.0
19.90236366561009 2.0
19.957537636372283 3.0
19.99539667043783 4.0
20.020558967485055 5.0
20.028517179566872 4.0
20.42899773453947 3.0
20.983682114723752 4.0
20.99648256700166 5.0
21.346586986375627 6.0
21.732251648181798 5.0
21.753640358336856 6.0
21.83175125464554 5.0
22.276840861047894 4.0
22.56297065480048 3.0
22.565862485307132 2.0
22.788194287251365 3.0
23.039062160588383 4.0
23.08581734240746 5.0
23.13168349827368 6.0
23.225182654549855 5.0
23.338162969310993 6.0
23.346633330227487 7.0
23.48171639922051 8.0
23.67299443344768 7.0
23.722731673510463 8.0
23.7953995373249 9.0
23.817240410302148 8.0
23.90807452730755 7.0
23.981617774989616 8.0
24.04794547088605 7.0
24.249329133447183 6.0
24.36750933551218 7.0
24.399849450222355 6.0
24.406923751883713 7.0
24.42326555120873 8.0
24.43982316974645 7.0
24.45651502417209 6.0
24.610976020434897 7.0
24.917342386251335 8.0
24.93718634191128 7.0
24.97135550873532 8.0
25.000767653653334 7.0
25.115108417375946 6.0
25.299700155376247 7.0
25.424392737671226 6.0
25.44292615732614 7.0
25.468439267267783 8.0
25.557222703618393 7.0
25.61580866880107 6.0
25.722904806112002 7.0
25.761733125732327 8.0
25.875401717790048 9.0
26.026683375456496 8.0
26.114468618396153 9.0
26.207473135080022 8.0
26.244843840767416 7.0
26.28978190197535 6.0
26.414625878781912 5.0
26.48567555190134 4.0
26.569619670275838 3.0
26.635977852205603 2.0
26.637163901629613 1.0
26.642468547584542 2.0
26.66523344979539 3.0
26.933498221059132 4.0
26.969682587539154 3.0
27.01660205329533 4.0
27.169054404330577 5.0
27.215259301096314 4.0
27.26280021862523 5.0
27.276933165207634 4.0
27.29617460009951 5.0
27.900514025682824 4.0
28.00556896622405 3.0
28.07419813056713 4.0
28.224931477673064 3.0
28.490818599364303 4.0
28.509786719190675 3.0
28.56702126121832 4.0
28.811206953945742 5.0
29.04735704621265 6.0
29.119918598992005 5.0
29.401546790124303 4.0
29.419243405697422 5.0
29.703140738912104 6.0
30.100137539114268 5.0
30.12693211466171 4.0
30.709134784781046 5.0
30.810706342980843 6.0
30.868445491028673 5.0
31.174025450355412 4.0
31.24804263452463 5.0
31.414583136329593 4.0
31.48770736733251 3.0
31.50914885397178 4.0
31.747124231906106 3.0
31.92231186692632 4.0
31.966263133433134 3.0
31.969431084934524 4.0
31.98711945098638 3.0
32.13581517576698 2.0
32.13982965368784 3.0
32.200403489220705 4.0
32.327568740681635 5.0
32.36213744443018 6.0
32.425604611349705 7.0
32.43078560128921 6.0
32.47534574550936 5.0
32.508608766785315 6.0
32.89532646399419 7.0
33.07100885439654 6.0
33.34291630461237 7.0
33.35718659658742 8.0
33.38082958580308 7.0
33.3813573371197 6.0
33.38510674386855 5.0
33.57497868574887 4.0
33.61678483060328 3.0
33.78816165186225 4.0
34.05239443305217 3.0
34.16490097059503 2.0
34.4161204237576 1.0
34.51795085490222 2.0
34.81539080553502 1.0
34.96008095732951 2.0
34.98867109561418 3.0
35.05415231325 4.0
35.19891741170627 3.0
35.20252700225051 4.0
35.53646216747414 3.0
35.54346340204584 2.0
35.725566941698 1.0
35.99611619632473 0.0
36.228808508821025 1.0
36.27795795819838 2.0
36.471715323612905 1.0
36.54835669384989 2.0
36.57024876937882 1.0
36.5848421930037 2.0
36.60044529171756 3.0
36.67318604779526 4.0
36.86824706956198 3.0
36.89347234537372 4.0
37.09123995794368 5.0
37.10492443459038 4.0
37.18728774079502 5.0
37.28607220188446 6.0
37.30608275293405 5.0
37.32904893591664 4.0
37.75045663290532 3.0
37.845660233208065 2.0
37.93182440857472 3.0
37.987588451748415 2.0
38.86876930084731 1.0
39.052772806115215 2.0
39.15069449328602 3.0
39.170752597142 2.0
39.360716012237845 1.0
39.68405376169051 2.0
40.045774167715265 3.0
40.122042259531014 4.0
40.24350881467958 5.0
40.30837293033878 4.0
40.33958704491458 5.0
40.5826286603299 6.0
40.69495677253164 7.0
40.724455915857476 8.0
40.773626304378816 7.0
40.81926752049612 6.0
40.977808902590255 7.0
41.01465392430184 6.0
41.16938261073343 5.0
41.1984167268575 4.0
41.23059954547976 3.0
41.358211800611656 2.0
41.41371629682833 1.0
41.50793658307304 2.0
41.6536882101702 3.0
41.81573803896263 4.0
41.85293285364094 3.0
41.9329745512429 2.0
41.94519006336338 3.0
42.18072108589543 4.0
42.376742569708455 3.0
42.477575581359524 2.0
42.59718883085232 1.0
42.847967788777275 2.0
42.907847759958685 1.0
43.34150476146241 2.0
43.43563818388852 1.0
43.550557254469844 2.0
43.627436991614836 1.0
43.958708747160976 2.0
44.24654169787524 3.0
44.298322230212875 4.0
44.345788823514795 5.0
44.42463438983712 6.0
44.4925159814347 7.0
44.968578481819165 8.0
45.036474076510636 7.0
45.15316443462768 6.0
45.20442281632786 7.0
45.24445957159465 6.0
45.31836120054989 5.0
45.3580194491615 4.0
45.37183941576467 5.0
45.457014929977404 4.0
45.67178985671989 5.0
45.754346720484996 4.0
45.80215566458234 5.0
45.892653069570976 6.0
45.99659986219938 5.0
46.322937296629824 4.0
46.32561872745912 5.0
46.32929859473055 4.0
46.473132645642465 3.0
46.53629830081228 4.0
46.897665622432854 3.0
47.035399236878746 4.0
47.10603661211104 5.0
47.16232352864719 6.0
47.19705760773899 7.0
47.332124241130046 8.0
47.379864421213696 9.0
47.462776263544974 8.0
47.569319483251064 7.0
47.575775089629225 6.0
47.578484027022114 5.0
47.67863371425369 6.0
47.69686930863231 7.0
47.710362814276166 6.0
47.719299262748876 5.0
48.01577711360214 4.0
48.057895686996886 5.0
48.14227056483702 4.0
48.185764977349876 5.0
48.188196678616094 6.0
48.19824829025904 5.0
48.293243168428376 6.0
48.295264184075215 7.0
48.30528111323841 6.0
48.36318689492813 5.0
48.54640671043986 4.0
49.0748617659693 3.0
49.10202269537083 4.0
49.13422513647284 5.0
49.299057637653966 6.0
49.563195535925345 5.0
49.59779541367213 6.0
49.68965921439917 5.0
49.74545190783401 4.0
49.967606066529484 5.0
50.129912733799756 4.0
50.19852182052532 3.0
50.214370791879276 4.0
50.30046742976106 5.0
50.30743765095137 4.0
50.63192584130017 3.0
50.75865772980154 4.0
50.85753773463312 5.0
50.86260573433749 6.0
50.88510237925788 5.0
51.04819208329935 6.0
51.056749056290734 7.0
51.067376599939955 6.0
51.266920501605725 5.0
51.30078750615215 4.0
51.41680785673844 3.0
51.58029450644469 4.0
51.626832488471244 5.0
51.747984289920524 6.0
51.79997950655366 7.0
52.24766521114509 8.0
52.29850395816296 7.0
52.384678662097805 6.0
52.66908477143868 7.0
52.86321682029213 8.0
52.999863373523965 7.0
53.010194472122244 6.0
53.02458131556578 7.0
53.05149514947618 8.0
53.0568777505742 7.0
53.183321437922345 6.0
53.25909246240418 7.0
53.3070122154911 8.0
53.40308496762896 7.0
53.46198888867747 6.0
53.5529856275057 5.0
53.79331792916919 4.0
54.2363686936259 3.0
54.30054411376841 4.0
54.56388567158104 5.0
54.59203941772461 4.0
54.92664809991185 3.0
55.01868362225995 2.0
55.049854909162974 3.0
55.3937846109387 4.0
55.420238770418756 5.0
55.4289915513767 4.0
55.498228830695815 3.0
55.50532499709721 4.0
55.5421241493576 5.0
55.62825741163822 6.0
55.63176746037395 5.0
55.69922269148296 6.0
55.72337274277241 7.0
55.867753845848455 8.0
55.993780546423224 7.0
56.01334503051871 6.0
56.02584400419199 5.0
56.15080983818478 4.0
56.212405804846675 3.0
56.43010070479994 4.0
56.43671459881301 3.0
56.779649126242695 4.0
56.98552767076879 5.0
57.08818813416165 4.0
57.16305038995061 5.0
57.24359049504728 6.0
57.264544634422414 7.0
57.2692511981296 6.0
57.2895252176688 5.0
57.403707083580514 4.0
57.481738340339426 5.0
57.63358492176108 4.0
57.710839318764386 5.0
57.796677948454864 4.0
57.84349679645625 5.0
58.02587483933414 4.0
58.19151988000316 5.0
58.379559587671736 6.0
58.40011432001578 7.0
58.50035008198673 8.0
58.71709387127281 9.0
58.74271584569867 8.0
58.76065880154161 7.0
58.79525170804094 6.0
58.89743213238104 7.0
58.90299713114586 6.0
58.90394295731361 5.0
59.1188884019928 4.0
59.23035785621394 5.0
59.46362756270584 4.0
59.76247104696943 5.0
59.883339227998846 4.0
60.24160540775745 5.0
60.31490569924591 4.0
60.43963281895226 3.0
60.534371436498105 4.0
60.58660712679196 3.0
60.73951988690212 2.0
60.97409001699608 1.0
61.13398396089501 0.0
61.18356095215142 1.0
61.34718460608337 2.0
61.67423817722856 1.0
61.74321773235465 2.0
61.77320822410668 1.0
62.6870896067921 2.0
62.75966768543709 3.0
62.780564076249725 2.0
63.294011538453965 1.0
63.58337565818579 2.0
63.599322838110396 3.0
63.83928471836731 4.0
64.23578685307862 3.0
64.23973907277062 2.0
64.84263565834829 3.0
64.85425979120974 4.0
64.89426979368231 5.0
64.90817712380361 4.0
64.92973409042864 3.0
64.98715989624904 4.0
65.02428968951256 5.0
65.02437366950163 4.0
65.13272662677039 5.0
65.14463621801305 6.0
65.19756746478471 5.0
65.26998758074205 6.0
65.30004767521562 5.0
65.32384929618648 4.0
65.4426205275974 5.0
65.47367181288384 4.0
65.53917574735829 5.0
65.67002296321405 6.0
65.75786639263661 5.0
65.81015044527568 6.0
65.85221269099617 7.0
66.05774092449964 8.0
66.09219362769315 7.0
66.25759128373285 6.0
66.3860749668461 7.0
66.4191838843916 8.0
66.783010303474 9.0
66.98285600483482 8.0
67.03744898262929 9.0
67.0733162867933 10.0
67.08347974100137 11.0
67.27336846381033 10.0
67.27662101783513 9.0
67.29017807853288 8.0
67.29381906694834 9.0
67.42012125349947 8.0
67.44739722353548 7.0
67.97616822242034 8.0
68.01895610127013 9.0
68.05461396197487 8.0
68.05627827346507 7.0
68.06347144596984 6.0
68.09416322000988 7.0
68.26898986820903 6.0
68.27600190629741 5.0
68.28489800780052 4.0
68.31499245003322 5.0
68.46377513370909 4.0
68.79333159934856 5.0
68.85351371931934 6.0
69.15887524777068 5.0
69.33636274881607 4.0
69.58389476025532 5.0
69.59758781173821 6.0
69.60797042323416 5.0
69.67204281250918 4.0
69.73135920298813 5.0
69.75268177648866 4.0
69.79466053226956 5.0
70.14329132926807 6.0
70.23671596341924 7.0
70.5132253370498 6.0
70.91304619131667 5.0
70.9559918001029 6.0
70.97782524346763 7.0
70.97807314466951 6.0
71.16079652448451 7.0
71.2025068621435 6.0
71.34691076735838 7.0
71.37107883873429 6.0
71.41762817452172 5.0
71.51917665202159 6.0
71.58749305679218 7.0
71.62022288899738 8.0
71.78021207226229 9.0
71.79573840893866 10.0
72.04181885744465 9.0
72.16877954867451 10.0
72.17487422017624 11.0
72.34718957042406 10.0
72.41383656814934 9.0
72.70570686127066 10.0
72.78326186512588 9.0
72.82657260684323 10.0
72.82874247033229 11.0
73.01044489784204 12.0
73.0554583451418 13.0
73.06082515123641 14.0