0.0 45.0
0.008140488412127285 44.0
0.0359764445847483 43.0
0.11209751517798455 42.0
0.11963375364765845 42.0
0.1241049466399106 42.0
0.18885067259992683 42.0
0.20132499450996194 42.0
0.25070708796486024 41.0
0.2565214456600812 41.0
0.28989472378966236 41.0
0.3335990777997017 40.0
0.357892176585146 40.0
0.37566590115115517 39.0
0.392867544140647 38.0
0.4078110699754245 38.0
0.44107329057551076 38.0
0.45473224409878754 38.0
0.45561887570203613 37.0
0.4646524965889539 37.0
0.48271788866047943 36.0
0.5474030427835064 37.0
0.5662621234275558 38.0
0.5679147565697275 39.0
0.5717004857527203 39.0
0.5826715056937364 38.0
0.5856812373744927 38.0
0.5920579272404958 37.0
0.7035785994959285 38.0
0.7062122893973244 37.0
0.7177434692402839 36.0
0.7241845287808715 37.0
0.7334165684245111 36.0
0.7356618582026923 35.0
0.7711660822662222 36.0
0.7787721992705017 35.0
0.7850489662707211 34.0
0.8549719226394021 34.0
0.8688280037705046 34.0
0.877522117776295 33.0
0.9036066140570136 32.0
1.005211587536747 32.0
1.0100349123687762 31.0
1.0329603371410947 31.0
1.0505552275401293 30.0
1.1043344043891203 31.0
1.1266048283200674 31.0
1.1438512283404536 31.0
1.1837947940648132 32.0
1.2007874939271488 32.0
1.2014425361614511 31.0
1.2110836080311014 31.0
1.2208574290526586 30.0
1.2418656105611239 30.0
1.2748084870609402 31.0
1.3040899194026487 30.0
1.3251292509382304 30.0
1.3404680044852195 31.0
1.3422883195987123 31.0
1.3953925978343547 31.0
1.4182351840963774 30.0
1.4291409439044649 31.0
1.4746215399583513 31.0
1.4869234617487033 32.0
1.4929456908598793 31.0
1.5012383411413812 30.0
1.5204563314944919 29.0
1.534478673611054 28.0
1.5547813282970935 28.0
1.5566404429193126 27.0
1.5650920912042967 28.0
1.605816717541698 27.0
1.6134530655394281 26.0
1.686252005822886 26.0
1.7568638644152046 25.0
1.7631773504046002 25.0
1.774155272785983 26.0
1.798011859127893 26.0
1.8285246490195433 26.0
1.8373700287866017 27.0
1.8747319805124978 27.0
1.9303840858868508 27.0
1.9480017262476854 27.0
1.973130871925066 26.0
1.9846834193309975 25.0
1.9851180346836244 24.0
1.986431907334074 23.0
2.0214214802832653 24.0
2.0294277443358233 24.0
2.053633484002461 23.0
2.0686236782309786 23.0
2.0923586826815743 23.0
2.108333878650306 23.0
2.1729312337318785 23.0
2.1757288840346436 22.0
2.188774198097927 23.0
2.23237087080892 23.0
2.236972617623709 24.0
2.261051795170683 23.0
2.2768759474435893 24.0
2.305340848286236 23.0
2.3528322443729612 23.0
2.3639063629379753 23.0
2.385744306446486 24.0
2.387578645428305 24.0
2.3946520462500094 24.0
2.4523571611981896 24.0
2.4568949139744243 24.0
2.5522441161387897 24.0
2.610638498272691 23.0
2.6200012952896916 24.0
2.6801796475766566 24.0
2.6891984664514483 24.0
2.7052761644439864 24.0
2.711953235213114 24.0
2.7143213651309313 23.0
2.7285675526357775 23.0
2.8083690304376043 23.0
2.8884221620343 23.0
2.900681213364174 24.0
2.915238010074967 24.0
2.917488404350952 24.0
2.9218995064717643 24.0
2.924487970663262 24.0
2.943652848889935 24.0
2.9670440618543683 24.0
3.027785879660125 24.0
3.145320771282921 23.0
3.149707844866822 22.0
3.179927034191122 23.0
3.1839800717518907 23.0
3.190104258991956 22.0
3.235488782908732 21.0
3.2523041214471107 21.0
3.278777219898771 21.0
3.281601113959424 21.0
3.31780924187744 20.0
3.35377586570273 20.0
3.3643384655693405 19.0
3.384207916657594 19.0
3.412144861143339 18.0
3.4194958515821052 18.0
3.430366247332269 19.0
3.447730689829525 19.0
3.460311968933851 19.0
3.5117223393668855 19.0
3.515738919650057 20.0
3.5543299618016637 20.0
3.566117086875602 20.0
3.566897382945441 20.0
3.612371055137851 21.0
3.61553584045838 20.0
3.665496644000732 20.0
3.7077065335310078 20.0
3.713666085234843 20.0
3.715298443266934 20.0
3.733797158803124 20.0
3.758073527445615 20.0
3.7654629740722076 21.0
3.7796650862797723 22.0
3.827744706591898 23.0
3.8498189369861957 22.0
3.857707976361993 21.0
3.867083611693153 20.0
3.888720527267155 20.0
3.96871166147116 21.0
3.9993990577887417 21.0
4.02293726500503 22.0
4.059827197382008 22.0
4.060035760639888 22.0
4.071240862376131 22.0
4.139180275342139 21.0
4.163173870141861 20.0
4.177960220512882 20.0
4.2032330078981905 20.0
4.208402360028001 20.0
4.262451829000104 20.0
4.271369411837579 20.0
4.330774342592664 20.0
4.333131175677891 19.0
4.352354110837873 19.0
4.373565010199727 19.0
4.381149472557313 19.0
4.4075317583947795 20.0
4.412799320410868 21.0
4.424822970834793 20.0
4.428946430169323 20.0
4.434034129954492 20.0
4.439319930089747 20.0
4.448941932426601 21.0
4.475889791126694 21.0
4.491112324986412 21.0
4.511822800625333 20.0
4.514730328015468 19.0
4.533690109990273 19.0
4.535230745836631 19.0
4.539260600390667 19.0
4.611358321924512 19.0
4.611372144067965 18.0
4.611670170051763 18.0
4.6373433165097655 17.0
4.63956260100545 17.0
4.64986153820286 17.0
4.6607913813213555 16.0
4.6709644653024895 16.0
4.687720439643726 17.0
4.697379253421194 18.0
4.697682219847694 18.0
4.747279466961941 18.0
4.76828458613309 18.0
4.77653069644578 18.0
4.79351261335317 19.0
4.7978509463447345 19.0
4.819269000658399 19.0
4.834423046676275 19.0
4.875684549959573 19.0
4.889643154821256 18.0
4.94490810208674 18.0
4.961707381146796 19.0
5.079898418321394 19.0
5.125005085040188 19.0
5.131800074280571 19.0
5.16096933091953 19.0
5.164181579089961 18.0
5.175876701274677 18.0
5.1761167316202625 18.0
5.182995637547717 19.0
5.193376828292757 19.0
5.249716969291747 18.0
5.282749538114314 19.0
5.293631359565037 18.0
5.33175611207938 17.0
5.344397830389669 18.0
5.364229912651863 17.0
5.3703212270032665 16.0
5.371517242790543 16.0
5.44602683941282 16.0
5.457516346553766 17.0
5.4622875252710825 18.0
5.501700579803825 18.0
5.603870225446323 18.0
5.654021865778962 18.0
5.671465692844689 19.0
5.687611860933794 18.0
5.727827112348377 18.0
5.750415692952473 18.0
5.778986013417193 18.0
5.793253646386657 18.0
5.801849118808505 18.0
5.845248249289504 18.0
5.846131777830594 18.0
5.883452355628202 17.0
5.909216137273338 16.0
5.975674852131784 17.0
5.983132378330726 18.0
6.0154619963546425 18.0
6.019808356758037 17.0
6.035486093287144 18.0
6.100314820921425 18.0
6.118722422724491 17.0
6.146979313894873 16.0
6.149889500682275 16.0
6.160182858419855 16.0
6.209093847580142 16.0
6.209886333384207 16.0
6.219700651846318 16.0
6.221361094858889 15.0
6.24284602009485 14.0
6.283939498703136 14.0
6.288219024827701 15.0
6.292042842005205 14.0
6.292754036279985 15.0
6.431894492303593 14.0
6.472919169886375 15.0
6.506497525607774 15.0
6.525429918775834 15.0
6.556983567979337 15.0
6.583681366996384 15.0
6.611561723149481 15.0
6.620707562944877 14.0
6.647543592537961 14.0
6.6479419075887956 15.0
6.662020417974097 14.0
6.678798310946127 14.0
6.681043696980456 13.0
6.736054567030712 12.0
6.739104998651996 12.0
6.7735379244937555 12.0
6.775896281686618 12.0
6.8417368986778735 13.0
6.875868398731225 13.0
6.887501143255434 13.0
6.894342126669227 13.0
6.903859951118532 13.0
6.932554521955731 12.0
6.95461303936678 13.0
7.014816804305792 13.0
7.040846440153348 13.0
7.054046527361557 13.0
7.07269361219057 13.0
7.100879125350191 14.0
7.140633561175425 14.0
7.167285079185916 14.0
7.21990187038573 14.0
7.22135947629733 13.0
7.225888766751519 13.0
7.240077746381584 13.0
7.300031375894859 13.0
7.307374410933338 14.0
7.3101592094805214 14.0
7.398482508613929 13.0
7.555424323068367 13.0
7.609178704905272 13.0
7.631036946450214 12.0
7.643774841826908 12.0
7.669552651427486 12.0
7.683780015551717 11.0
7.6989546571994385 11.0
7.705283692043007 10.0
7.733156920259082 10.0
7.809075640034123 10.0
7.810088118697776 10.0
7.850703788195105 11.0
7.9142012515366 11.0
7.944440883940661 11.0
7.9959159991681075 11.0
8.023297844590834 12.0
8.042449596212842 12.0
8.043272488381232 12.0
8.095560049937724 11.0
8.117804494465005 11.0
8.138484582631873 11.0
8.146658706714733 12.0
8.232540996568604 11.0
8.33794734739621 11.0
8.407761802881222 11.0
8.412992477783263 11.0
8.506957298217264 11.0
8.544875599539846 10.0
8.576806746168476 10.0
8.58750246573314 10.0
8.618403719483714 10.0
8.636471942941867 11.0
8.700728773282325 11.0
8.711498250670546 11.0
8.739530068597583 11.0
8.746619708379727 11.0
8.752082302216243 10.0
8.822754958580177 10.0
8.853789350763416 10.0
8.856723749770119 10.0
8.926076140452873 10.0
8.947881252153886 10.0
8.978545362839316 10.0
9.00538983820133 10.0
9.020980968056076 9.0
9.062415679101305 9.0
9.08214824945711 9.0
9.101126318915199 9.0
9.120906944009057 9.0
9.156736701618044 9.0
9.177084034547537 9.0
9.181440910713865 9.0
9.186733389456819 9.0
9.21866276041905 9.0
9.222296308790863 9.0
9.279997566915636 9.0
9.288429538778123 9.0
9.316457051426687 9.0
9.326535149306956 9.0
9.424265736233265 9.0
9.4463028745396 8.0
9.487394654367968 7.0
9.490943646765215 7.0
9.526598678592233 7.0
9.626936889947343 7.0
9.666402762508127 7.0
9.6882635129426 7.0
9.698362644799316 7.0
9.72694599649589 7.0
9.749777229342778 6.0
9.763169474673756 6.0
9.781351534273622 5.0
9.880402372393776 5.0
9.88541210074343 5.0
9.910766209627798 5.0
9.943968890463163 4.0
9.954580031019269 4.0
9.975900092789779 4.0
9.980032335891277 4.0
10.046171691017843 3.0
10.065288007035454 2.0
10.102456178051915 2.0
10.30575620974301 2.0
10.335329139465259 2.0
10.423974697836659 2.0
10.462280878892974 2.0
10.478794517228348 3.0
10.517024131897422 3.0
10.526979822374845 3.0
10.537850272993397 3.0
10.54271369851492 3.0
10.674216867843006 3.0
10.731431092765792 3.0
10.777088166309415 3.0
10.802786122606827 4.0
10.807614103193455 3.0
10.867807982740027 3.0
10.892820048626144 4.0
10.909266798211936 4.0
10.91630900246384 4.0
10.942155825863503 4.0
11.049362353007655 4.0
11.112227267650677 4.0
11.116860802233765 4.0
11.20071806769835 4.0
11.326882823914456 4.0
11.349641840287125 4.0
11.373995035219682 4.0
11.453331850576475 4.0
11.462900904968086 3.0
11.524102778260131 3.0
11.529760176012894 3.0
11.536834432138711 2.0
11.576468159036043 2.0
11.671213639159365 2.0
11.671283500489418 2.0
11.752913204396025 2.0
12.026059139781047 2.0
12.03047282758195 2.0
12.099067666568661 2.0
12.130148399911205 2.0
12.132056483201307 2.0
12.159022879540311 2.0
12.188782285730992 2.0
12.344344079420711 2.0
12.464575207708496 2.0
12.506460955325716 2.0
12.67411329314299 2.0
12.685380519450641 2.0
12.694178593395712 2.0
12.706629537224684 2.0
12.731438702820778 2.0
12.79691109690454 2.0
12.821202111751282 2.0
12.897697840890489 2.0
12.90241740708403 2.0
12.936689699969941 2.0
12.959769016146215 2.0
13.069699775952769 2.0
13.085183478749205 2.0
13.115757798479581 2.0
13.149895827031157 2.0
13.157474572740623 2.0
13.310988161734569 2.0
13.362412267951655 2.0
13.4212520628665 2.0
13.431016531655526 2.0
13.486269852440497 2.0
13.584380063562298 2.0
13.62114778603772 1.0
13.66974874361937 1.0
13.703981434993342 1.0
13.810453897302601 1.0
13.877803399736873 1.0
14.04639294576028 1.0
14.101948396631848 1.0
14.140316465930093 1.0
14.207299321939614 1.0
14.224469582700841 1.0
14.231308861479405 2.0
14.319685496417398 2.0
14.323709050227274 1.0
14.530623973896569 1.0
14.587332222167452 1.0
14.603886382992233 1.0
14.680215539393199 1.0
14.710018442163028 1.0
14.753408971942747 2.0
14.757724182374734 2.0
14.789377370384837 2.0
14.804741814097762 1.0
14.84150330649657 0.0
14.85424927367346 0.0
15.059237371282451 0.0
15.068234366158928 0.0
15.113233190382056 0.0
15.134376947569724 0.0
15.220731756762769 0.0
15.409102513793133 0.0
15.594869262845759 0.0
15.598720205158049 0.0
15.607589221594997 0.0
15.704858077473792 0.0
15.73936910625027 0.0
15.835913108763402 0.0
16.147696922243696 0.0
16.306888811888662 0.0
16.545830601422466 0.0
16.585493366733445 0.0
16.613771177361276 0.0
16.624876490494987 0.0
16.82067732921838 0.0
17.095084886656238 0.0
17.138989622421207 0.0
17.1448513456547 0.0
17.365819406112752 0.0
17.369768535599977 0.0
17.563310177715017 0.0
17.57816137928687 0.0
17.856456696334998 0.0
18.00395085871213 0.0
18.036370016590308 0.0
18.096622850610263 0.0
18.21387222329674 0.0
18.594395978453075 0.0
18.61272271607693 0.0
18.63516997368183 0.0
18.887106587366453 0.0
18.981348559867673 0.0
19.116475642474757 0.0
19.207210417055617 0.0
19.21261738189511 0.0
19.309009253438823 0.0
19.69556314727753 0.0
19.765270263803377 0.0
19.800135227498043 0.0
19.838669593797068 0.0
20.563975143445205 0.0
20.624167931161104 0.0
20.84909518779738 0.0
20.96468049900613 0.0
21.06322247838956 0.0
21.179152612548663 0.0
21.198789504190557 0.0
21.30831141153638 0.0
21.38707935754292 1.0
21.4781893147762 1.0
21.58200144307977 1.0
21.58672578934115 2.0
21.65322990094611 2.0
21.75309311376443 2.0
21.777612275101355 2.0
21.878867711289107 1.0
21.993158363537823 1.0
22.31377899750909 1.0
22.366705886414415 1.0
22.38887113126594 1.0
22.51891143263819 2.0
22.568843380454354 2.0
22.68070108659223 2.0
22.729548533537002 2.0
22.787960971468078 2.0
22.810700201863213 2.0
23.00042588359063 2.0
23.057914720250576 2.0
23.123768908722678 2.0
23.144251321155334 2.0
23.354548216069738 1.0
23.576403336334344 1.0
23.834987611860004 1.0
24.11172047165964 1.0
24.226345733558336 1.0
24.295441757722323 1.0
24.323782931029218 1.0
24.435677468180348 1.0
24.44233684132923 1.0
24.553312460083745 1.0
24.87284182673663 1.0
24.88611013544527 1.0
24.98230158456057 1.0
25.33619167353033 1.0
25.380665161647023 1.0
25.505303470000598 1.0
25.621394781460747 1.0
25.668142078236198 1.0
25.673002889666808 1.0
25.825055893937538 1.0
25.938688126169357 1.0
25.949799765764027 1.0
25.961851407825154 1.0
26.077565375887907 1.0
26.136091458723925 1.0
26.190192774747157 1.0
26.270796328494995 1.0
26.315146661559897 1.0
26.332200644438426 1.0
26.345464179715695 1.0
26.371800607609558 1.0
26.53906362810992 1.0
26.65989466315161 0.0
26.663000497871277 0.0
26.67050483629255 0.0
26.72837292049724 0.0
27.054049402202207 0.0
27.434251794577843 0.0
27.44392581253739 0.0
27.62224338356565 0.0
27.65058371638383 0.0
28.1394805083938 0.0
28.160737828118947 0.0
28.267237579299564 0.0
28.275740265804643 0.0
28.306044454237306 0.0
28.33359009101231 0.0
28.344341457503987 0.0
28.46495169223822 0.0
28.466219109860187 0.0
28.516631580434368 0.0
28.588337199066885 0.0
28.60976923122875 0.0
28.630177913515467 0.0
28.689055899657138 0.0
28.73022948481924 0.0
29.028583925812107 0.0
29.18179956115387 0.0
29.216604523276377 0.0
29.231178971266218 0.0
29.304250952411543 0.0
29.351289291292264 0.0
29.50231041963218 0.0
29.521997783283712 0.0
29.638328668227352 0.0
29.780095480103025 0.0
29.853403145926624 0.0
29.87691801573839 0.0
30.002294573842505 0.0
30.10586999083501 0.0
30.643502444407233 0.0
30.92215006503098 0.0
30.93867915792321 0.0
30.990218780988748 0.0
31.037190011252704 0.0
31.06482404700702 0.0
31.2480947125343 0.0
31.456990585842686 0.0
31.608303943215336 0.0
31.643464096360997 0.0
31.654919006939643 0.0
31.687999641983946 0.0
31.700501009683453 0.0
31.744924322618736 0.0
31.76621194329067 0.0
31.782650360950168 0.0
31.80353118583762 0.0
31.91625472025059 0.0
32.402289005410346 0.0
32.43598385609901 0.0
32.43733548181594 0.0
32.46482723194408 0.0
32.466473381091845 0.0
32.62604309110212 0.0
32.64903128476068 0.0
32.764249669041675 0.0
32.819727423815145 1.0
32.89025332990118 1.0
33.02812034466076 0.0
33.132872503329516 0.0
33.17313833009229 0.0
33.2505301866696 0.0
33.291299132144694 0.0
33.311915302073636 0.0
33.428435213575604 0.0
33.47025112098801 0.0
33.59948915092987 0.0
33.6677744498675 0.0
33.685089529552826 0.0
33.78046628114128 0.0
33.78374872904118 0.0
34.07696233377857 0.0
34.143103991738315 0.0
34.15754967423454 0.0
34.40078690320217 0.0
34.433568326760984 0.0
34.65445579510583 0.0
34.6852161491771 0.0
34.87596066199965 0.0
34.996039503147514 0.0
35.01289039193917 0.0
35.18507426749095 0.0
35.195567865231745 0.0
35.20698165570292 0.0
35.27794541737273 0.0
35.293726590501 0.0
35.30494723284979 0.0
35.36808375269656 0.0
35.36957249773698 0.0
35.41596070079411 0.0
35.425650383139875 0.0
35.451403487918725 0.0
35.60787386822306 0.0
35.610268299163955 0.0
35.67576859732741 0.0
35.695954126394945 0.0
35.7167370735099 0.0
35.730855327828124 0.0
35.81593125502405 0.0
36.01456410621686 0.0
36.09097165108518 0.0
36.142350395160115 0.0
36.2084972799123 0.0
36.51927128424311 0.0
36.6200808625549 0.0
36.700102634636686 0.0
37.016995368547356 0.0
37.03076986427824 0.0
37.05575250793959 0.0
37.218221898440326 0.0
37.527089996775544 1.0
37.58761522281315 1.0
37.59358272786038 1.0
37.597480155590695 1.0
37.619168731471895 1.0
37.623579682647794 1.0
37.656362180853336 1.0
37.66205285754299 1.0
37.66417253388144 1.0
37.89767116411474 1.0
38.02614514620029 1.0
38.38524996925681 1.0
38.43631560945069 1.0
38.57852463341977 2.0
38.65010300339808 2.0
38.86111565893683 2.0
38.90041109417207 1.0
38.98712209421919 1.0
39.078855707296185 1.0
39.19975990056436 1.0
39.267389898517955 0.0
39.48947050201446 1.0
39.5453838736847 1.0
39.605091005133836 1.0
39.64200008288033 1.0
39.67196568046417 1.0
39.708586384448004 1.0
39.73461723767357 1.0
39.769237384819284 1.0
39.9014205133128 1.0
39.94880287248038 1.0
39.96265473817494 1.0
40.076254980327846 1.0
40.10877575153678 1.0
40.14353486572928 1.0
40.278806230679315 1.0
40.53005378125422 1.0
40.56723562842028 1.0
40.79153548157475 1.0
41.04791785843401 0.0
41.13593092598304 0.0
41.188240238481804 0.0
41.2687670370677 0.0
41.54268210764355 0.0
41.61233554579131 0.0
41.747049603459615 0.0
41.748402725327516 0.0
41.78423651138689 0.0
41.87988020660563 0.0
41.89118887725774 0.0
41.9111161985046 0.0
41.96531787609392 0.0
41.98229362790493 0.0
41.998120853863774 0.0
42.1589655808508 0.0
42.31042279956698 0.0
42.45819416029807 0.0
42.49313256963592 0.0
42.523083765577184 0.0
42.64922342263161 0.0
42.69876881568456 0.0
42.70010473727906 0.0
42.75582658461516 0.0
42.84398151538813 0.0
42.869809064256835 0.0
42.89807465255601 0.0
42.98447411009719 0.0
43.0705629571186 0.0
43.12173423740935 0.0
43.12785060432133 0.0
43.18935945603309 0.0
43.393364308237395 0.0
43.66761105406878 0.0
43.935113950454344 0.0
43.96690888490263 0.0
44.00136493270925 0.0
44.00660893722626 0.0
44.11604743569644 0.0
44.11950957836191 0.0
44.77066664634469 0.0
45.39411913810695 0.0
45.46188008219765 0.0
45.471403052075615 0.0
45.50044208372013 0.0
45.650727590219375 0.0
45.94424003765488 0.0
46.02037292225566 0.0
46.04314604542188 0.0
46.12847057216068 0.0
46.345632911005445 0.0
46.37543859337157 0.0
46.412331061260545 0.0
46.49784092208163 0.0
46.539820022700326 0.0
46.61208124562395 0.0
46.7077991269298 0.0
46.74416232976855 0.0
46.84213159737332 0.0
46.93545245917142 0.0
46.98762701285339 0.0
47.153810130702965 0.0
47.18261817912995 0.0
47.199783500896196 0.0
47.320494314937264 0.0
47.37362592728928 0.0
47.383585634695706 0.0
47.50963431147194 0.0
47.51658558641056 0.0
47.55388864412016 0.0
47.61402697326669 0.0
47.63507331016478 0.0
47.636738926429906 0.0
47.64033601306156 0.0
47.648576392812586 0.0
47.87259036116811 0.0
47.89846433552696 0.0
47.983646585724095 0.0
48.021232495664684 0.0
48.03475476679655 0.0
48.12028501180651 0.0
48.20810384354196 0.0
48.20985239010218 0.0
48.47922688688594 0.0
48.593247605747734 0.0
48.59511133335901 0.0
48.61383107445108 0.0
48.615951412217754 0.0
48.637416576861106 0.0
48.66540447607526 0.0
48.7132848838157 0.0
48.889275582139625 0.0
48.98775093846864 0.0
49.01830022266157 0.0
49.09779361788404 0.0
49.12331254848465 0.0
49.23890331758551 0.0
49.38082229379549 0.0
49.46151820082008 0.0
49.48090725350932 0.0
49.522281370953735 0.0
49.55094719047796 0.0
49.58729064855456 0.0
49.642718289307055 0.0
49.775400631513655 0.0
49.79741733400529 0.0
49.84779801422176 0.0
50.04709601124115 0.0
50.18821143864951 1.0
50.21578761969207 1.0
50.3572508168409 1.0
50.36677042999984 1.0
50.41793436650308 1.0
50.42182629804081 1.0
50.42778574348542 1.0
50.49483768796802 1.0
50.55966487522794 1.0
50.619923740709694 1.0
50.63770336154015 1.0
50.68688661018067 1.0
50.91728249594751 1.0
50.98673474285896 1.0
51.25488128587581 1.0
51.25846045264186 1.0
51.278247221390046 1.0
51.340256377615205 1.0
51.34702841556045 1.0
51.59010080172095 1.0
51.6625029212713 1.0
51.71734677399682 1.0
51.78167954064908 1.0
51.85255533595463 1.0
51.8705609306881 1.0
51.89946218700947 1.0
51.952692408202964 0.0
51.96084995589012 0.0
52.02031248756371 0.0
52.06557700968849 0.0
52.12210694729839 0.0
52.232445148483194 0.0
52.326248697398235 0.0
52.42563125019857 0.0
52.58379333947352 0.0
52.70390898691756 0.0
52.928903924325404 0.0
53.14584666460661 0.0
53.255798515120624 0.0
53.39168655002638 0.0
53.647754161997824 0.0
53.851103358106826 0.0
54.11031205303232 0.0
54.23056437237922 0.0
54.27395457895307 0.0
54.37816118276958 0.0
54.54358875802872 0.0
54.577147342023196 0.0
54.83672443455332 0.0
54.93865326867467 1.0
55.048965720628765 1.0
55.17205994640957 1.0
55.22562636228748 1.0
55.25957298495575 1.0
55.46329438133067 0.0
55.48455525419507 0.0
55.533023308673265 0.0
55.541586127800706 0.0
55.73318622651297 0.0
55.91474945652084 0.0
56.064827973462215 0.0
56.09409867924847 0.0
56.188715477748914 0.0
56.20940375480043 0.0
56.21234036305096 0.0
56.251695115360015 0.0
56.53123302936371 0.0
56.68958909600129 0.0
56.75156229462983 0.0
57.031891732930355 0.0
57.05312513961247 0.0
57.10773486601947 0.0
57.17196955377239 0.0
57.20234236043195 0.0
57.22072838069221 0.0
57.236463961593984 0.0
57.268255445132866 0.0
57.39554907525828 0.0
57.559754629941295 0.0
57.670850687613076 0.0
58.0362891093594 0.0
58.18611228786123 0.0
58.21469939488056 0.0
58.23963947448925 0.0
58.27120169398403 0.0
58.33692302175712 0.0
58.45076875696024 0.0
58.65469176231157 0.0
58.72157566545224 0.0
59.14157423448914 0.0
59.237575750638264 0.0
59.30523081372604 0.0
59.324153020241276 0.0
59.5814484410694 1.0
59.60757710042493 1.0
59.72555989939288 1.0
59.958798660040316 1.0
60.24979069596759 1.0
60.27168786367034 1.0
60.38904224661043 1.0
60.43130402116639 1.0
60.447322710325324 1.0
60.51847427940002 1.0
60.56270747302608 1.0
60.60452615973793 1.0
60.74652636592399 1.0
60.764352986361914 1.0
60.88788329522305 1.0
60.90036193920396 1.0
61.0049737298729 1.0
61.03052178330235 1.0
61.41110473203108 1.0
61.41302817834975 0.0
61.46786347642073 0.0
61.521494166242974 0.0
61.61971763998199 0.0
61.76306440207243 0.0
61.819760601369104 0.0
62.154520435629884 0.0
62.20873605379487 0.0
62.27943958270508 0.0
62.27947578523927 0.0
62.309923196996145 0.0
62.40295267362472 0.0
62.84152121948267 0.0
63.06136452080353 0.0
63.1780082034381 0.0
63.26130181116202 0.0
63.328752830879566 0.0
63.33814837364566 0.0
63.602392040366446 0.0
63.648713845140406 0.0
63.70963162738946 0.0
63.80514681352695 0.0
64.04327896617517 0.0
64.09754195630755 0.0
64.16129430854868 0.0
64.19212007667144 0.0
64.22098474238626 0.0
64.26327866609246 0.0
64.31072847149973 0.0
64.81641272427571 0.0
64.92796405533458 0.0
64.95410407280622 0.0
64.95746417494135 0.0
65.54506085507602 0.0
65.6592129056501 0.0
65.67710019161626 0.0
65.70773160785623 0.0
65.7229052165417 0.0
65.83033769535122 0.0
65.86998850444458 0.0
65.91097057392602 0.0
66.22280570309155 0.0
66.35961501584775 0.0
66.44237443989384 0.0
66.51058134614757 0.0
66.70704099725182 0.0
66.88108259539699 0.0
67.23390473859511 0.0
67.88679689139066 0.0
68.16801747370901 0.0
68.28659473388346 0.0
68.45636239282072 0.0
68.9889366238381 0.0
69.42377107400817 0.0
69.55318045939173 0.0
69.57553316209201 0.0
69.5756584883317 0.0
69.69006261575848 0.0
69.69111946348342 0.0
69.75138746193966 0.0
69.7613222439077 0.0
69.8530030756054 0.0
69.87746913298815 1.0
70.05074608868156 1.0
70.0678239730786 1.0
70.189033821496 1.0
70.4333834551204 1.0
70.4379928136695 1.0
70.49976003108704 1.0
70.5489730261987 1.0
70.60193848291414 1.0
70.87505511330886 1.0
70.90438639938814 0.0
70.9299246534907 0.0
71.17640013975146 0.0
71.43696236845592 0.0
71.48243021880447 0.0
71.75770680828202 0.0
71.81442505548333 1.0
71.85553838614501 1.0
71.89121786442993 1.0
71.89470463081622 1.0
72.00025880671369 1.0
72.05964532789652 1.0
72.21784736104537 1.0
72.22865540352326 1.0
72.34098808289988 1.0
72.40068794673853 1.0
72.64431948853944 1.0
72.69790392539329 1.0
72.7030508990259 0.0
72.74458009451624 0.0
72.75914830068035 0.0
72.93580400509873 0.0
73.06835513790088 0.0
73.0800486015361 0.0
73.21772937702258 0.0
73.21922542431798 0.0
73.47650372299714 0.0
73.54912607601412 0.0
73.61673903494821 0.0
73.61842781721398 0.0
73.65488406368839 0.0
73.71185675739034 0.0
73.8087211137805 0.0
73.82790622577902 0.0
73.88881308516441 0.0
73.91758882745697 0.0
73.92199621945481 0.0
73.93127691957517 0.0
74.093205756637 0.0
74.29657862409576 0.0
74.56089120230179 0.0
74.56661942890153 0.0
74.71231336037744 0.0
74.71553450364057 0.0
74.726088065475 0.0
74.76051060633904 0.0
74.82632739907059 0.0
74.8486306377599 0.0
74.85976825682808 0.0
75.13582397585402 0.0
75.66765156340702 0.0
75.78142930786376 0.0
75.95375298715712 0.0
76.06239040842134 0.0
76.16809193971267 0.0
76.30700324898122 0.0
76.31539643489246 0.0
76.41387367351486 0.0
76.50305574097163 0.0
76.62508541431161 0.0
76.70547854717354 0.0
76.91668437202513 0.0
76.94390752849283 0.0
76.96339639377527 0.0
77.02898919536317 0.0
77.05552589701443 0.0
77.09289682473995 0.0
77.53457108324255 0.0
77.63932581566839 0.0
77.83339057515398 0.0
77.86814175638813 0.0
77.98951863385028 0.0
78.1760978718101 0.0
78.38498904192429 0.0
78.42769762422343 0.0
78.45176799236997 0.0
78.46044226260572 0.0
78.62631936642731 0.0
78.64233225885195 0.0
78.75391035922883 0.0
79.16323455302548 0.0
79.28132124953943 0.0
79.30450452828369 0.0
79.32640358611681 0.0
79.45440455765163 0.0
79.58012068035056 0.0
79.74319912911044 0.0
80.56657650988834 0.0
80.65482001656251 0.0
81.06538776734224 0.0
81.63166167821241 0.0
81.65482267481732 0.0
81.68401853890869 0.0
81.7546921222921 0.0
81.79739987777023 0.0
81.82152557935719 0.0
81.87633888915502 0.0
81.92656348855628 0.0
82.19260910695156 0.0
82.92551452034148 0.0
82.95563299956534 0.0
83.11114512868497 0.0
83.22239771600799 0.0
83.23738857830874 0.0
83.2570313309586 0.0
83.28572024838643 0.0
83.33873207857621 0.0
83.38092362762511 0.0
83.403521435865 0.0
83.52121579165868 0.0
83.80210165518179 0.0
83.88944729533785 0.0
83.9989073592284 0.0
84.23471924075679 0.0
84.45445298796366 0.0
84.52576287290661 0.0
84.85080656512716 0.0
85.16668654863132 0.0
85.19449222885052 0.0
85.24467134965587 0.0
85.52444260947865 0.0
85.56156961688511 0.0
85.78824962323151 0.0
85.88048013395358 0.0
85.88453205426579 0.0
85.89289535242841 0.0
85.91925330893291 1.0
85.9437025184674 1.0
86.05262761456605 1.0
86.0677371525895 1.0
86.15427662487122 1.0
86.25427298051702 1.0
86.3402297574286 1.0
86.35307372953183 1.0
86.35539366252405 1.0
86.45763948312973 1.0
86.61094113193376 1.0
86.61512177962025 1.0
86.63039033945161 1.0
86.65856657649019 1.0
87.0216474291191 1.0
87.07992056410028 1.0
87.22520453153206 1.0
87.29544009365452 1.0
87.29618584964327 0.0
87.33489776800579 0.0
87.83465264056433 0.0
87.91725486156032 1.0
87.952870485498 1.0
88.17708949811586 1.0
88.17717109947938 0.0
88.19119987120177 0.0
88.2859293492776 0.0
88.33405852110513 0.0
88.35732104115357 0.0
88.39121776279958 0.0
88.59845541922479 0.0
88.91642415224034 0.0
89.18394684815905 0.0
89.48206300987886 0.0
89.53886818149056 0.0
89.54967686787487 0.0