0.0 0.0
0.05569026099244659 1.0
0.06103352577370332 2.0
0.06952214515435393 3.0
0.08863954169310351 4.0
0.09707679221619829 5.0
0.11664662155123788 6.0
0.13678005106924096 7.0
0.14583274791478107 8.0
0.15342401917600884 9.0
0.21944701105459402 8.0
0.2455987430550456 9.0
0.2461532757093479 10.0
0.2532817852073091 9.0
0.2605927464245513 10.0
0.26883787844222895 11.0
0.2693429537846543 12.0
0.28514074361656344 11.0
0.3407429094887552 10.0
0.3544891247375709 11.0
0.3633848962665436 12.0
0.3830129568731064 13.0
0.3865125170791864 14.0
0.4007495940717914 15.0
0.4225049203168264 16.0
0.42861334428568276 17.0
0.43521482885543 18.0
0.45365286756613965 19.0
0.4556538239025728 18.0
0.4699302171094951 19.0
0.4735955760178568 20.0
0.4737287385577926 21.0
0.47375507148835483 22.0
0.5429463141444304 23.0
0.552319156301905 22.0
0.5797220375130231 21.0
0.6144845108851618 20.0
0.6236057763001005 21.0
0.668740259496601 22.0
0.6860021433801359 23.0
0.7416388535933167 22.0
0.7802767625875295 23.0
0.7995686616546359 24.0
0.8821093181136324 25.0
0.8822025747871814 24.0
0.8878812991358426 25.0
0.9157879932694389 26.0
0.9545510835952985 27.0
1.0230756670355212 26.0
1.032365708455988 27.0
1.0631399035287854 26.0
1.101972246888452 25.0
1.139140761107785 26.0
1.1463481788751737 25.0
1.2499471414282775 26.0
1.2958170642771611 25.0
1.3677674497575292 26.0
1.3732307046110421 27.0
1.384492915976803 26.0
1.424321941129309 25.0
1.4550007805227512 26.0
1.4789972876415745 27.0
1.4888381826286854 28.0
1.49235961153465 29.0
1.5033984483835092 30.0
1.5038022977982455 29.0
1.5430759261295317 30.0
1.6393494835020235 29.0
1.6428636023041332 30.0
1.6585840990705225 31.0
1.699919988283406 32.0
1.7119373429611984 33.0
1.8290184057948073 34.0
1.829994873554248 35.0
1.8315578931418925 36.0
1.8664458971538387 37.0
1.8673111391801809 38.0
1.8776684628378637 37.0
1.8923017685458887 38.0
1.9151917408448043 37.0
1.9438919494109168 38.0
2.003814927757545 37.0
2.0226506374023336 38.0
2.039107386474256 37.0
2.0459676477739883 38.0
2.0681909364539224 37.0
2.0827375317963774 38.0
2.100695871258926 37.0
2.1168312046520743 36.0
2.1312493668711228 35.0
2.1503640936515422 34.0
2.182718406315579 35.0
2.186670656802773 36.0
2.198475828656146 35.0
2.258542796224277 36.0
2.271994906630309 35.0
2.303487423549891 34.0
2.3127233885236396 33.0
2.3369291887645804 32.0
2.3375056055070744 33.0
2.369922207013477 32.0
2.3902727307583325 31.0
2.3957153221253935 30.0
2.407690888554446 29.0
2.4247490262015003 30.0
2.4728557094238535 31.0
2.5038045214539646 30.0
2.513446373045683 29.0
2.518212184667943 28.0
2.5207612185354686 27.0
2.5438682330899693 26.0
2.5774483162805955 27.0
2.581939578688364 28.0
2.613540044103512 27.0
2.7531732657669243 26.0
2.754264934258455 27.0
2.787083710355792 28.0
2.8024987027851473 29.0
2.8025816379983692 30.0
2.8063283145547153 29.0
2.809149530263489 30.0
2.8373528678648317 29.0
2.8676502053498716 30.0
2.9033236770590447 31.0
2.9111067238324746 32.0
2.933874044717092 33.0
2.950872980579477 32.0
2.975976017821142 31.0
2.999605432596109 30.0
3.006665616474809 31.0
3.0352188981459096 32.0
3.053134031539471 31.0
3.1118938723856515 30.0
3.1482086936297695 31.0
3.155816795347759 32.0
3.180571719909223 33.0
3.1842254765071667 32.0
3.2022525182331063 33.0
3.235367621109367 32.0
3.2667485904301543 31.0
3.283426912183947 32.0
3.2838057728688392 31.0
3.2960561501283365 30.0
3.3240164784390296 31.0
3.3358767317473488 30.0
3.370743654789027 31.0
3.404140223131058 30.0
3.4315501859763837 29.0
3.4353281750931584 30.0
3.452183706971482 31.0
3.4805838932509987 32.0
3.48337433105058 31.0
3.4837670207129676 32.0
3.49143695607266 31.0
3.529132361249269 30.0
3.5725082595472752 31.0
3.589491318391723 30.0
3.6054068348016015 31.0
3.636580639681502 32.0
3.6586787459366614 33.0
3.6617261716388096 34.0
3.7206739038540118 33.0
3.754977099815509 34.0
3.768620505524919 33.0
3.7737279608506595 34.0
3.777287972871074 33.0
3.810017212034179 34.0
3.829098616788905 35.0
3.834957668557812 34.0
3.9319495961735087 35.0
3.9347143985463826 36.0
3.9356695774795534 35.0
4.001468157915879 36.0
4.091722027598833 37.0
4.13419346973058 36.0
4.146655471263932 35.0
4.15037526993207 36.0
4.187686457045665 37.0
4.191565619955091 36.0
4.208116658207135 37.0
4.25878959778473 36.0
4.265474212565633 37.0
4.321430527654351 38.0
4.355252745357847 37.0
4.369362523556733 36.0
4.382444890410276 37.0
4.393120737377409 38.0
4.416109366289653 37.0
4.436582246442424 36.0
4.471928300480201 37.0
4.473366529488806 38.0
4.486176588120876 39.0
4.506366163109866 40.0
4.518216031949251 41.0
4.526557845193268 42.0
4.537875685799432 43.0
4.541926976934936 42.0
4.5926442296727545 41.0
4.620557003701357 42.0
4.62699727845749 43.0
4.651943950877647 42.0
4.6630999587844135 41.0
4.682208869624544 40.0
4.740093688244932 41.0
4.746354866587384 42.0
4.777291896901641 43.0
4.814219914175671 44.0
4.898491476212231 45.0
4.8994935655149705 44.0
4.940833357017306 43.0
4.94773914451296 42.0
5.017754769505044 41.0
5.0703510035933315 40.0
5.097797827355197 39.0
5.10703079356451 40.0
5.147311961623631 39.0
5.1716087197589795 38.0
5.201717437296701 39.0
5.230107057931316 40.0
5.322612797401227 39.0
5.336547960898242 38.0
5.34263792802946 39.0
5.378004759539403 38.0
5.44654329777219 37.0
5.464039456131945 36.0
5.469047983119085 35.0
5.480424729432043 36.0
5.572851030637248 35.0
5.582833957203701 36.0
5.621963140056525 37.0
5.632579070479848 38.0
5.695270738302058 39.0
5.725805980620699 38.0
5.73419758730202 39.0
5.743495035476161 40.0
5.78980252594536 39.0
5.830885615271041 38.0
5.83402193078323 37.0
5.876491271488849 36.0
5.942572787917247 35.0
5.954367614933812 36.0
5.970043914840431 37.0
5.996614139089364 36.0
6.003812326453112 37.0
6.022878626845335 38.0
6.04430444267554 39.0
6.087716065160547 38.0
6.13284136591869 37.0
6.1662845675242135 36.0
6.181342690144552 37.0
6.20386703227989 38.0
6.2204651313126815 37.0
6.226839997394648 36.0
6.228236060833106 35.0
6.261408781478895 34.0
6.268996719102588 35.0
6.300168426898118 36.0
6.334016459265669 35.0
6.362659362418446 34.0
6.3772085253970054 33.0
6.382608669614964 34.0
6.424490990689215 35.0
6.43183553397048 36.0
6.444102652675789 37.0
6.449359091600999 38.0
6.461890030127643 39.0
6.470684913511503 40.0
6.503067510506907 39.0
6.536772491732292 40.0
6.580072362775036 41.0
6.5871907809673536 40.0
6.620848938924553 41.0
6.622358503680541 42.0
6.64251655205544 41.0
6.66324799105806 42.0
6.714750741363937 41.0
6.737442385392461 40.0
6.738222482317033 39.0
6.753446697287071 38.0
6.78135803732323 39.0
6.823001059961387 40.0
6.8282137576969815 39.0
6.842655986279027 38.0
6.871267011692837 37.0
6.875962562467971 38.0
6.885734076250854 37.0
6.905836860674218 36.0
6.906763302017051 37.0
7.005113469428202 36.0
7.03609266301185 35.0
7.046264832643963 34.0
7.085351984104727 33.0
7.175573893461611 32.0
7.182480802837365 31.0
7.246611957823853 32.0
7.256374393233238 33.0
7.25881824279719 34.0
7.2848026234953 35.0
7.319402241031577 34.0
7.323063573630601 33.0
7.344982869042878 34.0
7.357493584194972 33.0
7.3990029577638605 32.0
7.400752526819045 33.0
7.416619587304221 32.0
7.421872829880251 31.0
7.437494086515027 30.0
7.471240507722955 29.0
7.579253039809391 28.0
7.608817548024276 29.0
7.615009297342678 30.0
7.646593665327151 31.0
7.665778026351594 32.0
7.733293192146976 33.0
7.78640826385505 34.0
7.805895917348899 33.0
7.81949783379867 34.0
7.82805346491083 33.0
7.833648202193989 32.0
7.882122457356201 31.0
7.882923818189029 30.0
7.895585672969872 29.0
7.932222150646576 28.0
7.941966808832413 27.0
7.962842114384001 28.0
7.969156276821377 29.0
8.017134539653371 30.0
8.05220485444533 31.0
8.07432407512764 30.0
8.113801255815524 29.0
8.121992930747485 28.0
8.163651785523642 27.0
8.174457906681171 26.0
8.234098655374414 25.0
8.269022255331489 24.0
8.278556004743466 25.0
8.292720944291766 24.0
8.308575467427467 25.0
8.316451411264616 26.0
8.375420961305718 25.0
8.421842198014195 26.0
8.431756198040013 27.0
8.43439011168435 26.0
8.450302248579225 27.0
8.460031760861884 28.0
8.492196308250918 29.0
8.557944857624529 28.0
8.615784680147494 29.0
8.616654837016172 28.0
8.670030934119717 29.0
8.672955523571648 28.0
8.706993981587342 29.0
8.722584981121278 28.0
8.728807391763178 27.0
8.762172710327489 28.0
8.763928474956828 27.0
8.783422102274592 26.0
8.787929468118342 25.0
8.801575102578447 24.0
8.816092364873391 23.0
8.908140440962583 22.0
8.941366874687324 21.0
8.97252460539668 22.0
8.973791976000141 21.0
8.984642189318624 20.0
8.992151133908262 21.0
9.019547913012236 22.0
9.019955436011047 23.0
9.02275064694677 22.0
9.05617600320447 21.0
9.057468174594437 22.0
9.087234115792215 23.0
9.0980574757469 22.0
9.100533806412855 23.0
9.146465064613764 24.0
9.19284216773689 25.0
9.194907274560903 26.0
9.19495785948402 27.0
9.228595622492564 26.0
9.272284717313388 27.0
9.312882765865613 26.0
9.315541583596985 27.0
9.315850401062438 26.0
9.334206437531597 25.0
9.362787708481015 26.0
9.363952669296511 25.0
9.3678867125274 26.0
9.370371070845396 27.0
9.437739989276738 26.0
9.440930360153452 27.0
9.482250264245575 28.0
9.49205414419644 27.0
9.508939041099033 28.0
9.509413827178896 27.0
9.512010099651791 26.0
9.512925655561746 25.0
9.517562653801418 24.0
9.540852953213935 23.0
9.553867641570271 24.0
9.556195405620375 23.0
9.594423464438371 22.0
9.595088885095036 23.0
9.686716469622514 22.0
9.696843046236966 23.0
9.721493835747413 22.0
9.721956785957392 21.0
9.722532217418545 22.0
9.744590753475942 21.0
9.748304530493044 22.0
9.800477928254429 21.0
9.823701112737462 22.0
9.825301901627894 21.0
9.833476433279756 22.0
9.84382698482181 23.0
9.885247765461786 24.0
9.890818954164859 25.0
9.923740303933485 26.0
9.946088263120709 27.0
10.016889831812898 28.0
10.017597730984855 29.0
10.022161655618318 30.0
10.027590087797972 31.0
10.076632484126897 32.0
10.123945513021331 33.0
10.135197852424595 32.0
10.13641310847877 31.0
10.14922873473952 30.0
10.159736132121425 29.0
10.174890029111642 28.0
10.212797340533232 27.0
10.310124408540144 26.0
10.324551044648258 25.0
10.32499832929873 24.0
10.335972347276423 25.0
10.344052561666723 26.0
10.349007612694209 25.0
10.37746651867317 24.0
10.389027066685205 25.0
10.421290461097302 26.0
10.455626863829943 25.0
10.462346876649285 26.0
10.500261750757984 27.0
10.544805947290033 28.0
10.555230898565608 29.0
10.575753603343061 30.0
10.655835534319202 29.0
10.68024143162525 28.0
10.692194496116755 27.0
10.699721462409203 26.0
10.795557439471082 27.0
10.798154789501153 26.0
10.809062563550517 25.0
10.80984283887335 26.0
10.907539620222948 27.0
10.908034931702002 26.0
10.922254028237287 25.0
10.940404842035733 26.0
10.970586651582513 27.0
10.996956772787227 28.0
11.006971651525493 27.0
11.143264591528666 28.0
11.169196071132477 27.0
11.1831142227206 26.0
11.192115164811717 25.0
11.19932148143501 24.0
11.211777229259232 23.0
11.215790692191774 22.0
11.221851378218764 23.0
11.23011236247128 24.0
11.235050200192662 23.0
11.268045485808516 22.0
11.268359293042291 21.0
11.2791951384727 22.0
11.306905153835379 23.0
11.328471416786979 22.0
11.40444338427116 23.0
11.411738188640047 22.0
11.427739680560832 23.0
11.445537594568293 24.0
11.47758030939922 25.0
11.4892731273176 24.0
11.544227796402065 23.0
11.559551811682667 24.0
11.638383787390847 23.0
11.656340680023057 24.0
11.720564082494063 25.0
11.727234372730445 24.0
11.79081595071264 25.0
11.823204915845679 26.0
11.855129500825546 25.0
11.890625658501303 24.0
11.908634015355624 25.0
11.924319997976287 24.0
11.947011219461219 23.0
11.998959439423068 22.0
12.021509973587428 23.0
12.183153710646891 22.0
12.208169069083842 23.0
12.230749688753669 24.0
12.247774205948945 23.0
12.302133080889641 22.0
12.317510044515169 21.0
12.323350827710408 22.0
12.32616096256049 23.0
12.353316250869993 22.0
12.372523702301228 21.0
12.42842375223828 20.0
12.53988471947335 19.0
12.551741993710475 18.0
12.55650779643182 17.0
12.573524281311911 16.0
12.58142102724716 17.0
12.604599761223005 18.0
12.6100295887464 17.0
12.638169877447844 16.0
12.648632007682998 17.0
12.684862331097845 18.0
12.720385780000496 17.0
12.770571637670237 18.0
12.814995053613053 19.0
12.82193240712483 20.0
12.878203315008632 19.0
12.886778306136753 18.0
12.949035890111208 19.0
12.961808076373389 18.0
13.001568287629798 19.0
13.007423456734525 20.0
13.016603291357205 21.0
13.036064132418181 22.0
13.077810724487673 23.0
13.08722317373324 24.0
13.099610059094848 25.0
13.116802667384263 24.0
13.146345472510164 25.0
13.170775431734192 24.0
13.17861676975587 23.0
13.188053765692786 22.0
13.216417838104489 23.0
13.23149587583666 22.0
13.275226699625726 23.0
13.281095099440574 24.0
13.291640251395659 23.0
13.303309517009989 22.0
13.354291388483833 23.0
13.385791181472669 24.0
13.392111329264344 23.0
13.3936561117632 22.0
13.398835367691659 23.0
13.461437947290875 22.0
13.512949091097642 23.0
13.534350080345613 24.0
13.59477909155948 25.0
13.66339896761138 26.0
13.69583752548937 25.0
13.71765813337019 24.0
13.741686632191339 25.0
13.745615584320115 24.0
13.788751936167102 25.0
13.79420498260591 26.0
13.795453969529897 27.0
13.859811980786791 26.0
13.87602660397333 25.0
13.911709210597472 26.0
13.917925996319664 27.0
13.945702278623331 28.0
13.955938511910414 29.0
13.998597496936519 28.0
14.023539016576683 27.0
14.04501316190603 26.0
14.056317102887885 27.0
14.085641243021957 26.0
14.106529928197626 27.0
14.117452344668942 28.0
14.165379229712485 29.0
14.209820892381309 30.0
14.24125772615507 29.0
14.285627532200637 28.0
14.29425717030888 29.0
14.318071238940135 28.0
14.353111160110043 29.0
14.35715020631639 28.0
14.403674287681481 27.0
14.41331885221311 28.0
14.43331330565333 29.0
14.436469011900137 28.0
14.473401813700649 27.0
14.49598341257277 26.0
14.498631048686526 27.0
14.530992116582132 26.0
14.593053336598217 25.0
14.60170673655997 24.0
14.6124364304351 25.0
14.672995842071787 26.0
14.681646367541058 27.0
14.746933391769053 28.0
14.76532298349356 29.0
14.776594210261077 28.0
14.778950121329416 27.0
14.817055190555857 26.0
14.841605147147288 25.0
14.86132150479858 24.0
14.965673996706249 23.0
14.98407770411958 22.0
14.996327951985004 21.0
15.013363519784006 22.0
15.027135118684285 23.0
15.028998587623535 22.0
15.047949474544241 23.0
15.048458838720057 24.0
15.13396603792731 23.0
15.173482421228744 24.0
15.177661895041922 25.0
15.19141207342971 26.0
15.218388120833865 25.0
15.21978744786383 24.0
15.219892889958588 25.0
15.23431475210401 24.0
15.296595987057243 25.0
15.327470156512275 24.0
15.35186611186938 23.0
15.38480944324501 22.0
15.398236996422417 23.0
15.419876939728598 24.0
15.420798396803313 23.0
15.463203574806926 22.0
15.476775166284597 23.0
15.483323593344831 22.0
15.4973360810521 23.0
15.539698706824545 22.0
15.552751282118008 21.0
15.57354286985367 22.0
15.582555701955348 23.0
15.583633625971721 24.0
15.609612279512861 25.0
15.617343905618416 24.0
15.683178346208594 25.0
15.692295025780234 24.0
15.861519354088118 25.0
15.937013139253803 24.0
15.938978536758052 23.0
15.959963021898437 24.0
15.986397580927104 25.0
16.00310203561589 24.0
16.073347313116066 25.0
16.088179621449456 24.0
16.09163311883361 23.0
16.1574636058666 22.0
16.158905983030436 21.0
16.1915969245264 20.0
16.25543554210962 21.0
16.283613173695443 22.0
16.304151701041945 21.0
16.305790334940326 22.0
16.44798284161148 21.0
16.468704893834975 20.0
16.520286218737713 19.0
16.530780508072525 18.0
16.596945630397837 17.0
16.6198704124705 16.0
16.62093464178542 17.0
16.63795232102977 18.0
16.67921076881135 17.0
16.68215959879012 16.0
16.756233849343303 15.0
16.809812415429356 14.0
16.81926676008705 15.0
16.85921049403574 14.0
16.913176314965124 15.0
16.93435860708155 16.0
16.958351209736968 15.0
17.0074656145344 14.0
17.06245190812292 13.0
17.080204068724015 12.0
17.122533216390135 13.0
17.198840264021495 14.0
17.212373083469192 15.0
17.248631245066534 14.0
17.29365865681913 13.0
17.373785570436336 14.0
17.38612594118792 13.0
17.491502618764116 12.0
17.55572600636326 13.0
17.586707714387835 12.0
17.675324664684076 13.0
17.698400492140504 12.0
17.74380088954267 11.0
17.956827693294425 10.0
17.970152242244634 11.0
18.012323945897194 12.0
18.01366318341682 13.0
18.086730041162674 12.0
18.097208001817 11.0
18.165574828417885 10.0
18.3840138529677 9.0
18.421684228923414 10.0
18.704120700168684 9.0
18.801642747209026 10.0
18.835650077859842 9.0
18.884504674152932 8.0
18.954065793579204 7.0
18.97467499323231 6.0
19.018888273022327 5.0
19.188882337638677 6.0
19.23606764160273 5.0
19.283451936958098 6.0
19.49985398025543 5.0
19.533254753769068 4.0
19.643950573217943 3.0
19.80926856207808 4.0
20.059257115627585 5.0
20.143836564725433 6.0
20.16043569871637 5.0
20.174294333833927 4.0
20.484354396023274 5.0
20.56583401886848 4.0
20.67897376379648 5.0
20.708822563083295 6.0
20.711976209505796 7.0
20.76942037379401 8.0
20.879777392385957 7.0
21.123013422028297 8.0
21.14320643401875 7.0
21.16859223665295 6.0
21.19592573258861 5.0
21.235610167307915 6.0
21.27016824871615 7.0
21.296606533899002 8.0
21.335362025432715 9.0
21.44582120949976 8.0
21.495647580880828 7.0
21.507805481195263 8.0
21.534064452243697 7.0
21.548547671484542 6.0
21.60220771877 7.0
21.66513532838051 6.0
21.76374202627576 5.0
21.803610272682892 6.0
21.875180988539185 7.0
21.933136860688453 6.0
22.191147754145774 5.0
22.241207700623956 6.0
22.252506803945455 5.0
22.400779192493175 6.0
22.433674378480376 7.0
22.494376501606954 6.0
22.531714876158844 7.0
22.566066131925385 6.0
22.622160745578533 7.0
22.749181313854443 8.0
22.779517544309567 7.0
22.82991176242167 6.0
22.93250677028536 7.0
22.952589556567528 8.0
23.04855666937199 7.0
23.110853563080532 6.0
23.121741757573233 7.0
23.27306848720537 8.0
23.46246382926364 7.0
23.464473109005265 6.0
23.705558236610646 7.0
23.98457481167107 6.0
23.98707568704658 5.0
24.10227889324459 6.0
24.146919180479507 5.0
24.63320585273622 4.0
24.78433311033206 5.0
24.906754866162483 4.0
24.979176219966945 3.0
25.098155250303233 2.0
25.405000258929608 3.0
25.424288029293553 2.0
25.47930321028753 1.0
25.641749125877944 0.0
26.245848513705774 1.0
26.688924209720593 0.0
26.699789837849156 1.0
27.366487427572682 2.0
27.37693590895638 3.0
27.40836030806136 4.0
27.49758866012761 3.0
27.813478745594605 4.0
27.84290144469869 5.0
27.917537330776003 4.0
28.028778573065022 3.0
28.6083599430117 2.0
28.64834403776467 3.0
28.858239249159308 4.0
28.886441966315214 5.0
28.964537861202977 6.0
29.107399567451083 7.0
29.250174811655768 8.0
29.2794498788519 7.0
29.41526404404653 8.0
29.45827455932792 9.0
29.47946263044754 8.0
29.490125329564712 9.0
29.5096616109376 10.0
29.70019001409439 9.0
29.76749872847843 8.0
30.087322200612423 9.0
30.27352437768682 10.0
30.408312131154354 9.0
30.50787790814508 10.0
30.69604642092943 11.0
30.711492776343878 10.0
30.827856596508038 9.0
30.896005070434498 8.0
30.910743511867274 7.0
30.9267220238824 8.0
30.932182983115883 7.0
31.002624680329973 8.0
31.041644936859196 9.0
31.152492460052795 8.0
31.17271367965403 7.0
31.21086561868192 6.0
31.214760876046007 5.0
31.219700833012237 6.0
31.428439173707226 5.0
31.485265610249378 6.0
31.495421059621265 5.0
31.574729351968212 4.0
31.579309081897478 5.0
31.590260024583085 4.0
31.63265610768207 5.0
31.855369242595234 4.0
32.094746372155775 3.0
32.438088820701694 2.0
32.628588615118424 3.0
32.81608661808054 4.0
32.87872617634364 3.0
32.92684142197878 2.0
33.13971773415857 3.0
33.246632486737056 4.0
33.36462214589312 5.0
33.48806798114473 6.0
33.769545902142006 5.0
33.866585112784804 4.0
33.961366333568805 3.0
33.97529557167613 4.0
34.01563523654724 3.0
34.09974223898023 4.0
34.2124495944652 3.0
34.351462550748735 4.0
34.383908639133836 3.0
34.4535665466847 4.0
34.61840679116189 5.0
34.758025457457485 6.0
34.85449695057437 7.0
35.347309760180345 8.0
35.44078194178483 7.0
35.492469463887275 8.0
35.636449121488496 9.0
35.70413957532817 10.0
35.74565360036795 11.0
35.96156029747496 10.0
35.985154597051206 9.0
35.99048228364156 8.0
36.01300839929389 7.0
36.087140772521124 6.0
36.18555906063122 5.0
36.42171809518097 4.0
36.55736906070146 3.0
36.57478726751554 4.0
36.65776277765833 5.0
36.71705597106438 6.0
36.7436462672637 5.0
36.77323927237253 4.0
36.91120547463878 3.0
36.93706298999113 2.0
37.20530730069708 3.0
37.23087260672176 4.0
37.27551602990441 5.0
37.48344000113771 4.0
37.60204985473445 5.0
37.644036760258075 4.0
37.67354421362306 5.0
37.765933887912084 4.0
37.84332510331005 3.0
37.84460550232041 4.0
37.937181351225135 5.0
37.97258922040768 6.0
38.069157181348 5.0
38.186681079580985 4.0
38.22603412427028 5.0
38.60077924328147 6.0
38.67810189134998 5.0
38.80032651310706 6.0
38.867480128090484 7.0
38.89019611010958 6.0
38.909582156900974 7.0
39.00629608121616 8.0
39.017233766194806 9.0
39.03602952185052 8.0
39.17051708132695 7.0
39.30227252262551 8.0
39.43541108865116 7.0
39.457008759378546 6.0
39.479325912115186 5.0
39.50851614790867 4.0
39.511642370539676 3.0
39.56421493453388 2.0
39.6244355933897 3.0
39.773134130181255 4.0
39.91866096679959 5.0
40.065680256197076 6.0
40.07798489214389 7.0
40.0997269958186 6.0
40.599929658570055 5.0
40.81073961923394 6.0
41.05517750622519 5.0
41.13534220187086 6.0
41.137229289071854 5.0
41.14375716756765 4.0
41.427287824780855 3.0
41.526137159842726 4.0
41.68436336270125 3.0
41.77451995559126 4.0
41.832645319209426 3.0
42.0598739428554 4.0
42.167255576058146 5.0
42.18237926025999 4.0
42.31245145389353 5.0
42.358045782942696 4.0
42.46913301286657 3.0
42.56139873191775 2.0
42.794246789523406 3.0
43.06579178725837 4.0
43.093023999484124 5.0
43.11769741247286 4.0
43.33470352479371 5.0
43.362845527590714 6.0
43.61003466513546 5.0
43.69424841652283 4.0
43.796407849352086 5.0
44.10931390598037 6.0
44.1365175437829 5.0
44.15663029665563 6.0
44.260324652023954 5.0
44.32776043929065 4.0
44.33712042410242 5.0
44.404941249537494 6.0
44.53371218760392 5.0
44.55226039747644 4.0
44.70497544596635 5.0
44.722764923708745 6.0
44.75436073835145 5.0
45.10074753421649 4.0
45.11305102893059 5.0
45.143207558049326 6.0
45.26769407543373 7.0
45.274700249995895 6.0
45.58262390147879 7.0
45.64074055055702 6.0
45.67325368084577 7.0
45.69777131517453 6.0
45.69871858917156 5.0
45.78283571639011 4.0
45.78430290000726 3.0
45.90435880431571 4.0
45.9483504763204 5.0
46.01633940158442 4.0
46.427966484341134 3.0
46.4319711227458 2.0
46.5574332211094 3.0
46.731494136122265 4.0
46.83664819516896 5.0
46.83822055126928 6.0
46.96664720379811 7.0
46.97954742733446 6.0
47.046097452857666 5.0
47.14747617046439 4.0
47.172764640586834 5.0
47.18901881413749 4.0
47.203833959852616 5.0
47.265417514164355 4.0
47.271964026836 5.0
47.50921615799365 6.0
47.57094422451839 5.0
47.622932830121016 6.0
47.68137659483521 5.0
47.79558844758669 6.0
47.8556814757148 7.0
47.87777151230192 8.0
47.891317259430494 7.0
47.98792342514091 6.0
48.213525109635874 7.0
48.2715902675182 8.0
48.30118327261444 7.0
48.346581005761486 6.0
48.45859034869629 7.0
48.6742912732708 8.0
48.71415551663352 9.0
48.7530033095947 8.0
48.90656619632899 7.0
48.90898259963242 6.0
48.95144045547678 7.0
48.95477594931153 6.0
48.989440308556716 7.0
49.011115138798765 6.0
49.040181683148894 7.0
49.05155853364125 6.0
49.113401992283514 5.0
49.26129914469957 4.0
49.465388168008744 3.0
49.476166416667375 4.0
49.51097355916969 5.0
49.54505356590561 6.0
49.65003148411798 7.0
49.65353466513543 8.0
49.73487280517456 9.0
49.79121137025398 8.0
49.824754218640024 7.0
49.85537413175377 6.0
49.86596455469626 7.0
50.11196259002179 6.0
50.1456692092509 5.0
50.305766543738656 6.0
50.407921609252334 5.0
50.448466564297945 4.0
50.60432726008848 3.0
50.742028423618194 2.0
50.752930541854056 3.0
50.94989011287393 2.0
51.00435832076712 3.0
51.2903243968553 2.0
51.30847672832342 3.0
51.5388960873668 4.0
51.597264400862514 3.0
51.80523355939259 4.0
52.149413222280174 5.0
52.26851922355667 6.0
52.59002255842036 5.0
52.701652590907926 6.0
53.02281966920175 5.0
53.033627191493366 4.0
53.12270704207224 5.0
53.367636357316066 6.0
53.54324513166507 5.0
53.56177138681469 4.0
53.91732959036218 5.0
54.06645297296434 4.0
54.2019644349293 3.0
54.25308847787572 2.0
54.29515913157981 3.0
54.529318809222566 4.0
54.54889020426311 5.0
54.72354344828579 6.0
54.78737326767047 5.0
54.86221743479764 6.0
54.98129877617188 5.0
55.02662650673051 4.0
55.06742838924346 5.0
55.30621931298529 4.0
55.32026042113878 5.0
55.454370390244584 4.0
55.525834145753 5.0
55.73663075995026 6.0
55.82456829240243 5.0
55.8515661103037 6.0
55.98544245552277 7.0
55.992938733322646 8.0
56.01485950969703 7.0
56.053010854629086 8.0
56.14638246988895 9.0
56.16470691889081 10.0
56.20237614934948 9.0
56.50596253066128 10.0
56.519009089093416 11.0
56.5513490669501 10.0
56.557098675601544 9.0
56.63689555955047 8.0
56.64604259882903 7.0
56.68915211473657 6.0
56.829510803350985 7.0
57.064871580193596 6.0
57.0657244154155 7.0
57.30530908790287 6.0
57.36845700076842 7.0
57.38265482041197 6.0
57.40252601702821 7.0
57.73678529717394 8.0
57.80156343238928 7.0
57.852265050764416 6.0
57.924321802059545 5.0
58.0147085026749 4.0
58.19054551244986 3.0
58.34095182787117 4.0
58.35563611983358 3.0
58.36074199214542 2.0
58.44282360353273 3.0
58.46739335274348 2.0
58.55359374507767 3.0
58.6304931157232 4.0
58.68445026402274 5.0
58.965546756689946 4.0
59.01510103078344 5.0
59.05637881380979 4.0
59.267887024863285 5.0
59.590863564375766 6.0
59.700084236568635 7.0
59.765518045704795 6.0
59.8569144989763 5.0
59.9493813933945 4.0
60.2582864687328 3.0
60.34493230874251 4.0
60.53283619302427 5.0
60.634241987355814 6.0
60.65786576812381 5.0
60.676656723893764 6.0
60.80294590783885 7.0
61.17801468071386 8.0
61.27907363417162 9.0
61.39013090892005 8.0
61.42376570173129 9.0
61.43865610429921 8.0
61.72256310300494 7.0
61.78122863860847 6.0
61.81262700931075 7.0
61.85810094519682 6.0
61.90427166557737 5.0
61.9837022032626 6.0
62.07240278423581 7.0
62.15766512989251 6.0
62.39938488819775 5.0
62.52729420318975 4.0
62.626655172635566 3.0
62.80605526201729 2.0
62.89282626443351 1.0
62.953397588618785 2.0
62.989760937729635 3.0
63.083831548416185 4.0
63.109414051036616 5.0
63.16639367003838 6.0
63.24509244183923 5.0
63.54391550446719 4.0
63.54393165827599 5.0
63.65807541182695 4.0
63.72478088281637 5.0
63.7882683952923 6.0
63.86608548603826 5.0
64.10629121305782 4.0
64.2813736302075 3.0
64.60766616496547 4.0
64.68248737095635 3.0
64.82070813044099 2.0
64.89803293445738 1.0
64.9728376726939 2.0
65.10661736478195 1.0
65.12743227196688 2.0
65.344464854455 1.0
65.75243757502798 2.0
65.7618421340467 3.0
65.76875892343527 4.0
65.81686239214318 3.0
65.88244214653537 2.0
65.98973880429456 3.0
66.41523860143704 4.0
66.48619009415063 3.0
66.61348213191653 2.0
66.66362551652622 3.0
66.69053110691225 2.0
66.95945670698725 3.0
66.96144098837271 4.0
67.07625209359236 3.0
67.09414719451762 4.0
67.10281541484295 3.0
67.26381850714824 2.0
67.2967210161237 1.0
67.41509679234753 2.0
67.86400885572823 3.0
67.95729207935572 2.0
68.0025272863202 3.0
68.0313763884632 2.0
68.04458287326122 3.0
68.70905886162114 4.0
68.80824857211377 5.0
68.93167044195883 4.0
69.03627775678896 3.0
69.12476603201625 4.0
69.23204369994498 5.0
69.28539779375036 4.0
69.37625562302463 3.0
69.39389819860277 4.0
69.7389923716034 5.0
69.92261748930565 4.0
70.00403154352703 5.0
70.02846540420529 4.0
70.1957880249782 5.0
70.27603929747578 4.0
70.34659977164834 3.0
70.59128714364012 2.0