0.0 0.0
0.033556398652677906 1.0
0.04179830556923969 2.0
0.06640238683826709 3.0
0.08527927153121317 4.0
0.10636494232941505 5.0
0.12498360502353399 6.0
0.1446823023640148 5.0
0.1492641682111619 6.0
0.1599894187297299 5.0
0.17485741404038724 6.0
0.20420634118083184 7.0
0.21024553422914996 8.0
0.2622822960571626 7.0
0.3568394359435355 8.0
0.40641731972559925 9.0
0.4268236790080484 10.0
0.44243436702917033 9.0
0.4625173665591784 8.0
0.5078187342844506 7.0
0.5097118660494335 8.0
0.5406841402158378 9.0
0.5627422377507819 8.0
0.5800753910794911 9.0
0.6077430005798655 10.0
0.631562463304255 11.0
0.6506771983340099 12.0
0.6670217099794422 13.0
0.6710120813059117 14.0
0.678929981948427 15.0
0.6987908025782525 16.0
0.7265422106760855 17.0
0.7492275436826854 18.0
0.7504231428083933 17.0
0.7928895451284854 18.0
0.848321352372481 17.0
0.8683245532152093 18.0
0.9183564431557824 19.0
0.9632272146604739 20.0
1.0231243995903643 21.0
1.0285731937900853 20.0
1.0808770247713535 19.0
1.1057753102024754 20.0
1.116214626981951 21.0
1.1181844696828764 20.0
1.122697225041136 21.0
1.1712656200358305 22.0
1.1766210228458749 23.0
1.2343079421957264 24.0
1.2764910457079726 25.0
1.2892135201212274 26.0
1.2978744061762997 27.0
1.308423992027277 26.0
1.3120039944282753 27.0
1.339184117846487 28.0
1.3536447218258287 27.0
1.392723512612478 28.0
1.4894211982403407 29.0
1.5334590545710554 30.0
1.5447343322360403 31.0
1.5458840831221345 32.0
1.5615103371927415 33.0
1.6178208644458307 32.0
1.66888901640438 33.0
1.7174153079469496 32.0
1.7383818087705623 31.0
1.8133411624075266 30.0
1.8246380198453909 29.0
1.8306137627699324 30.0
1.8407938973986635 31.0
1.8484656459232922 30.0
1.9502088088330019 29.0
1.9789663458120308 28.0
2.01014590902366 27.0
2.104381684546498 28.0
2.1065188241549397 27.0
2.1226930553053736 26.0
2.1296918686123187 27.0
2.1625513824632616 26.0
2.1743075177283866 25.0
2.1743513584169816 24.0
2.3554463844313998 23.0
2.3565757728353582 22.0
2.3653073124052186 23.0
2.365451615515719 24.0
2.404911855133098 23.0
2.5091742434232 24.0
2.5394285846842903 25.0
2.5402699730751683 24.0
2.546230040332378 25.0
2.580103576758198 26.0
2.5833902023965494 25.0
2.591079537394004 24.0
2.601619679576289 25.0
2.6054061303951332 24.0
2.698920229350709 23.0
2.708066193153998 24.0
2.755050805428545 25.0
2.7720296793654158 24.0
2.773128475045439 25.0
2.786124447431164 26.0
2.7903107642454708 25.0
2.7973753156490266 26.0
2.801590892540951 25.0
2.8132167735008573 24.0
2.843564916711193 23.0
2.9170285022576277 24.0
2.922255006442589 25.0
2.923278935913898 26.0
2.9263163171689284 25.0
2.9279291215003376 24.0
2.940432390579406 25.0
2.9541869212933967 24.0
2.9582399051850197 23.0
2.9622187922257726 24.0
3.0237731622383985 25.0
3.024494762280912 24.0
3.069496311755002 25.0
3.073429784368461 24.0
3.166335160096891 25.0
3.1743095520245475 26.0
3.179648430006907 25.0
3.191195509523123 24.0
3.1944802226610007 23.0
3.2337739945732875 22.0
3.2493253487284837 23.0
3.270152858004969 24.0
3.277535722726317 25.0
3.2922735347310064 26.0
3.298772210630847 25.0
3.2997758329668563 24.0
3.334435910004725 23.0
3.42964586443451 24.0
3.5197670181399627 23.0
3.5228159789977003 22.0
3.547556702462453 23.0
3.568841123054654 22.0
3.5999481239657167 23.0
3.621467507092434 22.0
3.6485303984165633 23.0
3.6539044764068422 24.0
3.657433698253764 23.0
3.682712876671016 24.0
3.718755899695639 25.0
3.804490282364972 24.0
3.8283530309120666 25.0
3.857826410714747 24.0
3.8608928420745716 23.0
3.871783470545845 22.0
3.8998419487988922 21.0
3.9000499719024826 20.0
3.9038900994949484 21.0
3.9316710566249125 20.0
3.9544493077766036 19.0
4.047013488717425 20.0
4.078764668262491 21.0
4.0843214262292244 22.0
4.094011858412298 23.0
4.168595065276394 24.0
4.191473271820168 23.0
4.194507094951156 24.0
4.196604500227316 23.0
4.20541556609024 22.0
4.212386162250575 23.0
4.31567041815324 24.0
4.325574012279103 25.0
4.3300897887391265 24.0
4.390957377080391 23.0
4.466903396515204 24.0
4.467923513771042 23.0
4.4893632950425815 24.0
4.527604279101588 25.0
4.5665263050217355 24.0
4.580623190151916 23.0
4.585206088609331 22.0
4.654804089528085 21.0
4.6575153711450685 20.0
4.680785349021029 21.0
4.681664756111044 20.0
4.692637621380695 19.0
4.7717263604674285 20.0
4.782331899349167 21.0
4.8879753423608845 20.0
4.913082392074462 19.0
4.970992825518444 20.0
4.9787699125958165 21.0
4.980174914742918 20.0
5.016224900296568 21.0
5.051433500973392 22.0
5.0516001965128 23.0
5.122385510263949 24.0
5.125753853320879 25.0
5.165231430879543 26.0
5.180921341864753 25.0
5.215088663682642 24.0
5.219555544784645 25.0
5.239220178747804 26.0
5.243068708096496 27.0
5.267817720666099 26.0
5.286004248956537 25.0
5.323765278022959 26.0
5.326757191469714 25.0
5.3396350066708225 24.0
5.3720396526212495 23.0
5.381070407150923 22.0
5.394804219073689 21.0
5.439145377929808 22.0
5.524159806626575 23.0
5.558217433104496 22.0
5.599702350702146 23.0
5.606061300997188 22.0
5.683281138346556 23.0
5.685300877868254 24.0
5.689559458531492 25.0
5.751600142110657 26.0
5.846489620895371 25.0
5.853025121458584 24.0
5.923839695457024 23.0
5.933592866746127 24.0
5.942732886469269 25.0
5.949562807911185 26.0
5.9919811034792065 25.0
6.039750079432775 24.0
6.100506368218674 25.0
6.109650522418482 26.0
6.126834762869502 27.0
6.189089612498133 26.0
6.199510402014954 27.0
6.2471375020579645 26.0
6.2628669249672315 25.0
6.291467002023443 24.0
6.299575621995317 23.0
6.332354577447156 24.0
6.373687894320898 23.0
6.381632557033406 24.0
6.479003070269219 23.0
6.555587710008962 22.0
6.571507712120941 21.0
6.62518753786835 22.0
6.68978597263636 21.0
6.696748512987867 20.0
6.740144325970226 21.0
6.7650108957011845 22.0
6.812366932360468 21.0
6.81376632511583 22.0
6.817949287566292 21.0
6.820977317521473 22.0
6.84220084806493 21.0
6.855574494795207 22.0
6.880333153565317 21.0
6.91056831801088 22.0
7.0229547123381915 23.0
7.028817300348584 24.0
7.045250844310403 23.0
7.079200699577784 24.0
7.084323842832182 23.0
7.088255202895536 22.0
7.089488908241764 21.0
7.103236816057939 22.0
7.112471551688691 21.0
7.124315441371598 22.0
7.156109691778646 23.0
7.1791700406204955 24.0
7.180385012208044 23.0
7.182583235669378 24.0
7.18349468432202 25.0
7.188126282019769 24.0
7.188308349294526 23.0
7.2131877649840455 22.0
7.22157947258221 23.0
7.295601287025883 22.0
7.310847252423813 21.0
7.339408826242951 22.0
7.370536138875559 21.0
7.375227954270298 22.0
7.433131040953592 23.0
7.448426546552539 22.0
7.476164930014049 23.0
7.49651846480092 24.0
7.543156953733612 25.0
7.580062639186832 26.0
7.582994433213904 25.0
7.597912226010163 24.0
7.627488511675864 25.0
7.6821684782925965 26.0
7.682306507972181 27.0
7.699837787738281 26.0
7.703084002073672 25.0
7.715662709458943 26.0
7.725831938178839 25.0
7.7746847454061 26.0
7.8538946538372 27.0
7.893330984678363 28.0
7.908727419678941 27.0
7.939521364749111 26.0
7.944906126848729 25.0
7.987250789072939 24.0
8.005774352242838 23.0
8.06383057065787 24.0
8.092643871222363 25.0
8.140990638772395 24.0
8.161701928506274 25.0
8.239800715504998 26.0
8.24927984320421 27.0
8.272409350743803 28.0
8.290460223497533 27.0
8.306124075255092 26.0
8.330404071408303 25.0
8.413053994814573 26.0
8.451098885850026 25.0
8.47669517165766 26.0
8.478324943861956 27.0
8.484182616788104 28.0
8.516730984960155 27.0
8.52035117243798 26.0
8.563858057412883 25.0
8.569013664795666 26.0
8.573883945419063 25.0
8.619233204816865 24.0
8.627117078726865 25.0
8.653903255202595 24.0
8.657046506054934 25.0
8.7177050512754 26.0
8.822853775089161 27.0
8.889786934517204 26.0
8.92837154982452 27.0
8.939282225954877 26.0
9.048741577490073 27.0
9.058427011440164 28.0
9.114720773595883 27.0
9.115865318586787 26.0
9.1471434762054 25.0
9.232608882864364 24.0
9.244061206252848 23.0
9.24828889512006 22.0
9.319462041491933 21.0
9.3254719829138 22.0
9.366405418448085 21.0
9.387573475777431 20.0
9.40631963984889 19.0
9.436067571288886 20.0
9.516285505589897 21.0
9.531681443908184 22.0
9.581350992455267 21.0
9.592552855674928 20.0
9.610755177126368 21.0
9.648362317835131 22.0
9.651906136125996 23.0
9.703840814389368 22.0
9.753899447307997 23.0
9.763852122448503 22.0
9.764592814316348 21.0
9.770757721872059 20.0
9.799047011100653 21.0
9.813258834267899 20.0
9.830413078208874 19.0
9.949107031423146 20.0
10.010603271899972 21.0
10.012226275978028 20.0
10.024514660531946 19.0
10.065796187490744 18.0
10.091168746365936 19.0
10.09604174080472 18.0
10.109770505051555 19.0
10.112738413041528 20.0
10.160020768690076 19.0
10.165518354540183 20.0
10.243766994770533 21.0
10.25957638926044 20.0
10.265964790664636 21.0
10.273156055138205 20.0
10.316835405354498 21.0
10.369733552468908 22.0
10.3946754881776 23.0
10.427480016099873 24.0
10.445583682266658 25.0
10.45933556467955 26.0
10.46094937147106 25.0
10.484715098449161 24.0
10.488731853787842 23.0
10.502308253365937 24.0
10.535479793684795 25.0
10.550097280746773 24.0
10.562427703179493 25.0
10.564606702781987 26.0
10.61945094235048 25.0
10.6296525330829 24.0
10.640209217226008 23.0
10.657119451034129 22.0
10.690977087098773 23.0
10.712308094731142 22.0
10.72086048889387 21.0
10.722285842984393 22.0
10.732364560519509 21.0
10.760883493114124 20.0
10.764010423572863 21.0
10.769867902756092 20.0
10.79540850112374 21.0
10.798291528831536 20.0
10.828565086493214 21.0
10.880231869651082 22.0
10.880446906656132 23.0
10.956897772657829 24.0
11.005264824408616 23.0
11.010117696747981 22.0
11.025752689891126 23.0
11.06764641543033 22.0
11.102557849750676 23.0
11.11270638536762 22.0
11.230152331083959 21.0
11.243518923076325 20.0
11.26935968498581 19.0
11.273505248219262 20.0
11.309297856309216 21.0
11.329555686154375 20.0
11.332546789235476 19.0
11.408039305936628 20.0
11.412314875847933 21.0
11.451791266991155 22.0
11.522738865996793 21.0
11.525836968413795 22.0
11.532705392604598 21.0
11.556766313664179 22.0
11.566080196709159 23.0
11.59806000285156 24.0
11.61018801364157 23.0
11.658199671775037 24.0
11.691528016357996 23.0
11.797302612310187 22.0
11.810258240471393 21.0
11.823914261474476 20.0
11.853642693671645 21.0
11.889766497589957 22.0
11.911229908285195 23.0
11.952533090819758 24.0
11.97908322350604 23.0
12.002942865329716 24.0
12.007878340379653 25.0
12.047289966326234 26.0
12.05121398002171 25.0
12.090377869173265 24.0
12.101247080166145 23.0
12.114016776930685 24.0
12.117839746977669 23.0
12.128124984529403 24.0
12.163600583051727 25.0
12.269990897892324 26.0
12.30062830492187 27.0
12.306633847419064 26.0
12.342942687903394 27.0
12.345941737613652 26.0
12.371610277457624 27.0
12.375121301145874 28.0
12.380729135694612 27.0
12.389140656801032 28.0
12.393563984586471 29.0
12.480535693164118 28.0
12.493823141215689 29.0
12.494038230899287 30.0
12.496856123550202 31.0
12.500130898451856 30.0
12.514983278097464 31.0
12.644519649957944 30.0
12.652927213113342 29.0
12.656595717330285 28.0
12.699500370560047 29.0
12.72304851773181 28.0
12.737340637296459 29.0
12.754275588814195 28.0
12.836686752050484 29.0
12.851838598909222 28.0
12.887499405403563 27.0
12.892107452431828 26.0
12.89675207258838 25.0
12.902964362252154 24.0
12.93170711055287 23.0
13.035379343168776 24.0
13.082313789523925 25.0
13.08555534475737 24.0
13.10299323567082 23.0
13.103884225652727 22.0
13.112114890925254 23.0
13.181608408388673 22.0
13.185814724022686 21.0
13.18724196556112 20.0
13.20973916967975 19.0
13.265609005777122 20.0
13.27335336968332 21.0
13.352445625023686 22.0
13.399203264381395 23.0
13.41946880184826 22.0
13.478816344200839 21.0
13.482595519514813 20.0
13.485611661763135 21.0
13.498641344839085 22.0
13.502173984715315 21.0
13.559089914114915 22.0
13.637309795238615 23.0
13.704796476281635 24.0
13.710017382821736 23.0
13.733297549461845 22.0
13.8135228016564 21.0
13.823955556399346 22.0
13.83847658972246 23.0
13.874834912691636 22.0
13.879099724528297 23.0
13.881117989574356 22.0
13.973052043959823 21.0
13.977633064129858 22.0
13.978618155471322 21.0
13.986825092223459 22.0
14.006298661700681 23.0
14.022514608637238 22.0
14.033975944766187 23.0
14.035648068069495 22.0
14.048070733749707 23.0
14.112160724923461 24.0
14.11426381802011 23.0
14.20989344469854 22.0
14.215302078687278 21.0
14.23576173687024 22.0
14.251213189119108 23.0
14.282141171033691 24.0
14.322201358846268 25.0
14.342401589346695 26.0
14.361959002321495 25.0
14.382586229870086 24.0
14.41905793126774 25.0
14.445594589035679 24.0
14.512999872788937 25.0
14.51868749494198 26.0
14.524948344928228 27.0
14.529043480156727 26.0
14.581617645864792 27.0
14.626022283393244 26.0
14.65178329738984 25.0
14.672425722533996 24.0
14.673773132647117 25.0
14.709212076430907 24.0
14.72060441197638 23.0
14.765424609815653 24.0
14.814742635070859 23.0
14.861130110495198 22.0
14.922346055594401 21.0
14.929840740350844 22.0
14.931409816189342 21.0
14.963811815843519 22.0
14.990724800973352 23.0
14.994293743539114 22.0
15.035907041631523 21.0
15.052431441137598 22.0
15.061980751634039 23.0
15.076839679636869 24.0
15.130575908461767 23.0
15.187804711453175 22.0
15.191635920106854 21.0
15.227225491837842 22.0
15.275690710823762 21.0
15.394013804159473 22.0
15.473539096166968 23.0
15.5260281178779 24.0
15.57807560237306 25.0
15.60265966136167 26.0
15.62629493292977 25.0
15.682508698562243 26.0
15.697463872904507 27.0
15.69811541019757 26.0
15.733030894715691 27.0
15.74923215655693 26.0
15.757609315382481 27.0
15.77457138463271 28.0
15.85059066772348 27.0
15.906492464372656 28.0
15.930858946881422 27.0
15.938597764773911 28.0
15.951297769064194 27.0
15.95414105770968 28.0
15.974141090508747 27.0
15.983783339718045 26.0
15.995828958652107 27.0
16.02613988199187 26.0
16.04674685306915 25.0
16.066987709854505 26.0
16.072688893800986 25.0
16.07887916377552 26.0
16.08221649588473 25.0
16.107792585942207 26.0
16.1321152281205 25.0
16.137995826587158 26.0
16.314935850751734 27.0
16.384311988030028 26.0
16.404589256723757 25.0
16.48528975528277 26.0
16.516062626085827 27.0
16.520637459201044 28.0
16.55424882552435 29.0
16.640138248033317 28.0
16.767080835213932 29.0
16.76775634033098 28.0
16.799410125095864 29.0
16.80756862055995 30.0
16.818438579611072 31.0
16.824329814056977 32.0
16.839445736707027 31.0
16.849606182359434 30.0
16.85384559678035 29.0
16.85765653094066 28.0
16.90686415316089 27.0
16.93254317434178 26.0
16.943732843558767 25.0
16.980034693008356 26.0
17.005634949717056 25.0
17.116493378474235 26.0
17.137836649785836 25.0
17.17773983090907 26.0
17.18673357687373 25.0
17.20019982380259 24.0
17.20522573672857 25.0
17.223069074814035 24.0
17.240493158167453 23.0
17.255509906577817 24.0
17.262131247590126 23.0
17.264530666660324 24.0
17.29341363751731 23.0
17.29938764234107 24.0
17.32636420120233 25.0
17.373758793156494 24.0
17.43284954793632 25.0
17.437136586062017 24.0
17.43870594558774 23.0
17.47280906387872 24.0
17.491978146277553 23.0
17.523424553252333 22.0
17.541050253780202 23.0
17.559476858998355 22.0
17.574975780058303 21.0
17.578466491584404 22.0
17.592471954916498 23.0
17.598547207148318 24.0
17.65876993148276 23.0
17.666303740564818 22.0
17.673794711324394 21.0
17.681401467738358 22.0
17.70287786780259 21.0
17.706153935668855 20.0
17.772512375947738 19.0
17.776780852173392 18.0
17.785861345583438 17.0
17.798180924067157 18.0
17.812781801945064 19.0
17.8199181270503 18.0
17.8327871021224 17.0
17.900901248216105 18.0
17.91509630530661 19.0
17.98490091356376 20.0
18.001998731570048 19.0
18.047609202084242 18.0
18.08717333895872 17.0
18.10133871962378 16.0
18.14809070253562 17.0
18.18608239633752 16.0
18.224106274218364 17.0
18.279991527058133 18.0
18.321372048844065 17.0
18.333171933879264 18.0
18.33816284051042 17.0
18.360924538870293 16.0
18.36617148505539 15.0
18.38075260426709 16.0
18.41920415261896 17.0
18.430960766979737 18.0
18.44382290144819 17.0
18.46147254298164 18.0
18.483889141304115 19.0
18.50441208006285 20.0
18.50497972337168 21.0
18.53590544503821 20.0
18.542240820715527 21.0
18.545189162433765 22.0
18.592819149872547 23.0
18.61469554626843 22.0
18.622782924783618 21.0
18.673567250807046 22.0
18.711122752546355 23.0
18.722919907933747 22.0
18.771307127050115 23.0
18.793383146517005 24.0
18.821305211116965 23.0
18.927648193445926 24.0
18.950025682333276 23.0
18.983491323420864 22.0
18.987656758564178 23.0
19.01885751355037 22.0
19.031583464366005 21.0
19.04097088681624 20.0
19.048377334181993 19.0
19.11373508461804 20.0
19.14184330660565 19.0
19.153428080788157 18.0
19.22405057003623 19.0
19.235863955922476 20.0
19.266875401615053 21.0
19.297500511710098 20.0
19.355239558369256 21.0
19.39221315804468 22.0
19.427879327626087 21.0
19.460188755759052 20.0
19.46340315139977 19.0
19.515733879359672 20.0
19.57745426905404 21.0
19.596897684847495 20.0
19.650985460964073 19.0
19.660466366636953 20.0
19.686020375488816 21.0
19.702083991189937 20.0
19.71170409155077 21.0
19.727990296004812 22.0
19.751233789729728 23.0
19.795078146809505 24.0
19.841279323327324 23.0
19.909976509538666 24.0
19.92087805815001 25.0
19.937026770251112 24.0
20.02383086750487 23.0
20.040898049687925 22.0
20.129696092558287 21.0
20.1637116303357 22.0
20.17229629024729 21.0
20.283625218895402 22.0
20.296239235478478 21.0
20.314426033929816 20.0
20.3354853288131 19.0
20.344291760403827 20.0
20.352436580464477 21.0
20.37153688871301 20.0
20.38058869696581 21.0
20.399126218913878 20.0
20.45564952979185 19.0
20.46819274941314 20.0
20.4923034480654 19.0
20.51381743425859 18.0
20.59206985118315 19.0
20.625640576348818 20.0
20.636482453765463 21.0
20.63713753606595 22.0
20.65255195434224 23.0
20.66940418620608 24.0
20.699755567407454 25.0
20.703648209487913 26.0
20.705964937137008 27.0
20.713872466491203 26.0
20.721063976001286 27.0
20.77238796043909 28.0
20.83099145033392 29.0
20.84505965424425 28.0
20.85792078133695 27.0
20.86875529588691 28.0
20.917386374889123 29.0
20.975770846673957 28.0
20.99253697155366 29.0
21.00162647350203 28.0
21.03417859802955 29.0
21.04892404525046 30.0
21.048942544211343 29.0
21.082862310084803 28.0
21.118875991552468 27.0
21.13564110783459 26.0
21.14545240788695 25.0
21.15350999760002 24.0
21.16482861789652 23.0
21.20014182118889 22.0
21.218864414033643 23.0
21.22886754706939 24.0
21.24122610141707 23.0
21.267847656581928 24.0
21.293146091800516 23.0
21.29987484135624 22.0
21.309292925507137 21.0
21.333171635628187 22.0
21.38823877871806 21.0
21.408611738520808 22.0
21.44648524892756 23.0
21.45636526013129 22.0
21.463087531636734 23.0
21.464672005797777 22.0
21.55010051357685 23.0
21.562447783744638 24.0
21.739604068357348 25.0
21.74449852402307 26.0
21.74485828688547 27.0
21.769757713716707 26.0
21.771662230933632 25.0
21.792817129234642 24.0
21.80096710201898 23.0
21.81182490928208 22.0
21.945421125244426 23.0
21.955761694121747 22.0
22.030769814513388 21.0
22.0454040457946 22.0
22.148773749732978 21.0
22.175129154645205 22.0
22.17988070554318 23.0
22.195611678389984 24.0
22.226699167264222 25.0
22.240064274151425 24.0
22.269700745327526 23.0
22.30039363055333 24.0
22.30065352272466 25.0
22.31516426086511 26.0
22.36572791014208 25.0
22.40878975335755 24.0
22.45617655427177 23.0
22.52380198957059 24.0
22.534559248676658 23.0
22.538176789463208 22.0
22.571440973571722 21.0
22.65897909636185 20.0
22.70351343781507 19.0
22.709212727445408 20.0
22.731256466903012 19.0
22.756944369429814 20.0
22.82846790180828 19.0
22.86152600735667 18.0
22.892968939767023 19.0
22.91874680226226 20.0
22.945475129106192 21.0
22.954342918793856 20.0
22.966400706817108 21.0
22.968148011687198 20.0
23.07179022733063 21.0
23.098550331897847 22.0
23.10742082737492 23.0
23.11643621702297 24.0
23.146861410854918 23.0
23.190423079814636 22.0
23.200534439748367 21.0
23.24356524840372 22.0
23.260794992029993 23.0
23.329405467975675 24.0
23.346622785389076 25.0
23.355822219029243 24.0
23.369835672777235 25.0
23.386030761240683 24.0
23.46304422724592 25.0
23.524332534671274 24.0
23.548160515079093 23.0
23.587748370112557 22.0
23.62851008735264 21.0
23.6304365427575 22.0
23.66298821940242 23.0
23.71550708614773 22.0
23.725435425966232 21.0
23.726527659576963 20.0
23.769452001087526 21.0
23.77530552662434 22.0
23.802918158320317 21.0
23.823231017924467 20.0
23.861329913999924 21.0
23.86612807333053 22.0
23.896996264609104 21.0
23.901738193841627 22.0
23.931986520687932 21.0
23.96303509885197 22.0
23.9852824073499 21.0
23.988014070476265 22.0
24.076264214559394 21.0
24.10955840641109 22.0
24.124794586334126 21.0
24.13447781395581 22.0
24.256265960549538 21.0
24.409171067538253 22.0
24.462921910202592 23.0
24.493071602226077 22.0
24.508847229175508 21.0
24.516049888204993 22.0
24.54188288356694 23.0
24.551281885467684 24.0
24.58769500171559 25.0
24.590664117829608 26.0
24.596329258279017 27.0
24.59819345631871 26.0
24.614465137114994 25.0
24.62955126731257 24.0
24.658738450369373 23.0
24.68689745365476 24.0
24.69234034773191 23.0
24.69671817838932 22.0
24.717464405609448 21.0
24.73161872081215 20.0
24.751233010958263 19.0
24.789705807130137 18.0
24.828020571248175 19.0
24.830506753659186 18.0
24.831024732994305 17.0
24.852062946779018 16.0
24.854843950416743 17.0
24.857233794769776 18.0
24.87488758888281 17.0
24.905453363493713 16.0
24.92052517073454 17.0
24.938276972320274 18.0
24.96413766070532 17.0
24.971191024904382 18.0
25.004258675137205 17.0
25.026427181057993 18.0
25.030832661617833 19.0
25.039931323951745 18.0
25.075720418645915 17.0
25.084352582166623 16.0
25.085819639262738 17.0
25.188075379797812 16.0
25.26288099183766 15.0
25.311337416237745 16.0
25.423305477834923 17.0
25.427940965669098 16.0
25.458162982095672 17.0
25.47160215099041 18.0
25.499011829632277 19.0
25.55033889121142 18.0
25.611863084945018 19.0
25.639731076963237 20.0
25.649196585552318 19.0
25.68802222371331 18.0
25.69534929164952 17.0
25.727221052074427 18.0
25.79879586969053 19.0
25.82551794409959 20.0
25.860599789555778 21.0
25.878680078791554 22.0
25.897844284709226 23.0
25.97874198055314 24.0
26.0085167880483 23.0
26.046854996894883 22.0
26.0587876343685 23.0
26.083156524416598 22.0
26.109258043649213 23.0
26.114894220368182 24.0
26.215397177329155 23.0
26.219449890274948 22.0
26.228067932735634 23.0
26.239605242410878 24.0
26.252413831415595 23.0
26.256320088682884 22.0
26.293796126926907 21.0
26.309876192002804 22.0
26.364205579062983 23.0
26.38359956118354 24.0
26.40844618864468 25.0
26.412234057516336 26.0
26.41432930698084 25.0
26.451759781687716 24.0
26.476727774253966 25.0
26.523470671747557 26.0
26.54097987934697 27.0
26.590064517937403 26.0
26.59162567806258 27.0
26.5956109449553 28.0
26.617438498894852 29.0
26.66139850390193 30.0
26.667823188915634 29.0
26.706446938382147 28.0
26.741764850843207 27.0
26.758595936643925 26.0
26.826321784218248 25.0
26.84037154471213 24.0
26.857433743151972 25.0
26.89831145186809 26.0
26.95071349725999 25.0
26.951402321639456 24.0
26.95455539952052 25.0
27.00183788044723 24.0
27.043772445604507 25.0
27.05685851975152 24.0
27.080722097867984 25.0
27.09042092040113 26.0
27.116578176355162 25.0
27.124911948934525 24.0
27.16442919291789 23.0
27.168089677260127 22.0
27.181820226793388 21.0
27.20689682080346 20.0
27.222617763138782 21.0
27.243132488480022 22.0
27.257446945679252 23.0
27.300465486708276 24.0
27.378847096944554 23.0
27.404271576193345 24.0
27.40432907910715 25.0
27.40455570641903 26.0
27.464423891968995 27.0
27.478225568027238 28.0
27.54146798884966 27.0
27.56857469435724 28.0
27.60376302622805 29.0
27.65666835922803 28.0
27.74563735856752 27.0
27.770953309550368 26.0
27.835363128224557 27.0
27.842202252236977 26.0
27.893446681072604 27.0
27.94235664305176 26.0
27.94378896924809 25.0
27.99353017414588 26.0
28.063962558749562 25.0
28.094192090782922 24.0
28.100276972542844 25.0
28.10610348193097 24.0
28.117999755436962 25.0
28.188280358351967 26.0
28.19002285158374 25.0
28.274219078254134 24.0
28.283656148510772 25.0
28.2995592367424 26.0
28.30320094554364 27.0
28.307653062541203 26.0
28.33022326408508 25.0
28.365025415663492 26.0
28.399165954024642 27.0
28.435879674983823 26.0
28.444080086887084 27.0
28.454929442629044 26.0
28.467880926843613 25.0
28.477277470595475 26.0
28.48368277542107 27.0
28.487847075313258 28.0
28.510749990662315 29.0
28.535641101858978 30.0
28.5381047521962 29.0
28.555503831972338 28.0
28.627749693565093 29.0
28.63231741972832 28.0
28.670139209128777 27.0
28.69940153583627 26.0
28.70368250046776 27.0
28.71066985222169 28.0
28.85078034913002 27.0
28.917910378700743 28.0
28.983952718877934 27.0
29.00809030188602 26.0
29.01052975853542 25.0
29.022814846018594 24.0
29.035427117082925 23.0
29.040862841808316 24.0
29.048729647585994 23.0
29.054762930304154 24.0
29.079361303346662 25.0
29.130951461120105 24.0
29.13682208657953 25.0
29.137290175583463 24.0
29.147046367751834 23.0
29.206314489079066 24.0
29.26325834019754 25.0
29.281986151582654 26.0
29.29153706555921 27.0
29.34830961617475 28.0
29.352164717596978 29.0
29.383299387083206 28.0
29.39018132276723 27.0
29.446285711128905 26.0
29.473544831025603 27.0
29.474014719264773 28.0
29.496869650529387 27.0
29.521501562360072 28.0
29.57938166547025 27.0
29.629376853546347 26.0
29.63106923701026 27.0
29.655262878404983 28.0
29.674935715775373 29.0
29.684904172173102 30.0
29.68563515675036 29.0
29.693729162908763 30.0
29.749345527167083 31.0
29.806435804210658 30.0
29.93273974644148 29.0
29.9444500874511 28.0
29.96969529914382 29.0
29.9876471372634 30.0
30.037177988380886 29.0
30.042393597887084 28.0
30.043649993952926 29.0
30.067997719493324 30.0
30.084945620167712 31.0
30.137977404542564 30.0
30.152012706302056 29.0
30.169793932158704 28.0
30.185729385604468 29.0
30.189908888216802 30.0
30.24124302368173 31.0
30.312957470889952 30.0
30.322090236216003 29.0
30.36492336530954 28.0
30.3818470477758 27.0
30.39512438789047 26.0
30.399522861177974 25.0
30.41201381993305 26.0
30.427229186248372 27.0
30.433056084510525 26.0
30.44809600765649 27.0
30.450724346871795 28.0
30.478151054642634 27.0
30.499411163424874 28.0
30.504112126338732 27.0
30.508813465220992 28.0
30.51078128795998 29.0
30.514532622898802 28.0
30.5391509118458 29.0
30.54959931794659 28.0
30.566915212750047 29.0
30.613532525424617 28.0
30.695082245254266 29.0
30.69634138105147 28.0
30.74827157798427 29.0
30.77256123029146 28.0
30.79331676335242 27.0
30.812504849426496 26.0
30.82323537580793 27.0
30.85764818601215 26.0
30.87954520520433 25.0
30.915051038445515 26.0
30.91924491181154 27.0
30.920511045846006 28.0
30.93117239198746 29.0
30.940648676027855 28.0
30.969045701564397 29.0
30.995978461973767 28.0
31.084366420606422 27.0
31.092171134245373 28.0
31.14300959163647 27.0
31.20493123609853 26.0
31.212009534594056 25.0
31.238418567307043 24.0
31.28637627077806 25.0
31.33642838534959 24.0
31.36195487909229 25.0
31.373591236425575 26.0
31.37580848139668 25.0
31.383024511943663 26.0
31.405567019657536 25.0
31.417509682503376 24.0
31.430444469456152 25.0
31.479105522138585 24.0
31.51251280887367 25.0
31.55583838956274 24.0
31.60969101623373 23.0
31.63916696054807 22.0
31.64041699738597 23.0
31.69044666752505 22.0
31.720401814091986 23.0
31.725779656646214 24.0
31.778426942107114 23.0
31.82524231022804 24.0
31.826323651108222 23.0
31.85195354667731 24.0
31.870062495228854 23.0
31.87589540788108 24.0
31.919066752483797 25.0
31.968656953200888 26.0
31.99347393075701 25.0
32.0424053462955 24.0
32.054031525327204 23.0
32.07359306348783 22.0
32.09036344384762 23.0
32.112742884355605 22.0
32.121100271055845 23.0
32.200984532234415 22.0
32.260511874029106 23.0
32.352877912786994 22.0
32.38624555130342 23.0
32.41848216499313 24.0
32.448174698817915 23.0
32.45101979264371 22.0
32.48864870542296 21.0
32.493848161345674 20.0
32.5653542818468 21.0
32.56671549324303 20.0
32.58381882769608 19.0
32.63579906596844 18.0
32.647274719209854 17.0
32.64757772048718 18.0
32.66352379948858 17.0
32.68208988578277 16.0
32.71177192055651 15.0
32.72411145519446 16.0
32.73443598336386 17.0
32.75719168843807 16.0
32.88377462320175 17.0
32.892047086540344 16.0
32.928971232616874 15.0
32.937294841191814 14.0
32.96022877346982 13.0
32.9925336980374 12.0
33.01933134224411 13.0
33.021680836379225 14.0
33.04465382159834 15.0
33.04669833676626 16.0
33.06537195770611 17.0
33.07402729397429 18.0
33.08997461592253 19.0
33.10722915765912 20.0
33.141660508001614 21.0
33.159736887801046 20.0
33.18121183444942 21.0
33.21589832140541 20.0
33.23142261196044 19.0
33.26108044394226 18.0
33.26806220826058 19.0
33.269276774917245 20.0
33.301231185277224 21.0
33.33994812646681 22.0
33.40271105401897 21.0
33.421008966846344 22.0
33.42964266202128 23.0
33.47046281526163 24.0
33.514168395969875 25.0
33.595106215951944 24.0
33.66111807560142 23.0
33.6760027900204 24.0
33.724249589022946 23.0
33.7306209233661 24.0
33.867284004621574 23.0
33.875302088676435 22.0
33.931467723335615 23.0
33.94164083973598 22.0
33.94526806522584 23.0
33.95225031195038 24.0
33.9524068671109 25.0
33.95449655666322 26.0
34.00498508820288 25.0
34.0502523683606 24.0
34.1338068269112 25.0
34.14861782235044 24.0
34.16624510449457 25.0
34.16938624129753 26.0
34.17684741711861 25.0
34.21467206016061 24.0
34.222951417531746 25.0
34.227342237624 24.0
34.2420673586119 25.0
34.25765949088344 24.0
34.293023729559216 25.0
34.308937547898296 26.0
34.30985168809802 27.0
34.35745269190994 26.0
34.42059471110184 27.0
34.48131346618614 26.0
34.48940808984192 25.0
34.585556851233584 24.0
34.61757874025164 23.0
34.623202135368636 22.0
34.71872410216035 21.0
34.760535650610386 20.0
34.774675548671766 21.0
34.78433643381559 20.0
34.8048414724892 21.0
34.812551714565515 20.0
34.877293907374025 19.0
34.98318424426041 20.0
35.05091663966664 19.0
35.056020856051 18.0
35.20599326359537 19.0
35.211130471135846 18.0
35.21155950231465 19.0
35.245679864641545 18.0
35.25782595885379 17.0
35.288924750171624 18.0
35.32823250681791 19.0
35.33673206249542 18.0
35.36104755799962 19.0
35.402149306469376 20.0
35.48993848461697 19.0
35.4983562118122 20.0
35.51076157392009 19.0
35.52904030523618 20.0
35.54593142499208 19.0
35.602676923613444 20.0
35.63178505716201 21.0
35.64136915700143 20.0
35.668958508473985 21.0
35.691065090350655 20.0
35.721702555895405 21.0
35.73848163105682 22.0
35.74568295960647 21.0
35.77203540124458 20.0
35.78390771430894 21.0
35.90743860470065 22.0
35.9798970313821 23.0
36.09240043789898 24.0
36.13383251285506 25.0
36.250711147459064 26.0
36.26008993802993 25.0
36.29646772334405 24.0
36.324869280965096 23.0
36.361946387450786 22.0
36.392603143215524 21.0
36.40681560552319 22.0
36.41723135025313 21.0
36.446117965471906 22.0
36.46336956428805 21.0
36.533147195808944 20.0
36.56561358141798 19.0
36.60146258294589 18.0
36.643017435505925 17.0
36.65272612246271 18.0
36.690801899038924 17.0
36.691299475803966 18.0
36.71320683268254 17.0
36.762710652654846 16.0
36.85487185058813 17.0
36.8606000353167 16.0
36.8901363545949 17.0
36.9134184761585 18.0
36.97096172130534 17.0
36.98151639056416 18.0
37.00742661182842 17.0
37.0294805279214 18.0
37.067257713148294 17.0
37.07748642446429 18.0
37.11331712067462 19.0
37.11870883291902 18.0
37.12286660790595 19.0
37.143439682916416 18.0
37.21382110884171 17.0
37.29148559497194 16.0
37.32873149905879 15.0
37.350523230075616 14.0
37.38889884506386 13.0
37.38895320375965 14.0
37.408177716908426 13.0
37.41793188146471 14.0
37.46909264833104 13.0
37.53351897216507 14.0
37.553937430225176 15.0
37.57398436563905 16.0
37.58830314087625 15.0
37.62850533636905 14.0
37.658839880932305 15.0
37.745211174666366 16.0
37.75014342647536 15.0
37.75475079188335 14.0
37.75841114217566 15.0
37.779754854356916 16.0
37.820649223809774 17.0
37.86173302336158 18.0
37.89244902179901 19.0
37.91596783438128 18.0
37.96270577256928 19.0
37.978119619647295 18.0
37.98287662006458 19.0
37.992200613974845 18.0
38.0658952812092 19.0
38.083606587758496 20.0
38.1005331814707 19.0
38.11286272204016 20.0
38.14390233772183 19.0
38.20126914355331 20.0
38.210125247251845 21.0
38.222749689420915 22.0
38.25041685481028 23.0
38.26316792245573 24.0
38.28777032590528 25.0
38.303838096809216 26.0
38.35443352454424 25.0
38.45643706601819 26.0
38.45822048979516 27.0
38.51821096149149 26.0
38.57543362754436 27.0
38.595544051043404 26.0
38.6032486841419 27.0
38.632655065426384 26.0
38.63721151546229 27.0
38.67892200427781 28.0
38.70110231099756 27.0
38.78518833875843 26.0
38.8175108064372 27.0
38.861796593148135 26.0
38.871619607343945 25.0
38.89605014776942 26.0
38.96833929664385 25.0
38.97593688555498 24.0
39.00825370100891 23.0
39.020103214439686 24.0
39.07489436583996 25.0
39.106094708649145 24.0
39.13558089576536 25.0
39.13656988312794 24.0
39.13867354817417 23.0
39.155454387517885 22.0
39.1995481004077 21.0
39.25108503059042 20.0
39.28655942345005 19.0
39.31220020562961 18.0
39.334934339663974 19.0
39.35813074960271 18.0
39.37709761782383 19.0
39.404251533953975 18.0
39.57522886765692 17.0
39.64150471060517 16.0
39.642401399484974 15.0
39.64375652811769 14.0
39.66095405335807 15.0
39.66599944146808 14.0
39.700660580420035 15.0
39.75851629986635 16.0
39.77167335083498 17.0
39.8992256976149 16.0
39.95027680547189 15.0
39.95418512828254 16.0
39.97453365299473 17.0
39.991255353874124 18.0
40.04305591044813 17.0
40.04624772330748 16.0
40.04998650638624 15.0
40.05495375667936 16.0
40.06599534959757 15.0
40.10025520779854 16.0
40.13941016321997 17.0
40.18198395838812 18.0
40.25588370091007 19.0
40.274293185422565 20.0
40.316338770664544 19.0
40.328517597274725 20.0
40.39359953569997 19.0
40.404118865527686 18.0
40.40478968481454 19.0
40.45508759039897 20.0
40.46951700679466 19.0
40.52397809372728 20.0
40.5264507811081 21.0
40.59399402430759 22.0
40.59910463498037 23.0
40.62269462604467 24.0
40.64467299220357 23.0
40.65629431030744 22.0
40.754343812630644 23.0
40.75760435283937 22.0
40.75991531126285 21.0
40.847356725359646 22.0
40.92339296907931 21.0
40.93028370913288 20.0
41.02220856354384 21.0
41.09342739088668 22.0
41.133198892869174 21.0
41.14511033514472 22.0
41.199999803472146 23.0
41.24421432078937 22.0
41.25800104735909 21.0
41.29313871643469 22.0
41.30785874921495 21.0
41.32333919203281 22.0
41.3575793593455 21.0
41.393330540446435 20.0
41.401800067476515 21.0
41.405076916673 22.0
41.40818166240529 23.0
41.42854245433639 24.0
41.49675897585435 23.0
41.50070616443505 22.0
41.51087021695238 21.0
41.530647868796976 20.0
41.576724110460994 21.0
41.6050734751657 20.0
41.623175638936196 21.0
41.68539447553424 22.0
41.717287693223376 21.0
41.748745330760066 22.0
41.78273311242199 23.0
41.81234119325255 24.0
41.91833518672444 23.0
42.14602966637697 24.0
42.17003363210345 23.0
42.186591600403425 22.0
42.256446485069574 23.0
42.281164789032104 22.0
42.32911686043083 23.0
42.34613807270092 24.0
42.34870019156563 23.0
42.37551107598239 22.0
42.421414510469134 23.0
42.42235506382817 24.0
42.439310786160654 23.0
42.47059594387765 24.0
42.475311810535864 23.0
42.53906355360281 22.0
42.556050973703236 21.0
42.565982591006396 20.0
42.63597468684414 21.0
42.67380490680323 22.0
42.73149223685614 21.0
42.73571718008163 20.0
42.7634643521426 21.0
42.76352931766333 22.0
42.81391066124176 23.0
42.816669676841535 24.0
42.84332926867328 25.0
42.87192714972891 24.0
42.886999124418146 25.0
42.90404413643932 24.0
42.929333623224444 25.0
43.05185135498576 24.0
43.088728049836256 23.0
43.09636782288786 24.0
43.123701270237156 25.0
43.127157528162506 26.0
43.152953176778 25.0
43.183488881767964 24.0
43.20588263285089 23.0
43.20975538365143 24.0
43.238342640482756 25.0
43.252217117739455 24.0
43.27220839620066 23.0
43.282154760227414 22.0
43.29150385626548 21.0
43.34816829181986 20.0
43.4085418351679 21.0
43.44524227402696 20.0
43.590840058263595 21.0
43.64585814645881 22.0
43.71132446147108 21.0
43.7729100818297 22.0
43.82068654899533 23.0
43.829216454906444 22.0
43.877697105949835 23.0
43.913272804734476 24.0
43.935875497948665 23.0
43.994649643401196 22.0
43.9992477089053 23.0
43.99942098434714 22.0
44.00596064565048 23.0
44.04029270669436 22.0
44.096676051086334 23.0
44.10766822367213 22.0
44.14691462950312 21.0
44.173112498836545 20.0
44.22184703033958 19.0
44.25658907758178 20.0
44.29967022037988 21.0
44.30598302834821 22.0
44.320610286171615 21.0
44.33902035495111 20.0
44.34278785513838 19.0
44.35557055299523 20.0
44.363571206698424 21.0
44.37347681332365 20.0
44.402301022036305 19.0
44.41189360095089 20.0
44.452262254938525 21.0
44.52136752520835 22.0
44.59745396592215 21.0
44.64111307108111 20.0
44.656656058310304 19.0
44.68163730898089 20.0
44.707966883596605 19.0
44.75058564182674 18.0
44.75899401195647 19.0
44.78381559136074 20.0
44.821388897114694 19.0
44.87841835509247 18.0
44.89630394931628 19.0
44.90873182036068 18.0
44.91103956273779 17.0
44.923253931246705 18.0
45.02070512740818 19.0
45.02826233382024 20.0
45.15306481677079 19.0
45.26396198357491 20.0
45.27922603686714 21.0
45.30251706106473 22.0
45.318610665367196 21.0
45.32552745436178 22.0
45.339467385498146 23.0
45.38008583405976 22.0
45.48730257388232 23.0
45.49333139128201 24.0
45.4952676787862 25.0
45.50214507156087 24.0
45.56303007777035 23.0
45.67857591989944 24.0
45.70139234262796 23.0
45.713157771904484 22.0
45.757604429645454 23.0
45.85403572390722 24.0
45.92651741920897 23.0
45.984135678766826 22.0
45.99780933505557 21.0
46.03605109218584 20.0
46.054918813568 19.0
46.07296714047088 20.0
46.130474767962816 19.0
46.1504886464679 18.0
46.18447367841978 17.0
46.20313828543264 18.0
46.387760737815434 19.0
46.390738040389195 20.0
46.472294185447566 19.0
46.560837746684605 18.0
46.57683267027566 17.0
46.591885979970904 16.0
46.61293050566536 15.0
46.61730113290394 16.0
46.61822367203397 17.0
46.63511684445162 18.0
46.651959805592526 17.0
46.67919880664941 16.0
46.70254721458691 17.0
46.7041054763968 18.0
46.766354875850105 17.0
46.79049356498255 18.0
46.82278613138458 19.0
46.89562491961251 18.0
46.90816141896814 19.0
46.95694521612928 18.0
46.96588762146215 17.0
46.97903813273842 16.0
47.003651308178696 17.0
47.016884631676064 18.0
47.022096669530015 19.0
47.022822230964934 20.0
47.05770901362191 21.0
47.05874358137662 22.0
47.107143424832806 21.0
47.13903274625369 20.0
47.17305839877616 21.0
47.17881623448473 22.0
47.20000876884795 23.0
47.23381813832358 22.0
47.30885804518761 23.0
47.320674607194 24.0
47.329462221099526 23.0
47.3667745221479 22.0
47.40643912036428 23.0
47.41231809415348 22.0
47.42983570737572 23.0
47.4507831696963 24.0
47.45292733903618 25.0
47.45355630579916 24.0
47.494794057134705 25.0
47.52920975016133 24.0
47.58321484185157 23.0
47.58864729209036 24.0
47.60973557678785 23.0
47.679769516145065 22.0
47.69197121138703 21.0
47.708224623341735 20.0
47.70852495475116 21.0
47.783918354764225 22.0
47.837796840066375 23.0
47.85844295088699 22.0
47.88622897187757 23.0
47.92669043591859 22.0
47.95717159020121 21.0
48.116396201716626 22.0
48.12946433139304 21.0
48.19629156153242 20.0
48.21716740095475 21.0
48.225505767597504 22.0
48.22874064693469 21.0
48.25642650088814 22.0
48.31174091612162 23.0
48.36850108307772 24.0
48.46323388342154 25.0
48.554131001648116 26.0
48.59931674606705 25.0
48.61704032184339 26.0
48.75731314541025 27.0
48.75942307959076 28.0
48.85937806042233 29.0
48.88438914163078 28.0
48.93444141882918 27.0
48.94530060116564 26.0
48.94905134940798 27.0
48.96433347600697 26.0
48.97173637676611 27.0
49.01382012671416 28.0
49.01406070718113 27.0
49.0259745788367 26.0
49.08264869802449 27.0
49.11641236993915 26.0
49.19130336108852 25.0
49.19716505870497 24.0
49.198794026283046 23.0
49.22408238502231 22.0
49.26152397556797 21.0
49.31234937279729 22.0
49.3415434777126 23.0
49.34791021630992 22.0
49.38790896162708 21.0
49.394958080896544 22.0
49.557966605477056 21.0
49.568335684814514 22.0
49.60544295295641 21.0
49.63305065660205 20.0
49.64703104515178 19.0
49.65152193442013 18.0
49.69012724044832 19.0
49.73429492473859 20.0
49.74935127105664 21.0
49.78817803165837 20.0
49.79734375696229 19.0
49.87330052082613 18.0
49.893106981478155 17.0
49.93573603713558 16.0
49.94487599046746 15.0
50.0095512971712 14.0
50.030471947548634 13.0
50.03499156770501 14.0
50.129273444872325 15.0
50.199536021226514 16.0
50.21106308538608 15.0
50.25074003867907 14.0
50.264628798538354 15.0
50.26707563782001 14.0
50.29603468691168 13.0
50.30818595924193 12.0
50.351707296500436 13.0
50.41694714938641 14.0
50.454211131397095 15.0
50.462122708995956 14.0
50.46915299630573 13.0
50.50672807913357 12.0
50.53200245917052 11.0
50.54507908493267 12.0
50.562890131340886 13.0
50.5817005691531 12.0
50.60075635668895 13.0
50.62210087119777 14.0
50.67635582313189 13.0
50.68872285828259 14.0
50.7890953149111 15.0
50.854390447215195 16.0
50.86412418985897 17.0
50.88127337540176 16.0
50.91801754352194 17.0
50.934233356138805 16.0
50.97179679306411 15.0
51.014393177971705 16.0
51.02316312155561 15.0
51.07886507677062 14.0
51.08237257887043 15.0
51.115090916105835 14.0
51.127960055163044 15.0
51.13501037463816 14.0
51.15102688123332 15.0
51.177303904024605 16.0
51.17818848814649 17.0
51.22421899127424 18.0
51.241373209910094 19.0
51.2691482491706 20.0
51.27023636803998 21.0
51.27716109762966 22.0
51.29591866776752 23.0
51.298714950459924 22.0
51.32247384124356 21.0
51.326690735557136 22.0
51.32876219605905 21.0
51.40620047818118 22.0
51.44754855075556 23.0
51.455838212859156 24.0
51.53622741807406 25.0
51.55836360811522 24.0
51.57827847554236 25.0
51.584354913438105 26.0
51.585064315334705 25.0
51.65173139236769 24.0
51.66048085073733 23.0
51.678224399089196 22.0
51.696305398419504 21.0
51.733054805612944 22.0
51.76164749943155 23.0
51.78773279683864 24.0
51.82076350260193 25.0
51.8383106061237 24.0
51.88363191544942 23.0
51.914459343854396 24.0
51.97171148204389 25.0
52.01547306735833 24.0
52.017639651735294 23.0
52.065772194072565 22.0
52.19103364986619 21.0
52.207320861173166 20.0
52.21872287912009 19.0
52.22199041427278 20.0
52.23275156899401 21.0
52.235028320852244 22.0
52.24412746620533 21.0
52.254512048366024 22.0
52.28792910418431 21.0
52.30427476570621 22.0
52.39573117329784 21.0
52.47416720670527 20.0
52.474962423340656 21.0
52.57810849851116 22.0
52.59637000014254 23.0
52.60533114992083 24.0
52.64902175958161 23.0
52.679412437129606 22.0
52.68417768314401 23.0
52.71469072786199 22.0
52.737131345493204 21.0
52.81637778047982 22.0
52.91788649178585 21.0
52.92427265511522 22.0
52.93317728805897 23.0
52.94841993041405 24.0
53.00315268252116 23.0
53.02912571781702 22.0
53.04066064099684 21.0
53.070525001067075 20.0
53.08242517825387 19.0
53.093906930078504 18.0
53.119839644434755 19.0
53.173719776200976 20.0
53.20053143932221 21.0
53.2271677616642 20.0
53.23924290440984 19.0
53.24579799722626 20.0
53.27151863706647 19.0
53.28760413935752 18.0
53.309035926949285 19.0
53.309558399635456 18.0
53.32999843435242 17.0
53.33782482131491 18.0
53.386256107228576 19.0
53.41924388956231 20.0
53.463883375845136 19.0
53.51264728697948 18.0
53.52818966492126 17.0
53.55055725216673 16.0
53.55604596008053 17.0
53.57431659884593 16.0
53.59249981712451 17.0
53.59763771067855 18.0
53.644933835140115 17.0
53.675039098804014 16.0
53.71551017610641 15.0
53.78783514596884 16.0
53.82014547010998 15.0
53.867783533066245 16.0
53.92120775224685 17.0
53.97263398786051 16.0
54.08996054075377 15.0
54.09925188509284 14.0
54.142823591376576 15.0
54.15450705983064 14.0
54.230793132660224 13.0
54.30900659776703 12.0
54.32584284841846 11.0
54.32789205860498 12.0
54.351269069255366 13.0
54.35558527018616 14.0
54.392248166159774 15.0
54.43234580543225 14.0
54.47844695668751 13.0
54.62332011185254 14.0
54.70329890952125 13.0
54.747195645544146 14.0
54.75108602718793 15.0
54.774811542220796 16.0
54.77642756612327 17.0
54.84576684232144 16.0
54.86151701070392 15.0
54.86341864023089 14.0
54.913671269661776 13.0
54.9517495928947 14.0
55.021841125152235 15.0
55.070644533900534 14.0
55.08762817507606 15.0
55.12264300419737 16.0
55.16225656205597 15.0
55.170743718665165 16.0
55.18214598674716 15.0
55.24757141391113 14.0
55.268735456525306 15.0
55.3138123969124 16.0
55.317914771291 15.0
55.33756423352848 16.0
55.338357152886566 17.0
55.346916498802145 18.0
55.355129870862 17.0
55.376426604631384 18.0
55.37644236191 19.0
55.391204646944296 18.0
55.45036212034742 19.0
55.459781836282005 20.0
55.464940983947855 19.0
55.48682551525908 20.0
55.48947092447079 19.0
55.58468991392762 18.0
55.63674272645117 19.0
55.65787377146776 18.0
55.71957250566934 17.0
55.80800964256039 16.0
55.868482932701426 15.0
55.899366862115414 16.0
55.97052087034723 15.0
55.996080230151236 14.0
56.01487536704076 13.0
56.1334391458325 14.0
56.13440095557452 15.0
56.213513669705684 16.0
56.2623150481375 15.0
56.2800327113587 16.0
56.296293384697364 17.0
56.31085803657225 18.0
56.40120025935276 17.0
56.40537733391474 16.0
56.40550749140043 15.0
56.40758383932291 16.0
56.47429767887377 15.0
56.496800636940826 16.0
56.60111486707726 15.0
56.61257001917412 16.0
56.626292921112956 17.0
56.63000142957263 18.0
56.65510382526979 19.0
56.6722399449312 18.0
56.67822717188849 19.0
56.68240090461416 18.0
56.6845441835776 17.0
56.69562843555946 16.0
56.76205124019721 17.0
56.80981278301074 18.0
56.94729764416178 17.0
56.95938881846035 16.0
57.02057745271649 15.0
57.06842580154577 16.0
57.21102631608903 15.0
57.21710842806612 16.0
57.281686669000045 17.0
57.30600873043319 16.0
57.382278304909015 15.0
57.383539115484254 14.0
57.43830531470322 15.0
57.4955466693644 14.0
57.519030928331034 13.0
57.546317585706724 12.0
57.58217195091942 13.0
57.646980240240545 14.0
57.6896716015421 13.0
57.69120424127961 14.0
57.75968169890219 13.0
57.77387299577554 12.0
57.80869331689895 13.0
57.839465655766425 14.0
57.863127010665735 13.0
57.89525181046178 12.0
57.938167757090824 11.0
57.98300531728897 12.0
57.98591619089287 11.0
58.0366734786385 12.0
58.06150615707601 13.0
58.06610800954463 12.0
58.14389828939961 11.0
58.18164381448078 12.0
58.23064730155684 11.0
58.24727486852167 12.0
58.285501151239124 13.0
58.29148344952011 12.0
58.30067546327819 13.0
58.40565294796779 14.0
58.481021348465056 13.0
58.57354080488586 12.0
58.60222527742297 11.0
58.60676441161941 12.0
58.7321504328192 13.0
58.7551698509341 12.0
58.80297954552021 11.0
58.849201298523866 12.0
58.87990644753958 11.0
58.910118148009644 10.0
58.910887782340694 11.0
58.938743692353356 12.0
58.98463258861667 11.0
59.00101033824853 12.0
59.03451233077933 11.0
59.06515916948354 12.0
59.15360143773993 13.0
59.161291025648325 14.0
59.176614429103644 13.0
59.22403263332918 14.0
59.255465491671764 15.0
59.27711761651513 14.0
59.28587716486864 15.0
59.30708241843727 16.0
59.335383994813775 15.0
59.38401752191711 14.0
59.41356542389143 15.0
59.4208013685758 14.0
59.57524777577121 15.0
59.593237582041226 14.0
59.65198956289635 13.0
59.71740286008502 12.0
59.78580463750695 11.0
59.787700057372575 12.0
59.798286936695185 11.0
59.82710918454146 10.0
59.82919497454837 11.0
59.87595557379547 12.0
59.88424312823662 11.0
59.88912681660104 12.0
59.89192819673189 13.0
59.9006603612684 14.0
59.90659013675851 13.0
59.95980142789262 14.0
60.02182383642824 13.0
60.18239519220116 14.0
60.197520833498125 13.0
60.24464668328792 12.0
60.36509968644543 13.0
60.40834137213489 14.0
60.41000247330665 15.0
60.41200255311446 14.0
60.41492412606974 15.0
60.485473090769766 16.0
60.488759760822525 15.0
60.52116256707479 14.0
60.63773353457998 15.0
60.71281857941085 14.0
60.822858815603674 13.0
60.86278879811074 12.0
60.90477233366654 11.0
60.969264341292494 12.0
61.01535098167631 11.0
61.04633813514263 12.0
61.05635686586334 11.0
61.0571832860364 12.0
61.10979941001459 13.0
61.116924688850006 14.0
61.216678674558324 15.0
61.23022709779341 14.0
61.28929400452556 13.0
61.292751466719324 14.0
61.309226826031235 13.0
61.31260671267087 14.0
61.37876441447701 13.0
61.39855494811258 12.0
61.479123676983704 13.0
61.522424816647444 14.0
61.58828523596126 15.0
61.65540164971084 16.0
61.67992714575954 17.0
61.68024452640013 16.0
61.70480884977569 17.0
61.717612623914974 16.0
61.749008300456175 15.0
61.84736528040299 16.0
61.85997163518941 15.0
61.8879608947979 14.0
61.910464421536446 13.0
61.92061750302736 14.0
62.01889768581554 15.0
62.03609592949128 14.0
62.11561521492873 13.0
62.179768617267875 12.0
62.187662479330946 13.0
62.229028410671184 14.0
62.24312304310867 15.0
62.25440936780217 14.0
62.2782030933259 13.0
62.31372331641938 14.0
62.315769216968754 13.0
62.342589068908126 12.0
62.36048317435236 11.0
62.45543519391062 10.0
62.52596509634232 9.0
62.58692517559028 10.0
62.72644547604591 9.0
62.74105836791979 10.0
62.754478735403346 11.0
62.796315907546735 10.0
62.89838447323649 11.0
62.98376212877568 10.0
62.98760342536021 11.0
63.023660072440855 10.0
63.073408011030345 11.0
63.182408512567676 12.0
63.223374542558155 11.0
63.42422040384321 12.0
63.49270904353597 13.0
63.52536892394294 12.0
63.57715678604274 13.0
63.586195698147776 14.0
63.59902046647965 13.0
63.64479316159715 14.0
63.71504960439029 13.0
63.74907054208845 14.0
63.76135020936734 13.0
63.77689007278241 12.0
63.80081575431392 13.0
63.82430318440228 14.0
63.830604453762994 13.0
63.87606327460906 14.0
63.881850240451975 13.0
63.9564914125074 14.0
63.984288473572136 13.0
64.06780553477961 14.0
64.12645743668399 15.0
64.27506071506484 16.0
64.29168010570788 17.0
64.32864621977886 16.0
64.38882281388693 17.0
64.39427968843827 18.0
64.400443065934 17.0
64.40832760577555 16.0
64.41520856699131 15.0
64.51182475191933 14.0
64.51402010213795 13.0
64.56394338160123 14.0
64.5999163983975 15.0
64.60301410663622 16.0
64.60937533938251 15.0
64.66690199802174 16.0
64.72095731998688 15.0
64.76393787656392 16.0
64.78867355412915 15.0
64.85220538025138 16.0
64.87291059895087 17.0
64.89375720545708 16.0
64.90878847511185 15.0
64.97126209116246 16.0
65.03948179568538 17.0
65.08155705530494 18.0
65.11996051681496 19.0
65.12113173551906 18.0
65.15150159780599 17.0
65.18210717895366 16.0
65.18222124849981 15.0
65.20485805405539 14.0
65.3096438996533 15.0
65.31576073671759 16.0
65.41078743677514 17.0
65.49415855033378 16.0
65.60768517301668 15.0
65.63881885743592 14.0
65.6461845725731 13.0
65.6757904839948 14.0
65.80633798819142 15.0
65.8145036675477 16.0
65.85536617497748 15.0
65.87515892756801 14.0
65.91730573261772 15.0
65.95097221972104 14.0
66.04913661217799 13.0
66.1233004742294 14.0
66.13323117882366 15.0
66.19250666543705 16.0
66.30113371668101 17.0
66.37761221548766 16.0
66.40855120049856 15.0
66.45017320283941 14.0
66.48394111275327 13.0
66.48602451896862 12.0
66.4865405368013 11.0
66.51260182071259 12.0
66.51260739201071 11.0
66.71211437605108 12.0
66.80521629697726 11.0
66.8208467792818 12.0
66.85087505484617 11.0
66.86142200539209 12.0
66.8634110578743 13.0
66.95724437736025 12.0
66.98700639419603 13.0
66.99003458141584 14.0
67.05027953707828 13.0
67.05633131771322 12.0
67.06539245381325 11.0
67.17447657926742 10.0
67.19241405627962 9.0
67.27254356325264 10.0
67.31134703300665 9.0
67.4300132599921 8.0
67.45997542728486 9.0
67.48167540190755 8.0
67.48406554990935 9.0
67.48646967745275 10.0
67.68511877718845 11.0
67.69874916003198 12.0
67.75796544419855 13.0
67.85728087731908 14.0
67.96199232403333 15.0
68.00913915781055 14.0
68.05500438843181 13.0
68.05709847785154 14.0
68.07465183397689 15.0
68.1502881936446 16.0
68.1696561673843 15.0
68.18844774226343 14.0
68.22810044280081 13.0
68.24895810653526 14.0
68.31820719310772 13.0
68.45642780824039 12.0
68.46570361779789 11.0
68.48397978785988 10.0
68.4977902551562 9.0
68.52410995206006 10.0
68.5301946492571 9.0
68.54714227615722 10.0
68.58459804224006 11.0
68.68406524212402 12.0
68.69553726187817 13.0
68.76176841762408 12.0
68.83255795524252 13.0
68.85270683390365 14.0
68.92923258327943 13.0
68.93573031406522 14.0
68.9701069073087 15.0
68.98453745589029 16.0
69.01586571771136 17.0
69.02561383976321 18.0
69.02888368275059 19.0
69.09039107549806 20.0
69.10071794798095 19.0
69.2163957813422 20.0
69.22321206971526 19.0
69.2561721026957 20.0
69.28364507444107 19.0
69.29093204620138 20.0
69.30858746133406 19.0
69.35806168535795 20.0
69.3775591699807 19.0
69.41593513902554 18.0
69.44642083807493 17.0
69.47697335325032 18.0
69.50440263196495 19.0
69.51097488673253 18.0
69.52205684198722 17.0
69.60337975811693 16.0
69.61675715594782 17.0
69.65353377054831 18.0
69.67873462711084 19.0
69.69846447881929 20.0
69.70987568933572 21.0
69.73418480268842 22.0
69.75960695321555 23.0
69.7646610711013 22.0
69.7678193365009 21.0
69.91441810946327 22.0
69.92269947296936 21.0
69.93685443501884 20.0
69.99430018343924 19.0
70.00342031661202 20.0
70.03851598274346 21.0
70.06031869986484 22.0
70.06047184568945 21.0
70.2143809051375 20.0
70.21563673467386 19.0
70.2401799547808 20.0
70.24598186408515 21.0
70.26162206646019 22.0
70.29393279630527 21.0
70.31239362640412 20.0
70.37660743104773 21.0
70.40419821322135 20.0
70.45030918432983 19.0
70.45861004365791 20.0
70.49991275289189 21.0
70.51570485742057 20.0
70.58157234512174 21.0
70.60914298533041 22.0
70.63955166273293 23.0
70.68152555703753 22.0
70.6888148457211 21.0
70.77392918940538 22.0
70.78040695785772 21.0
70.8445741685451 20.0
70.87646309768276 21.0
70.90964668074089 20.0
70.9365642510769 19.0
70.97672566615074 18.0
71.00795343042347 19.0
71.03079890946475 20.0
71.04486444365537 19.0
71.06317332111247 18.0
71.08353296525722 19.0
71.13396390561681 18.0
71.21237792930172 17.0
71.23901111393899 18.0
71.2499248712547 17.0
71.28610417076038 18.0
71.29557047755121 17.0
71.37004122011916 16.0
71.38059067951518 17.0
71.39947075960482 18.0
71.46105545159183 17.0
71.47085662702867 18.0
71.47815146639093 17.0
71.49017805393633 18.0
71.50914437471535 19.0
71.54545210139527 20.0
71.56548694210571 19.0
71.57420705197927 20.0
71.62056210683377 19.0
71.63331303666041 18.0
71.67744448539915 17.0
71.6893911904844 18.0
71.70535958532429 17.0
71.71706336634607 18.0
71.73197990383153 19.0
71.76898332551009 20.0
71.77919628692696 19.0
71.82258388516222 18.0
71.82358122484897 19.0
71.89888967046335 20.0
71.89891896045057 21.0
71.91454847824488 22.0
71.91531640209045 21.0
71.94009513810184 22.0
71.95401526415009 21.0
71.97064661814252 22.0
71.98366242485966 21.0
72.02234493008956 20.0
72.06306070429218 19.0
72.09533556916101 20.0
72.11751212010685 21.0
72.13800783858021 20.0
72.13921468826511 21.0
72.15864699262767 22.0
72.16148194706916 23.0
72.17838316651707 24.0
72.25130139203831 23.0
72.25398292196866 22.0
72.29846875123195 21.0
72.30261792591077 22.0
72.32289469063356 23.0
72.33749727659358 22.0
72.34917999080216 23.0
72.46567875666356 24.0
72.48408951271536 23.0
72.53519288024427 24.0
72.58797988123217 23.0
72.59746136158233 22.0
72.61487161688079 23.0
72.62114924854083 24.0
72.62446098678026 23.0
72.64821383315557 22.0
72.68586774681125 21.0
72.70196351789758 20.0
72.71710684542886 21.0
72.76067720312685 20.0
72.76562263672787 19.0
72.8101051728458 18.0
72.86160618340517 19.0
72.89436699308392 20.0
72.89629996896394 19.0
72.90493721780285 18.0
72.91252721492336 17.0
72.92170979150339 18.0
72.98108362267892 17.0
73.02994227392226 16.0
73.06712498149892 15.0
73.10159229200711 16.0
73.13725300407305 15.0
73.16904905258565 14.0
73.20887241600893 15.0
73.21553177783014 16.0
73.22485991512622 17.0
73.23178773168401 18.0
73.24033141414172 17.0
73.24303691984204 16.0
73.31067277668333 17.0
73.31290782564588 18.0
73.3402004626276 17.0
73.4265879939919 16.0
73.53153231886338 15.0
73.53372884983962 16.0
73.68816438807166 17.0
73.69416836968979 16.0
73.71885819220539 17.0
73.73211246450931 18.0
73.73313207305361 19.0
73.75091421822717 18.0
73.82316224592846 17.0
73.89751208186566 16.0
73.94725026250276 17.0
73.96430408935102 16.0
74.0185304234667 17.0
74.10168107160149 16.0
74.12201010330931 17.0
74.12997419091135 16.0
74.14589404067759 17.0
74.1689773433526 18.0
74.19768161764048 17.0
74.20946153243682 16.0
74.25349395277254 15.0
74.28532542621176 14.0
74.31848460080116 13.0
74.38920365883585 12.0
74.41576875339543 13.0
74.42501201576569 14.0
74.52465898528995 15.0
74.53526592564542 14.0
74.5494477941628 13.0
74.56995882267985 12.0
74.68184428522648 13.0
74.70134047233545 12.0
74.82716626315788 13.0
75.08377076328789 14.0
75.08948878258296 13.0
75.11571332917855 12.0
75.14749824778255 11.0
75.18979337670092 10.0
75.42388134906803 11.0
75.46983125634857 12.0
75.4964120259518 11.0
75.51957051021732 12.0
75.5444407743046 11.0
75.54641576066334 12.0
75.62605761743313 11.0
75.65370681079746 10.0
75.7275283518259 11.0
75.77278680064468 12.0
75.78533254561589 13.0
75.81964528792565 12.0
75.83338981237725 11.0
75.83381749539124 12.0
75.84432682069834 11.0
76.14345490183797 12.0
76.20198005834887 11.0
76.20573892707577 10.0
76.21382570739546 9.0
76.22108100795597 10.0
76.27327395775828 9.0
76.32396699807298 10.0
76.33447530049274 11.0
76.37773039002967 10.0
76.44455965731274 9.0
76.50080297336143 10.0
76.51549926760538 11.0
76.54090913959261 12.0
76.59530847139357 11.0
76.7347286542643 12.0
76.7509199578793 13.0
76.78250514077445 14.0
76.78272824920654 13.0
76.85283979953665 14.0
76.9138490461648 15.0
76.92930278708042 16.0
76.9873703861185 17.0
77.06634731124811 16.0
77.08742001740467 15.0
77.11439978828973 14.0
77.12654082777982 13.0
77.19804497683367 12.0
77.21123288132952 13.0
77.4025166122809 14.0
77.40683365199425 13.0
77.40775863933193 12.0
77.4203392732582 13.0
77.47853564193566 12.0
77.49051768503499 11.0
77.5482802230762 10.0
77.58889472609573 11.0
77.59588843537826 12.0
77.61776292042967 13.0
77.6400511580095 14.0
77.66886196470631 15.0
77.69535014784849 14.0
77.8666385170853 13.0
77.90773886140913 14.0
77.91406194434194 15.0
77.96355024108956 14.0
77.97493780481439 13.0
77.98061558278496 14.0
78.0019399699602 13.0
78.09100815220575 14.0
78.09827053270257 13.0
78.11353284156927 14.0
78.1153443597126 15.0
78.17486793031861 16.0
78.22772182248396 17.0
78.2387776038504 16.0
78.24631390217085 17.0
78.25473200792314 16.0
78.27486568668617 17.0
78.3814324738347 18.0
78.424042386349 19.0
78.44600703305407 18.0
78.45421304707824 19.0
78.52238756156912 18.0
78.52386896336182 17.0
78.54033708095267 16.0
78.5514623944615 17.0
78.5661346672179 16.0
78.62532817085703 15.0
78.66559108394972 14.0
78.71822431223428 13.0
78.72175115218592 14.0
78.81637458033927 13.0
78.83307257083106 12.0
78.90480013714777 13.0
78.90824590499285 14.0
78.93571108799496 15.0
79.05596759626658 16.0
79.05671941512428 17.0
79.07618413114402 16.0
79.15189734200638 17.0
79.16870728780245 16.0
79.19559973747059 15.0
79.27660758839454 14.0
79.30416107454802 13.0
79.33200624750144 12.0
79.33990715320752 13.0
79.42166535998003 12.0
79.42235757249424 11.0
79.46173899340558 12.0
79.46835184526957 11.0
79.4718223414239 10.0
79.5357110007968 11.0
79.56638936365104 10.0
79.58501280114122 9.0
79.61626893878287 8.0
79.6459489782156 9.0
79.82315727664698 8.0
79.85116239079143 7.0
79.94683876035056 6.0
80.00717850450123 5.0
80.03278642951695 4.0
80.12193931262581 5.0
80.12294289946885 4.0
80.15937351457919 5.0
80.17484371113422 6.0
80.22476010844595 7.0
80.26362028085808 8.0
80.3124235075541 9.0
80.32068784665755 10.0
80.3732188900873 9.0
80.37865653841232 10.0
80.42347847400227 11.0
80.4357349419626 12.0
80.45588306415095 11.0
80.47322175371372 12.0
80.53612064897234 13.0
80.55577582579227 12.0
80.68595675160769 11.0
80.71453867113625 12.0
80.73820054006637 13.0
80.76159170554143 14.0
80.76835188870311 15.0
80.78714183666425 14.0
80.81519488717841 13.0
80.85976122846591 12.0
80.8823351775848 13.0
80.91265191038913 12.0
81.00146238116092 11.0
81.04500270091658 12.0
81.10882764030436 13.0
81.12456658095543 12.0
81.13832683398178 13.0
81.18046998427326 14.0
81.25338349736974 15.0
81.27096844514435 14.0
81.28878360175698 15.0
81.29771796316491 14.0
81.31578131288414 15.0
81.31893449146008 14.0
81.38954852555977 15.0
81.40501294734675 16.0
81.46327176072084 17.0
81.51812150743504 18.0
81.54169261181697 19.0
81.60470082532686 18.0
81.61270403399116 19.0
81.69868538860541 20.0
81.73335672698624 19.0
81.83118258628673 18.0
81.9183621511347 17.0
81.93648338257067 16.0
81.94548796482637 17.0
81.9615739228428 16.0
81.98964106901559 15.0
82.25943480575256 16.0
82.43245386529985 17.0
82.45184515507394 16.0
82.4536050630129 17.0
82.45404316754065 18.0
82.4754470815595 17.0
82.49062632453216 18.0
82.66084233618618 17.0
82.68281772177441 18.0
82.73066971183131 19.0
82.73437383597457 18.0
82.76523194798497 17.0
82.76724232484288 18.0
82.76967656179701 19.0
82.86161269903354 18.0
82.86222628071515 17.0
82.87202042857692 16.0
82.91417725995184 15.0
82.93178550135025 14.0
82.94276676491721 15.0
82.99478215608082 14.0
82.99478855110253 13.0
82.99484227331918 12.0
83.05986869693476 13.0
83.06158134603977 14.0
83.07138397850618 15.0
83.07236329245357 14.0
83.2867593225146 13.0
83.37157298456735 12.0
83.43310916604732 11.0
83.47823653671884 12.0
83.47889760518137 13.0
83.48622008595004 14.0
83.69790251668779 15.0
83.69821071747529 14.0
83.78965133751304 13.0
83.82273465991906 12.0
83.85157734602625 11.0
83.88598377905384 10.0
83.9910816851042 11.0
84.03709903862918 12.0
84.13179469184523 13.0
84.2126481626377 12.0
84.2577914633114 13.0
84.32744981413907 14.0
84.33260019878166 13.0
84.46533975493669 12.0
84.47806574476843 11.0
84.48233613934575 12.0
84.53229904485288 11.0
84.5381506769215 10.0
84.70054782380625 11.0
84.74046894579595 10.0
84.79307514567019 9.0
84.85629213579014 10.0
85.11228233961052 11.0
85.15368499193828 12.0
85.28008993332988 13.0
85.28417949948174 14.0
85.29176023527964 15.0
85.36649732061814 14.0
85.45807662983957 15.0
85.50879083884566 16.0
85.51038576649425 15.0
85.51841732061575 14.0
85.54902756825946 13.0
85.70509446633461 12.0
85.72878257832781 13.0
85.74661519589796 14.0
85.7805392991311 13.0
85.91990477905792 12.0
85.9320560164607 13.0
85.95302927101538 12.0
85.96156186282936 11.0
86.0005636610038 10.0
86.03568573359853 11.0
86.04688485440657 10.0
86.09103037394335 11.0
86.17606572352861 10.0
86.27191623395579 9.0
86.30112708246482 8.0
86.44721803848613 9.0
86.48786197743811 10.0
86.50961168607856 9.0
86.51187842317397 8.0
86.51490362455128 9.0
86.59087392527974 8.0
86.60493168142872 9.0
86.66638965236864 8.0
86.72641380443619 9.0
86.72787695519224 10.0
86.77120172724801 11.0
86.79369103949679 12.0
86.79811981430399 11.0
86.84862207610604 12.0
86.91043022737946 13.0
86.93696517080393 12.0
86.95054726362046 13.0
87.00021618000171 14.0
87.01563021803027 13.0
87.02856324484449 14.0
87.0488476735526 15.0
87.05071017116445 16.0
87.21314603246189 15.0
87.29168408613673 14.0
87.34301341466531 13.0
87.36840368651406 12.0
87.41404664130289 13.0
87.47234436155219 12.0
87.51829386016969 13.0
87.66573882535255 12.0
87.684608377113 13.0
87.72937142455481 14.0
87.75790328853557 13.0
87.79551122014287 14.0
87.85556692880549 13.0
87.92479021581691 12.0
87.94042914292899 13.0
88.01757057905198 12.0
88.01881893425862 11.0
88.02031383103208 10.0
88.05519443253847 11.0
88.06954189097583 10.0
88.09541069652373 11.0
88.10079614329207 12.0
88.1128827216325 13.0
88.15800243158691 12.0
88.23127637686159 11.0
88.26780491443797 12.0
88.27898371052153 11.0
88.31825878854998 12.0
88.32008397349011 11.0
88.38408442853269 10.0
88.45122507944787 9.0
88.4609317289289 10.0
88.65778491085358 9.0
88.66938599554648 10.0
88.67566866179197 11.0
88.6880645812031 12.0
88.69874099712345 13.0
88.77249994866503 14.0
88.77575116434454 15.0
88.8179319526266 14.0
88.8428604174529 13.0
88.90755475224515 12.0
89.05476931809186 13.0
89.07100150821486 14.0
89.07925684123458 15.0
89.24160527978671 16.0
89.24223623631055 17.0
89.27923716588573 16.0
89.29929825878686 17.0
89.32682285066662 16.0
89.34453243608866 17.0
89.34493486378462 16.0
89.36083927345182 15.0
89.3613491327867 14.0
89.3689229235636 15.0
89.45302176404358 16.0
89.45354620509421 15.0
89.47633872181332 16.0
89.49040915944998 15.0
89.51650662996555 16.0
89.5361028260663 17.0
89.5458193501075 18.0
89.55245633365226 17.0
89.64258058836073 18.0
89.6673620472414 17.0
89.71243675698385 16.0
89.84913886749823 17.0
89.86849428257439 16.0
89.90072062022679 17.0
89.97151627551207 18.0
90.0118868712099 17.0
90.02731472352515 16.0
90.07481168488592 15.0
90.1143446099257 14.0
90.24438712055873 15.0
90.32135004090696 16.0
90.35030601414962 15.0
90.38627631507788 16.0
90.39932478972472 15.0
90.43932934909658 16.0
90.4710214388295 15.0
90.50301022969678 16.0
90.5815722290733 17.0
90.6357812035241 18.0
90.66942561735944 17.0
90.69352113330044 18.0
90.76991556886915 17.0
90.7798061722212 16.0
90.79714894322798 17.0
90.86964366957281 16.0
90.8963686509822 17.0
90.96187213336124 16.0
91.05496384778196 15.0
91.0710006443275 14.0
91.11230434765594 15.0
91.13488206683016 14.0
91.16337060161428 15.0
91.17229354626484 16.0
91.17877146387298 15.0
91.2368686373836 14.0
91.28158403005104 13.0
91.28221064037338 12.0
91.40166667338757 13.0
91.41207520560754 14.0
91.4691090319527 13.0
91.50383819305814 12.0
91.55303693299275 11.0
91.5761824413829 12.0
91.59657227781314 11.0
91.60358612866146 12.0
91.65303686842229 11.0
91.69686601832542 12.0
91.72058413241827 13.0
91.73035036530382 14.0
91.80861519206431 13.0
91.91799228099907 14.0
91.93368368248406 15.0
91.95955637857251 16.0
91.98256154014673 15.0
92.07432130846473 16.0
92.0810141569276 17.0
92.08638524380395 16.0
92.16801952823774 17.0
92.20014377361386 16.0
92.23628269107371 17.0
92.3117951172446 16.0
92.31985489584291 17.0
92.33386295115673 16.0
92.378994279465 15.0
92.46698419744561 16.0
92.51355630808187 15.0
92.5174157846465 14.0
92.59795148738759 15.0
92.64254596573608 16.0
92.6815283735025 17.0
92.73536181753042 16.0
92.7470854068612 17.0
92.8446669448871 16.0
92.88243868158344 15.0
92.9124298127087 14.0
92.94217932153404 15.0
92.95476342208373 14.0
92.98824355114017 15.0
93.00325946785566 16.0
93.00732037528363 17.0
93.08975305401543 18.0
93.09999367618603 17.0
93.12389851201894 18.0
93.14848598133803 19.0
93.17375123870345 18.0
93.19351709647181 17.0
93.1963249950302 16.0
93.2050315306042 15.0
93.25778101232895 14.0
93.32134675063524 13.0
93.37451572453244 12.0
93.38997212736027 13.0
93.4001384172592 14.0
93.44659118502426 15.0
93.57651454479816 16.0
93.599115336219 15.0
93.67389375951878 14.0
93.67920048295944 15.0
93.72190383331174 14.0
93.73240273911888 13.0
93.74353034357507 12.0
93.75208334580444 11.0
93.77168977657944 12.0
93.7768897422038 13.0
93.82116489852783 12.0
93.88030984005427 13.0
93.95335688640307 14.0
93.97072552871334 15.0
93.97074347957883 14.0
94.01335630798768 15.0
94.03900047808901 16.0
94.0556846962044 15.0
94.09435104943583 14.0
94.14934148012334 15.0
94.15613165569069 16.0
94.19484089216158 17.0
94.22460662571122 18.0
94.2368561083012 17.0
94.3682092957779 16.0
94.38951136698567 17.0
94.42160598102978 16.0
94.4596607313876 17.0
94.50002544160807 18.0
94.5181273351801 17.0
94.56210418884216 18.0
94.62173625535766 19.0
94.6233686906883 20.0
94.70090517314873 19.0
94.71451941337003 18.0
94.71539331010273 17.0
94.75107981529789 18.0
94.7580892357447 19.0
94.76332944831353 18.0
94.77426622492769 17.0
94.81121817613467 18.0
94.81612532891114 19.0
94.85760505484751 18.0
94.87167546301798 19.0
94.8793732697428 20.0
94.89661959731785 21.0
94.92176059264217 22.0
94.94222005412973 21.0
94.94278658949725 22.0
94.95332599267465 23.0
94.95552104349655 24.0
94.97480026926063 25.0
94.9898189887337 24.0
95.00646819532524 25.0
95.01553243667988 24.0
95.01680179752174 23.0
95.14981310654638 22.0
95.16762276585125 23.0
95.21407016209015 22.0
95.22073739863004 21.0
95.27963753153549 22.0
95.28226302815223 21.0
95.29917945457417 22.0
95.3070792853716 21.0
95.31538012192605 22.0
95.31552368859255 23.0
95.33965327514251 24.0
95.36281245668204 25.0
95.41728172212096 24.0
95.5060063083835 23.0
95.57665810662957 22.0
95.59159891610541 21.0
95.60429941185912 22.0
95.62853872919511 23.0
95.67778674298104 22.0
95.69183874808539 23.0
95.74358924924303 22.0
95.74528420668169 21.0
95.77982807211343 22.0
95.78198989508606 21.0
95.87993144236975 20.0
95.92577394455778 21.0
95.94010195157517 22.0
95.9501662729459 23.0
95.9661656136161 22.0
95.96744396407509 23.0
96.01968108335439 24.0
96.05991480122006 23.0
96.09072380906498 22.0
96.17548198246064 23.0
96.2346157104381 24.0
96.24059926224959 23.0
96.24213786212839 24.0
96.24496689126578 25.0
96.25749174195235 24.0
96.2697262543907 25.0
96.28815977426372 24.0
96.30194991081737 23.0
96.39649846316104 24.0
96.51387681542877 25.0
96.56699047162856 26.0
96.57079642433153 25.0
96.57729254849475 26.0
96.58705427931984 27.0
96.59391823583411 26.0
96.61477576394955 27.0
96.63407199149869 26.0
96.77416155743667 25.0
96.77632456896261 26.0
96.82518803155929 27.0
96.83832332768912 26.0
96.85060089388257 27.0
96.87384102611125 26.0
97.05348702906345 25.0
97.07006252183747 24.0
97.08992308407292 23.0
97.09765523380274 24.0
97.15972505414629 25.0
97.16360524687897 24.0
97.16399236243682 25.0
97.19338034410252 26.0
97.20742041516692 25.0
97.2480267602405 26.0
97.31924888782589 27.0
97.33373351891667 28.0
97.34083573914495 27.0
97.35230971273347 28.0
97.39253481121632 29.0
97.4316314595254 30.0
97.4632407347691 29.0
97.46613705394287 28.0
97.47592432161758 27.0
97.47796513881295 26.0
97.4854830599573 25.0
97.54203473126701 24.0
97.56677348495683 23.0
97.57887240138825 22.0
97.60693366169195 23.0
97.61657843213362 24.0
97.62517293649915 23.0
97.67011060677656 22.0
97.67141744456414 21.0
97.67493430671729 20.0
97.71345799359189 21.0
97.71969090666975 22.0
97.72008239877177 23.0
97.7637970672874 22.0
97.77516901059954 21.0
97.81320669480885 22.0
97.92117351059261 21.0
97.95989061230908 22.0
97.98976093529208 23.0
98.0538351774447 22.0
98.07190595403857 21.0
98.12292378355164 20.0
98.161944381915 21.0
98.17268956906318 20.0
98.21706229600173 19.0
98.22437028374114 20.0
98.27708546034665 19.0
98.29163790980523 18.0
98.29818665219203 19.0
98.34025281049018 18.0
98.36671159871537 19.0
98.4262304478794 20.0
98.43410905446493 19.0
98.51198991743657 18.0
98.52209029378254 17.0
98.52327195305372 18.0