0.0 35.0
0.005238265912928388 34.0
0.006363185740659607 34.0
0.05252375789680497 34.0
0.08144013575281724 33.0
0.09328976725792436 32.0
0.09893547045254868 32.0
0.1336520675294774 31.0
0.14150157750499942 31.0
0.14307287286494033 30.0
0.1653534307038806 29.0
0.16802566456154133 29.0
0.19416994416104957 28.0
0.27014362610116815 29.0
0.3052809078720988 29.0
0.35087453452731526 28.0
0.3559905067067111 28.0
0.3619760865221159 28.0
0.3640333626308251 28.0
0.39251534810857097 29.0
0.4173583171954028 30.0
0.4295907601956011 31.0
0.46978451609992095 30.0
0.4765765809699475 31.0
0.48550974492610643 31.0
0.512555924574673 31.0
0.5512446643943244 30.0
0.5959042246741559 29.0
0.6007628488167297 28.0
0.6562611534332635 28.0
0.7113950423607724 27.0
0.7858657005203444 27.0
0.8238401939769701 26.0
0.8249457967186636 27.0
0.8528188253794663 27.0
0.8718093210629219 28.0
0.9230921860153385 29.0
0.9429870067421184 28.0
0.9543131984059938 28.0
0.9822209181827819 28.0
0.99791819238918 28.0
1.0232071609840487 28.0
1.0382099575875297 28.0
1.0673380886764123 28.0
1.0998854988192832 29.0
1.1099922166640916 29.0
1.1209634589285937 29.0
1.1638921218163822 29.0
1.1644103246330513 28.0
1.1663467544795958 29.0
1.1803583657170076 28.0
1.202857466599387 29.0
1.232822437776565 29.0
1.3572114164811167 30.0
1.3661623715566367 31.0
1.452609951691657 30.0
1.4603162618575318 31.0
1.5141757614540547 31.0
1.5168665546650641 30.0
1.5590235846089884 30.0
1.5691743161398857 29.0
1.6521436061197718 29.0
1.6630246800973947 28.0
1.7228770041229382 29.0
1.7546500201906636 29.0
1.769741846935639 29.0
1.7715049013476056 29.0
1.7726157023139442 28.0
1.7813709216224427 28.0
1.8189304528565455 29.0
1.8235468145971612 28.0
1.8707374182282819 28.0
1.8949833317981375 28.0
1.9159770356819539 27.0
1.929958594552388 27.0
1.9544678840989511 27.0
1.9572677634516422 27.0
1.9937692948628807 27.0
2.0345756878139407 28.0
2.0580303424495594 28.0
2.0670999769547724 28.0
2.1394211985266773 28.0
2.1535750276341443 29.0
2.178059536196975 29.0
2.2305923176010625 28.0
2.242873537752358 29.0
2.2760425002408526 29.0
2.3253718298978954 29.0
2.352610535877506 30.0
2.3998263044848893 30.0
2.4739409087627187 31.0
2.568794726120498 31.0
2.5690475127248846 31.0
2.5906336868602122 31.0
2.594145578541804 31.0
2.601569305661669 30.0
2.6019266628739794 31.0
2.644414393280016 30.0
2.774105964842196 31.0
2.7865594632815482 30.0
2.795299608448291 29.0
2.8255603702507384 30.0
2.844377242282845 29.0
2.8740581963416973 28.0
2.8933925412710573 28.0
2.9129348851124117 28.0
2.9865726529991483 27.0
2.9991806898052573 28.0
3.0178870257548938 29.0
3.053173041214804 29.0
3.148789410417691 28.0
3.1568858369801336 28.0
3.168300896424633 29.0
3.24613869414723 29.0
3.2969747554455244 29.0
3.4126382866383755 30.0
3.439314740330885 31.0
3.440870666061143 31.0
3.4581736634730644 32.0
3.5041854983410086 32.0
3.543463234685932 32.0
3.552621798311358 32.0
3.583820977135952 32.0
3.602364126858282 32.0
3.6456229055433926 31.0
3.654803350468713 32.0
3.668352583043087 32.0
3.7019554280789366 31.0
3.7071217114117365 30.0
3.7183161971907683 30.0
3.739095071756436 30.0
3.7444347204905544 29.0
3.7576284017193915 29.0
3.7907871714095287 28.0
3.7930542526561224 29.0
3.8014913205732674 30.0
3.822510693431793 31.0
3.864261794091755 31.0
3.8910175934012594 32.0
3.9462399977374094 32.0
3.9517765032919554 33.0
4.027715876465971 32.0
4.162217457027985 32.0
4.205624557181017 33.0
4.208409278717371 32.0
4.247241443947624 32.0
4.259945420004563 32.0
4.262359979403748 32.0
4.285142007766166 32.0
4.29254164181834 32.0
4.3057973545045805 33.0
4.349760486757099 32.0
4.369022028651737 32.0
4.381108092503795 32.0
4.391945681291219 32.0
4.393930455798793 32.0
4.435583084798194 31.0
4.473893061875206 31.0
4.528810165258275 30.0
4.530373339886798 30.0
4.5319896392488594 30.0
4.552213830070695 31.0
4.554761166678429 30.0
4.574317325615017 30.0
4.5830446126030004 30.0
4.604182083626104 30.0
4.627116450185394 31.0
4.716161542447492 30.0
4.7373636849319665 31.0
4.767419996339787 30.0
4.770215347551602 31.0
4.816915617403754 31.0
4.820148850372283 31.0
4.850132184933174 32.0
4.9548314187682285 32.0
4.9683388217343465 33.0
5.06452559580777 34.0
5.122333522434138 33.0
5.138414891894469 32.0
5.166389487300954 33.0
5.178989524267077 34.0
5.25189285188258 34.0
5.273649565037627 34.0
5.275089752885367 35.0
5.278935166375315 35.0
5.335804475295598 34.0
5.351043628345023 35.0
5.373032743094055 35.0
5.401585500383705 36.0
5.4381170904746945 37.0
5.479216112036535 37.0
5.503803303838413 36.0
5.503803557633633 35.0
5.5123409297191825 35.0
5.5255494549787585 35.0
5.589063169750915 34.0
5.615791819647172 35.0
5.632661675450843 36.0
5.638420198697777 36.0
5.665444801017865 37.0
5.70035910900268 38.0
5.754966551453248 38.0
5.755627020861142 38.0
5.760132187461148 39.0
5.79642917806866 38.0
5.799392036149039 39.0
5.937085772567851 40.0
6.012533004804391 40.0
6.047301330847872 41.0
6.050961640240303 40.0
6.056596236244652 41.0
6.062465541414872 41.0
6.098416926703707 40.0
6.122119818820752 41.0
6.129511522362951 40.0
6.16345692177539 39.0
6.174538306546476 40.0
6.22368493749434 41.0
6.298935560726885 42.0
6.302035195256679 42.0
6.325089006196302 42.0
6.368577902474946 41.0
6.413632896555134 40.0
6.426653750678646 40.0
6.459472951906075 39.0
6.488198002428966 39.0
6.494496624056304 40.0
6.495860539024634 40.0
6.6467369495284965 39.0
6.69515608714948 39.0
6.78891889722387 40.0
6.789239880953909 40.0
6.81387497219711 40.0
6.894738713359502 39.0
6.965534916778239 40.0
6.986650908646052 41.0
7.030087840265858 41.0
7.105907561401776 40.0
7.237120204866477 39.0
7.2501192137418755 38.0
7.258227548085449 37.0
7.391638537975857 37.0
7.403780723958074 37.0
7.430219168820037 38.0
7.432395951768289 37.0
7.439515537521068 36.0
7.485531137634476 35.0
7.540440264586251 36.0
7.604414705234306 35.0
7.63751164593831 34.0
7.640707359597502 35.0
7.696880022789918 34.0
7.768901978798487 33.0
7.784776115667087 34.0
7.835704260839161 35.0
7.8784685915907975 36.0
7.930548880612939 37.0
7.9955823040961835 38.0
8.012547149634445 37.0
8.014676464757523 37.0
8.079081896935476 37.0
8.092794226026347 37.0
8.10650014537371 38.0
8.122782884912839 37.0
8.173307076597666 37.0
8.21321932993379 37.0
8.213885011538565 38.0
8.236962741474883 38.0
8.253685297338286 37.0
8.277072678836166 37.0
8.311905656790895 37.0
8.315681086095035 38.0
8.368677750242624 39.0
8.371512453393127 40.0
8.377361710381367 41.0
8.390242220992967 40.0
8.444563607789648 39.0
8.452699174795082 38.0
8.48165948255967 38.0
8.496452472766931 38.0
8.562662839164531 39.0
8.655617906996559 38.0
8.67766538478706 38.0
8.681886018097286 38.0
8.707870402183762 37.0
8.765412831920782 37.0
8.769988368601672 38.0
8.845844105259584 38.0
8.869349249268206 38.0
8.880452104093807 38.0
8.971522432648253 39.0
9.05354180388821 39.0
9.071735173477833 39.0
9.121384816511737 38.0
9.135688511701344 38.0
9.186583305832826 38.0
9.196910306191322 38.0
9.238506038307573 37.0
9.252406648908076 38.0
9.266840583736615 39.0
9.267935479578433 39.0
9.296400800387204 39.0
9.315980649853735 40.0
9.33918239556052 41.0
9.374939742299905 41.0
9.39765481086834 41.0
9.411341276485308 41.0
9.525348563942108 40.0
9.61940521588771 41.0
9.637654089204737 41.0
9.732935540358117 40.0
9.734854840532577 40.0
9.749325797190437 39.0
9.768400773548626 38.0
9.8159379762367 39.0
9.902475645322765 39.0
9.917508083350612 39.0
9.918310464083573 38.0
9.91890434821549 39.0
10.005916223654566 40.0
10.051078954182154 40.0
10.058270045558242 40.0
10.076904585800861 39.0
10.134750734723198 40.0
10.155161484047477 40.0
10.276661602355684 40.0
10.286835276529958 39.0
10.300809922944032 40.0
10.346460321081071 41.0
10.364396484616798 41.0
10.385719246379324 41.0
10.496333668172717 42.0
10.497903884233468 43.0
10.51050126633538 44.0
10.522984153713173 44.0
10.52901101610712 44.0
10.53009279919423 44.0
10.539746095305913 45.0
10.600844520851961 46.0
10.62511559793976 46.0
10.626573452278967 47.0
10.660257721666534 48.0
10.734025760703938 47.0
10.736209889818777 46.0
10.75106599153678 46.0
10.797499088187584 47.0
10.830547240364796 47.0
10.844071310102963 48.0
10.858260536342279 49.0
10.870444089216944 49.0
10.932099915235373 48.0
10.954996986895717 49.0
10.97471617623506 50.0
11.006627050224463 51.0
11.025353437838262 50.0
11.069069912482862 49.0
11.083760164272816 49.0
11.105706249105701 49.0
11.140859139571639 48.0
11.203172560773634 49.0
11.312155003238898 50.0
11.370743105049442 51.0
11.39222457814256 52.0
11.426362625915196 52.0
11.538878532326812 53.0
11.659372119791835 52.0
11.702317899922718 53.0
11.71928232199445 53.0
11.71997373168303 53.0
11.762044242954275 52.0
11.839473321370157 53.0
11.909271297264311 53.0
11.918564658804698 52.0
12.028448298290815 51.0
12.035720457862102 52.0
12.053147196656463 51.0
12.104750670114933 50.0
12.137837011903008 50.0
12.181035308972383 49.0
12.250593600134057 49.0
12.269820618370682 48.0
12.311031450138191 49.0
12.383287826544876 50.0
12.38800373032354 49.0
12.404345310566868 50.0
12.429021004467172 51.0
12.657290714297785 50.0
12.683751223852477 51.0
12.76236972604223 52.0
12.843706378963915 51.0
12.851156950127304 50.0
12.851775755406821 49.0
12.87220764104364 48.0
12.919743375474335 49.0
12.969482593388127 48.0
12.976717318909992 48.0
12.98263273836952 47.0
12.990326983837546 47.0
13.009324126883156 47.0
13.032108259049526 47.0
13.059315589255553 46.0
13.104385157780907 46.0
13.15168422647142 46.0
13.15447386899801 45.0
13.257298015870441 46.0
13.271544944970893 46.0
13.281597810658 47.0
13.286489847260938 46.0
13.293919625729039 45.0
13.305521618224473 44.0
13.329315041219653 45.0
13.41742100727485 44.0
13.43595884667289 45.0
13.449903241031576 45.0
13.459382489071073 45.0
13.49779081896105 44.0
13.499649216951523 45.0
13.511323146053725 46.0
13.634948954783438 47.0
13.673868737935079 48.0
13.683122344517704 49.0
13.696585498420482 49.0
13.743617417450142 48.0
13.74731572900324 47.0
13.766513866441732 46.0
13.780568420819995 47.0
13.786449421138453 48.0
13.832776987303037 49.0
13.920562647092 48.0
13.947308878452937 48.0
13.99008533649117 48.0
14.012791360751148 47.0
14.02269344175499 48.0
14.065717007676067 49.0
14.157815721843164 48.0
14.163010170023972 49.0
14.167471469775347 48.0
14.285191072588248 47.0
14.287839591235784 48.0
14.294822599488048 49.0
14.297524815299372 50.0
14.304846517887958 49.0
14.322763471737241 50.0
14.334491169335898 50.0
14.33691159509942 51.0
14.525192656887828 52.0
14.61924492997838 51.0
14.674213428695563 52.0
14.722549861036065 53.0
14.737368748915115 52.0
14.770998822967282 53.0
14.806214212913455 52.0
14.891006411567547 51.0
14.949256840407351 51.0
14.953255549004146 52.0
14.956525374015241 52.0
15.035091028955431 52.0
15.059085380215532 52.0
15.106732316199068 51.0
15.162554390552195 50.0
15.173039153431915 51.0
15.221309662029022 50.0
15.305637691483245 51.0
15.311650846172357 51.0
15.327410825365643 52.0
15.338549616092351 51.0
15.382366046599454 50.0
15.47983646328844 51.0
15.530397787637003 50.0
15.555198509419743 49.0
15.704277642112075 49.0
15.717598795979454 48.0
15.729980566425814 49.0
15.827017634369875 48.0
15.838468535452524 47.0
15.850474656426439 46.0
15.886312306037771 45.0
15.896639566634164 46.0
15.914974519761568 47.0
15.916384611789677 46.0
15.919339339380567 45.0
15.920419458741753 45.0
15.942776113947247 44.0
16.014108705415772 45.0
16.035757135395215 45.0
16.064375496653636 45.0
16.165524873649357 44.0
16.172252994040935 44.0
16.179087903026538 45.0
16.330511846174677 45.0
16.356713443699523 45.0
16.397350151144597 46.0
16.4531021616428 46.0
16.457780574695796 47.0
16.481685446277073 47.0
16.522285681550294 48.0
16.553987489113464 47.0
16.554892229226333 48.0
16.564155066793518 47.0
16.645489909405214 47.0
16.7849583886794 48.0
16.81942548148752 47.0
16.864311169951563 48.0
16.912732233904865 48.0
16.92344491615205 47.0
16.923561863635943 46.0
16.964339370841316 46.0
16.98545880752075 47.0
16.98816621891116 47.0
16.99166830867174 47.0
17.056371782187195 48.0
17.10260045624771 47.0
17.118779355671418 47.0
17.150808447548975 47.0
17.180276044903202 48.0
17.246760534268812 48.0
17.28278199567841 49.0
17.313029241669522 48.0
17.361598399199583 49.0
17.370960147780874 50.0
17.38089673469802 49.0
17.395926165815375 48.0
17.451138385180105 48.0
17.4577366051419 49.0
17.508875060026227 48.0
17.515198114388518 49.0
17.616806132771714 48.0
17.694039550756987 49.0
17.69718094882602 48.0
17.698205647339545 47.0
17.720740632400343 47.0
17.736655340757707 48.0
17.738929702973593 49.0
17.758594791287774 48.0
17.766219235713034 49.0
17.79340256672143 48.0
17.85121230172716 47.0
17.85506189291326 48.0
17.89383835989925 47.0
17.949977098811285 48.0
18.019493354210663 49.0
18.03013292303089 48.0
18.09392519218815 47.0
18.20180252753307 48.0
18.207834403071235 49.0
18.216441049259043 49.0
18.217859714514812 50.0
18.342532646362734 49.0
18.346210898183646 48.0
18.429286398495726 47.0
18.46759336138125 48.0
18.47167986751542 49.0
18.48287660542071 50.0
18.543956183738207 49.0
18.575260411929 48.0
18.613666492110774 49.0
18.675750433135093 49.0
18.723091417412057 48.0
18.76886256075585 49.0
18.83471962370032 49.0
18.852893186469277 48.0
18.85325452502039 49.0
18.854684426032613 50.0
19.00982866184344 50.0
19.014932244807476 49.0
19.074160439505064 50.0
19.103879447351922 51.0
19.232539510548158 50.0
19.233133394659088 49.0
19.25822429254977 50.0
19.291519299404772 49.0
19.299898007283577 48.0
19.361021648477074 49.0
19.393253942631898 49.0
19.40845701030301 49.0
19.417354204259293 49.0
19.431170416815515 48.0
19.457576787264575 48.0
19.46460674966056 49.0
19.472368926831248 49.0
19.495038851011454 49.0
19.50024770633438 50.0
19.52361769947106 50.0
19.52936456748043 51.0
19.582274194036223 50.0
19.745836782961458 50.0
19.812772592750523 49.0
19.849516665369823 50.0
20.019267049095312 49.0
20.047084919674603 48.0
20.048973633102655 49.0
20.050796852758275 50.0
20.059289918598598 49.0
20.139549087462314 48.0
20.143878045430107 49.0
20.1497553410789 49.0
20.15723450076818 49.0
20.244708164357828 49.0
20.37812311273497 50.0
20.379004963874692 49.0
20.391045662995452 50.0
20.41819485767502 51.0
20.428426828595143 52.0
20.55100608558286 51.0
20.55901474730454 50.0
20.592029578704512 49.0
20.63345313520252 50.0
20.686617688148434 50.0
20.780674544184702 51.0
20.78246376796055 52.0
20.795906694544875 53.0
20.81818280380576 52.0
20.821030134779853 53.0
20.884305346469617 52.0
20.91092981014311 53.0
20.940174692033043 54.0
20.957748720580913 55.0
20.97048229434208 54.0
20.985097066378977 54.0
20.992998238568163 53.0
21.035488602311986 52.0
21.072105220940784 51.0
21.203395176107136 51.0
21.205328225178402 52.0
21.225777682251824 53.0
21.231165012508885 52.0
21.248739415610036 53.0
21.265994537340596 52.0
21.396560934344123 51.0
21.418377069048873 50.0
21.452964900937893 49.0
21.497506923845783 48.0
21.630745724775156 49.0
21.69332651676161 49.0
21.716762000518447 48.0
21.846408822782653 49.0
21.863204795579147 50.0
21.897205563525944 50.0
21.906341367224268 49.0
21.98948225115211 48.0
21.991505016026995 49.0
22.024834017799275 50.0
22.05690274814094 49.0
22.118434869629965 50.0
22.119819699562495 50.0
22.156501525940634 51.0
22.175162364231294 52.0
22.20960023352554 51.0
22.263751626419968 50.0
22.263899071028536 50.0
22.276240778128155 49.0
22.28681539014701 48.0
22.296046660527388 49.0
22.328231888487778 48.0
22.331216202117954 49.0
22.374580450227498 49.0
22.442181176527924 48.0
22.44883203367464 47.0
22.499937628252663 48.0
22.5292485909282 47.0
22.601618780660722 47.0
22.60465615556011 46.0
22.62124764220268 47.0
22.63675143726921 48.0
22.671367504018615 47.0
22.76895964876473 48.0
22.782143802402164 48.0
22.79835272399826 47.0
22.875430357180367 48.0
22.894875675896824 47.0
22.92626040257477 46.0
22.959350263610297 46.0
23.050499358596653 47.0
23.081349932381386 47.0
23.085116413160765 48.0
23.099127050999062 48.0
23.10133016647604 49.0
23.108318579060356 48.0
23.116774920729025 49.0
23.13856452403263 48.0
23.17876101559873 47.0
23.18972924021246 46.0
23.23658008417727 47.0
23.24259518789627 46.0
23.257981661969197 47.0
23.267067219416976 48.0
23.301729680348686 48.0
23.330459601989176 48.0
23.35068743797278 47.0
23.421698792276633 46.0
23.46345475018037 47.0
23.515328654133235 46.0
23.589512599831682 46.0
23.593070483427063 45.0
23.59810340176155 46.0
23.613208842856864 45.0
23.64130637431187 46.0
23.682171408610092 47.0
23.74160014096342 47.0
23.78906194568872 48.0
23.805852921589718 47.0
23.84200376711278 48.0
23.855077144230858 48.0
23.909396346893264 48.0
23.939046680874245 48.0
23.970190525616825 48.0
24.016090554725697 49.0
24.016891603812144 48.0
24.032638869455933 49.0
24.03819011618206 48.0
24.047784034644057 49.0
24.057527782833 48.0
24.096487579956307 48.0
24.179830494499903 47.0
24.180082367198356 46.0
24.28351596335268 47.0
24.315864511491885 46.0
24.36995624238898 47.0
24.376620381543948 47.0
24.395901739774818 47.0
24.46071239118031 48.0
24.516114290006474 47.0
24.552404053588372 46.0
24.561959036903307 47.0
24.58096530962558 47.0
24.602824385338653 47.0
24.618288145035102 48.0
24.6282346660757 47.0
24.62935835892694 46.0
24.64922981355911 47.0
24.743732119855743 48.0
24.783705659168458 47.0
24.799601075395337 47.0
24.98086806413733 47.0
25.048814377648824 47.0
25.08584677268915 47.0
25.142070160709064 46.0
25.175098984054724 46.0
25.239718995349982 46.0
25.266256195576354 47.0
25.29306470987334 46.0
25.33597439810692 45.0
25.40017068088265 44.0
25.427521680142043 43.0
25.430715850514957 44.0
25.436709288967563 44.0
25.514511738756514 44.0
25.56787989464781 44.0
25.585868783642933 43.0
25.600018284623633 44.0
25.65266425463694 44.0
25.687160400040252 45.0
25.716421597281347 45.0
25.765214592022584 46.0
25.775286108842206 46.0
25.777157907256488 45.0
25.79015656002875 46.0
25.80963740199114 47.0
25.812344539292138 48.0
25.824048408489556 48.0
25.825380520340836 48.0
25.8615623864029 48.0
25.884561202346568 47.0
25.887558749756742 47.0
25.897677876441104 46.0
25.962918319976314 47.0
25.989727736637814 46.0
26.001372182381512 45.0
26.010977210216712 45.0
26.04364349934342 44.0
26.06900936985048 44.0
26.089097574010083 43.0
26.121742094342935 44.0
26.123960359692635 43.0
26.14866795323473 43.0
26.23110068611192 42.0
26.232232329539492 43.0
26.23479276198797 42.0
26.25509274291194 42.0
26.277861077609046 42.0
26.283701079610818 43.0
26.300267610838674 43.0
26.352420096339 42.0
26.380973342335373 43.0
26.436296032535356 44.0
26.443806481025035 43.0
26.44995186961536 42.0
26.466443759403962 42.0
26.504206235540423 43.0
26.58246928962074 44.0
26.648790950057915 45.0
26.700863008296476 46.0
26.707256129392047 47.0
26.714808017680866 47.0
26.820985438603028 47.0
26.856293285448658 47.0
26.864123842371722 46.0
26.88992300405136 47.0
26.90416683828996 46.0
26.980332901076554 47.0
26.98345769073128 46.0
27.040056503620786 46.0
27.049174176970347 45.0
27.085260462160633 46.0
27.139053483067993 47.0
27.177407528825892 46.0
27.211004069416628 45.0
27.212822475872102 44.0
27.217257699476136 43.0
27.264211653253764 44.0
27.3421277724018 43.0
27.3828155456638 44.0
27.434860460177987 44.0
27.581655454110066 45.0
27.612174425124266 44.0
27.69233917227487 44.0
27.701474678438053 43.0
27.72403617746949 43.0
27.807660915780076 43.0
27.80802203093935 43.0
27.86461151666345 42.0
27.92743489943497 42.0
27.964969434326033 42.0
27.992363017440073 41.0
28.022598072540465 42.0
28.084989209014978 41.0
28.110818706434426 42.0
28.118244415128217 43.0
28.119714154047184 43.0
28.17477330694427 43.0
28.256607762749532 42.0
28.26751718389484 43.0
28.269421247608587 43.0
28.273830754358414 44.0
28.327169091276186 43.0
28.39173182966008 44.0
28.40898458760558 43.0
28.4617534500262 44.0
28.479630078000206 43.0
28.497654327934804 42.0
28.521944065089738 41.0
28.604452512905493 42.0
28.631045170956277 41.0
28.654108976045613 40.0
28.74295393190487 41.0
28.75877203083844 42.0
28.80356491870377 43.0
28.808388862372087 43.0
28.81077954857504 44.0
28.830195968117106 45.0
28.90068254255248 46.0
28.934995576588936 45.0
28.937510467755303 46.0
28.97408312098417 45.0
29.024806003221745 45.0
29.03732050706849 45.0
29.143685642303083 46.0
29.17493477937417 45.0
29.278288512188595 46.0
29.28341194720133 46.0
29.28933716892151 47.0
29.297580902775213 48.0
29.31664268465535 48.0
29.325966028927343 49.0
29.33893902227381 50.0
29.37090269553656 51.0
29.385675185177774 50.0
29.4700829762952 50.0
29.53865686823158 49.0
29.60955040892291 48.0
29.688774107098826 47.0
29.717335640052564 47.0
29.773401438972332 48.0
29.782457364982804 48.0
29.831186476695216 48.0
29.878884337657272 48.0
29.928883707919493 49.0
29.943590760220548 49.0
30.00133185033029 49.0
30.126303977388954 50.0
30.219732363090444 50.0
30.264311460846642 51.0
30.269697238367346 50.0
30.286103910211473 49.0
30.36354507152699 49.0
30.400033298972655 49.0
30.439959137578537 49.0
30.44091047162895 49.0
30.4511545479638 49.0
30.4570514904283 48.0
30.473798808248645 48.0
30.54420407322028 47.0
30.565853702201405 48.0
30.596540423255323 48.0
30.62209480409619 49.0
30.758668740260035 49.0
30.77598809687204 50.0
30.836992027591783 49.0
30.843481666605445 49.0
30.854218346621103 49.0
30.880619014889003 48.0
30.957881600805003 49.0
31.011782709906726 48.0
31.041126598869315 48.0
31.11220504978906 47.0
31.157615618480992 48.0
31.203381429549275 47.0
31.22221581024316 47.0
31.28024044859183 48.0
31.303964594245024 48.0
31.309407413568263 49.0
31.351029708803065 49.0
31.38958706239967 50.0
31.39200511290357 51.0
31.411433160877248 50.0
31.412313682283475 51.0
31.437602453065658 52.0
31.450946986459925 52.0
31.537853022517197 51.0
31.55784630429664 51.0
31.603181471807364 50.0
31.611871695927128 49.0
31.623269378834777 48.0
31.625815703347524 49.0
31.63129109304917 48.0
31.640590570395947 48.0
31.643975571756084 49.0
31.668882879463627 50.0
31.82993828031822 50.0
31.839124273309867 49.0
31.877111831402043 50.0
31.889643138155957 49.0
31.921575516536528 48.0
31.97913326516583 47.0
31.990117442279626 47.0
32.00379800412887 46.0
32.06096931817151 46.0
32.069335056450335 47.0
32.09495967843031 46.0
32.099773950074905 45.0
32.10094988283086 45.0
32.16655154239781 45.0
32.16796371363899 46.0
32.201783777232336 47.0
32.219550941286435 47.0
32.22197036024212 48.0
32.35628623268677 47.0
32.4017875803097 48.0
32.40405817936472 47.0
32.490586811417515 48.0
32.49643507327348 47.0
32.50774509837809 48.0
32.56046961706998 48.0
32.56155911928637 49.0
32.58478803634225 49.0
32.59991575562394 48.0
32.655999876605755 47.0
32.69237560197726 47.0
32.71076500972053 46.0
32.85389875278999 47.0
32.856126768978406 47.0
32.89390716722191 47.0
32.89986587343141 48.0
32.96060818770962 47.0
32.962286497880925 46.0
33.074822633051184 45.0
33.07952884903517 44.0
33.084860659559546 44.0
33.15659730245457 43.0
33.19546592504658 43.0
33.267809648359005 42.0
33.28900152489756 43.0
33.318428117608086 43.0
33.323810944166006 42.0
33.3417304072794 41.0
33.364227689544336 40.0
33.37784336823338 39.0
33.38528801165359 39.0
33.41219086992886 39.0
33.41619261762158 38.0
33.433449880435184 39.0
33.48660757630186 38.0
33.62981692591286 39.0
33.73589294558533 40.0
33.73648383534755 40.0
33.779386423067244 41.0
33.90235265281626 42.0
33.92138662797636 41.0
33.92857656944541 40.0
33.971519467195584 39.0
34.03569506381469 38.0
34.04795488557943 39.0
34.075856224994894 38.0
34.114898610566456 37.0
34.2481000802434 36.0
34.26730206784109 36.0
34.294454112505626 36.0
34.317477793506306 35.0
34.338034066831945 36.0
34.33872509476487 35.0
34.35365483253484 35.0
34.396568470474215 36.0
34.40501328917216 36.0
34.422323930521166 35.0
34.468079124075764 35.0
34.47658984636799 36.0
34.526974567826166 36.0
34.58268622865953 35.0
34.618657514223244 36.0
34.63547905355042 36.0
34.642447825843895 35.0
34.694992656998615 36.0
34.695117049905534 35.0
34.73898673377547 36.0
34.788946468431796 35.0
34.826668604888695 35.0
34.90917529157467 34.0
34.94810309875293 35.0
34.9956974452686 36.0
35.02863347369971 36.0
35.03416710559466 36.0
35.03961576735189 37.0
35.104029310549954 36.0
35.116866453958274 37.0
35.13668400758222 37.0
35.137849141577185 36.0
35.14489448506436 36.0
35.28016213611108 37.0
35.29664512903099 36.0
35.34817422929151 36.0
35.390403043354276 36.0
35.39240546680897 36.0
35.415411942490856 37.0
35.53751486672351 36.0
35.55829605533124 36.0
35.606217321746755 35.0
35.742939661075546 34.0
35.767639731464705 35.0
35.77852277288784 35.0
35.796154880591786 35.0
35.8244874699081 35.0
35.847809622829544 36.0
35.85636996183711 35.0
35.92719970015474 35.0
35.98232615982198 36.0
36.00413749696165 36.0
36.04834760409226 36.0
36.05192806091672 36.0
36.13700621064806 36.0
36.14026566797386 36.0
36.23273934038251 37.0
36.24647316528936 38.0
36.27429998530544 38.0
36.35141397035031 38.0
36.41533906850902 37.0
36.42850785295882 37.0
36.453528488526686 36.0
36.5294577239989 36.0
36.55832232075398 36.0
36.611056983741676 37.0
36.62135419344348 38.0
36.666842087831725 39.0
36.69133485344847 39.0
36.77047622965151 39.0
36.78671126316943 40.0
36.800167323244416 40.0
36.800826385707126 40.0
36.82607051666189 41.0
36.85053489072076 40.0
36.870021690699176 40.0
36.885077081372934 40.0
36.922868731251015 40.0
36.92411629060326 39.0
36.95058188647933 38.0
36.95594762444506 38.0
36.96332306354103 39.0
36.97574278644438 38.0
36.9771206219471 38.0
37.009045455386484 37.0
37.02861538550623 36.0
37.03702738246495 35.0
37.0395371409034 35.0
37.053361740980314 36.0
37.06264532909941 37.0
37.069799611578084 36.0
37.09751666819655 36.0
37.10209707737994 37.0
37.12035648170788 36.0
37.1364855925928 37.0
37.160171553496625 37.0
37.188793636800774 37.0
37.20355848335986 36.0
37.21481683614727 37.0
37.22735757903295 37.0
37.25492801937594 38.0
37.26153747302955 39.0
37.322959872557156 39.0
37.35821147212601 39.0
37.38079742449119 40.0
37.39362724075429 40.0
37.42821374120684 40.0
37.46610272886756 41.0
37.5395620699465 42.0
37.54302673083229 41.0
37.58111512563963 42.0
37.592436333801274 43.0
37.61715001355803 44.0
37.67982037410456 43.0
37.69147297774735 42.0
37.69504400647504 42.0
37.758743635205676 42.0
37.76933736553439 43.0
37.8214886188814 43.0
37.83783977261045 43.0
37.88770357738642 44.0
38.01344279478626 45.0
38.05129264264884 45.0
38.13356220763111 44.0
38.184090170094464 44.0
38.185674095533145 45.0
38.19941936109016 45.0
38.22202804317678 45.0
38.22673139604768 45.0
38.24884847580512 45.0
38.32283334646067 44.0
38.38455842671706 43.0
38.41406255979339 42.0
38.46341596097448 41.0
38.47725202529283 40.0
38.55733412215504 40.0
38.63660331112711 40.0
38.6778470520259 41.0
38.68898622704158 42.0
38.72720954931513 42.0
38.792507913662966 41.0
38.813341505499544 40.0
38.87897857611746 40.0
38.896071467451705 39.0
38.95438074446103 39.0
38.974432828234285 39.0
39.01630379919749 38.0
39.03871678781952 39.0
39.04510204340018 39.0
39.06686985072391 38.0
39.07057263302051 38.0
39.10388183187695 39.0
39.13069659197083 39.0
39.14058642297867 40.0
39.15112191305629 40.0
39.15115970306048 40.0
39.176876402899374 40.0
39.181797302198014 41.0
39.18855316451254 42.0
39.192399029566076 41.0
39.2179218772658 41.0
39.275607071687844 41.0
39.31322782416633 42.0
39.336756637113 43.0
39.3468449459832 43.0
39.364796361352255 44.0
39.53106952222066 45.0
39.57777556409173 44.0
39.59331176874061 44.0
39.65488460435278 44.0
39.65991103137246 45.0
39.66699605416904 44.0
39.69389677669369 45.0
39.728469634047556 44.0
39.75216984082484 43.0
39.761590723150434 44.0
39.7895762379779 44.0
39.85380851511856 43.0
39.92121721039349 43.0
39.95567640624252 44.0
40.02016079678811 45.0
40.02537807227957 44.0
40.03628314464943 44.0
40.1061954884696 45.0
40.16610174998664 44.0
40.1954329180774 44.0
40.19667342185707 43.0
40.268025307097545 42.0
40.32903530507822 42.0
40.38477584718678 42.0
40.39812609733628 41.0
40.4731012982704 40.0
40.498486569679365 41.0
40.50904376281413 41.0
40.52626953715952 42.0
40.56685677863515 42.0
40.567985335014384 42.0
40.654233457263246 41.0
40.66568625468087 41.0
40.72147890433295 40.0
40.7229557383198 39.0
40.74819783091075 38.0
40.766312185096176 37.0
40.781977874944715 36.0
40.78921611288002 35.0
40.81640368996255 36.0
40.8950573158482 37.0
40.967360881100085 38.0
41.04128737389976 39.0
41.04609141933053 40.0
41.141635435590615 40.0
41.196649743753966 39.0
41.2111450766257 39.0
41.23444003755519 40.0
41.28623493681762 40.0
41.32740212602355 41.0
41.32955000400588 42.0
41.34511710087302 43.0
41.363447677396955 42.0
41.435574538790384 41.0
41.46079622732568 40.0
41.492467172121515 40.0
41.51922734217005 40.0
41.639275620339404 40.0
41.642429023601956 40.0
41.65821557920509 40.0
41.716716836624585 41.0
41.7387919470776 42.0
41.743146111085665 43.0
41.784068156893376 42.0
41.7910274217854 42.0
41.79766603531262 42.0
41.79994066027929 41.0
41.89913046692297 41.0
41.97783403753491 42.0
42.00184525559281 41.0
42.002550552893425 42.0
42.09850753797873 43.0
42.14875309306929 43.0
42.19780212048313 43.0
42.24169804738121 43.0
42.25490658818666 44.0
42.26196687032653 44.0
42.29370699067775 43.0
42.30738116808182 42.0
42.34728578107902 43.0
42.3689272439692 44.0
42.369405017866875 45.0
42.37921891292966 46.0
42.406680112209614 45.0
42.42471196684513 44.0
42.567830863234434 43.0
42.64766154908302 42.0
42.75263143853695 43.0
42.853202415437195 44.0
42.87112016174396 45.0
42.88130257686798 44.0
42.9246175068418 43.0
42.95735461131775 42.0
43.0356117640603 43.0
43.051756862406265 44.0
43.056556644847994 45.0
43.131660745178266 46.0
43.186956061158725 47.0
43.20949203804884 47.0
43.28078749968257 46.0
43.32621860032482 45.0
43.33295594189443 46.0
43.33682298541393 47.0
43.361936913308405 47.0
43.363238642789945 48.0
43.498744796183594 47.0
43.52876669093011 47.0
43.57066971090363 46.0
43.61621657384023 45.0
43.635073446385064 45.0
43.66409463555282 46.0
43.78134372055745 47.0
43.799708936941954 48.0
43.80562481786144 47.0
43.84881944410753 47.0
43.91847490198733 48.0
43.931978023466854 47.0
43.94427909150164 48.0
43.97665919340525 48.0
44.00403162063175 48.0
44.06604035694405 48.0
44.109414904286254 48.0
44.11712075558738 49.0
44.13083795985282 50.0
44.143770026232886 51.0
44.17000147382765 50.0
44.17802208099698 51.0
44.3123073119951 50.0
44.37313040015785 49.0
44.43716449692665 48.0
44.438811112887684 49.0
44.44247738361903 48.0
44.45714357699699 47.0
44.516806859432464 48.0
44.53044865757796 49.0
44.554840967457764 50.0
44.627330020383646 51.0
44.678753464071505 50.0
44.69952076229474 51.0
44.70282486427728 52.0
44.72311291164423 52.0
44.77800185602149 51.0
44.8326200999354 52.0
44.83915514460239 51.0
44.894921419589174 52.0
44.91781027577063 53.0
45.010125104136165 52.0
45.02261481776608 53.0
45.06758423468837 52.0
45.084160381594096 53.0
45.10081211673564 54.0
45.14463162669872 53.0
45.175563464682725 54.0
45.17777939092773 53.0
45.36845950407093 52.0
45.36920966405869 53.0
45.372113468414895 52.0
45.408890961501896 51.0
45.42884579738057 51.0
45.483626853947044 52.0
45.50428819778766 53.0
45.50663764160584 54.0
45.521313082649634 55.0
45.6421404326043 56.0
45.66334543374386 55.0
45.836027320324106 56.0
45.842886076225795 56.0
45.97671337691528 57.0
45.99850907903571 56.0
46.053275243171015 57.0
46.109553082144934 56.0
46.142069958013415 57.0
46.219429642098966 56.0
46.26616488806571 55.0
46.30228569866789 54.0
46.30622282243928 53.0
46.377589572251054 52.0
46.407781210473765 52.0
46.43924238436405 53.0
46.46650742821637 53.0
46.476901825193636 52.0
46.51899770347602 52.0
46.52613276557683 51.0
46.589249999903544 51.0
46.62333579870434 51.0
46.62459311780434 52.0
46.667766599367184 51.0
46.668913050007525 51.0
46.75303826959675 50.0
46.827685898250856 49.0
46.83505682382572 49.0
46.84340748717723 49.0
46.85349836276632 50.0
46.87551646798447 49.0
46.88895338342546 48.0
46.91992431187115 47.0
46.96293462518972 48.0
47.086433492909514 47.0
47.13866796615952 47.0
47.155421593652605 46.0
47.22535675781866 47.0
47.25641454891359 48.0
47.265496286581026 48.0
47.28623289405414 47.0
47.293071231552915 46.0
47.30138399657706 47.0
47.32714352225269 48.0
47.327620134549115 47.0
47.398686986200104 47.0
47.48206427659839 48.0
47.50011283203752 47.0
47.511320690589045 47.0
47.575597347638976 46.0
47.57687066681246 47.0
47.579283936210736 48.0
47.678222918316436 49.0
47.69593668503811 50.0
47.74447573526372 50.0
47.83958510001071 49.0
47.84565335512473 49.0
47.85103597566 48.0
47.881855894298006 49.0
48.13209664219859 48.0
48.169932864414015 47.0
48.216121253639656 48.0
48.22698961458928 49.0
48.26562899296755 48.0
48.2821998261938 49.0
48.283058170565674 48.0
48.409671026324126 47.0
48.45630378857799 48.0
48.5151703252424 49.0
48.52995201738532 49.0
48.53908670261816 48.0
48.62614987844222 47.0
48.62994686192054 48.0
48.63503419615518 49.0
48.696939276159625 48.0
48.746695136353246 47.0
48.85462056618735 47.0
48.95429752914034 48.0
48.960283058705166 49.0
48.96327785149081 50.0
49.0272223731078 49.0
49.03794809124496 48.0
49.03845886360804 49.0
49.17666440868068 48.0
49.26321299333996 47.0
49.268458387571854 47.0
49.27721021659581 48.0
49.28578626229814 49.0
49.29745192794104 49.0
49.34814956447219 49.0
49.350018077234644 50.0
49.37637180398857 49.0
49.39328650298474 48.0
49.3953889630692 48.0
49.446595155811714 48.0
49.45885688126961 48.0
49.48024920744071 49.0
49.48734305811379 48.0
49.526870837724196 47.0
49.52743226753296 48.0
49.54723493695697 47.0
49.585277368608054 48.0
49.59811112888973 48.0
49.667541545922965 47.0
49.671893125200725 47.0
49.72309110277901 47.0
49.75281174426101 46.0
50.00008372204919 47.0
50.00315690152955 47.0
50.09086608674417 46.0
50.111899913788406 45.0
50.11752007388921 44.0
50.124025464745465 45.0
50.12939755506764 46.0
50.13891152720739 46.0
50.177820291690296 47.0
50.24238888609034 48.0
50.30832298978895 49.0
50.31058410030046 49.0
50.34024712078833 50.0
50.39369021382976 51.0
50.50796783312174 51.0
50.51620886640117 52.0
50.5341162783276 53.0
50.54038433986604 52.0
50.552652836830916 51.0
50.573323943360016 52.0
50.607260743360996 53.0
50.804073577874874 53.0
50.85318650715217 53.0
50.881893901809654 52.0
51.04313282522727 51.0
51.16639811054161 51.0
51.18651951982909 50.0
51.22130141590075 51.0
51.23170872880122 50.0
51.28423212595288 51.0
51.30984600600428 52.0
51.39201646914353 51.0
51.43723802512541 50.0
51.44991009191038 51.0
51.46578703639023 52.0
51.575185699511735 53.0
51.66652214472107 54.0
51.72527904675049 55.0
51.941421706051315 55.0
52.023839332834385 56.0
52.07238652357203 55.0
52.11214613244303 54.0
52.11721828026234 54.0
52.15904281897188 54.0
52.18241815454917 53.0
52.2649680323798 53.0
52.27877443573961 52.0
52.325708073884414 53.0
52.3390630747926 52.0
52.36783915777292 53.0
52.47468772960986 52.0
52.49712853956338 51.0
52.49788891455243 52.0
52.546691745305885 51.0
52.649616325083535 51.0
52.6610894976115 52.0
52.66561404302095 51.0
52.667564812341645 50.0
52.72781416126186 49.0
52.7510298843767 50.0
52.757527104523 50.0
52.77484136719394 51.0
52.8752394287498 52.0
52.92002736122502 53.0
52.951757903876604 53.0
52.97258418528805 54.0
52.99063959727773 55.0
52.99989002515142 56.0
53.015974382351594 57.0
53.06334412997189 57.0
53.22243678271972 58.0
53.222942876561234 58.0
53.23396835510442 59.0
53.24561005813538 60.0
53.255690409090946 61.0
53.29975409456162 60.0
53.378161714945236 59.0
53.3883452321703 60.0
53.41894846508727 59.0
53.45723699294018 58.0
53.53560947346896 57.0
53.54708662784313 56.0
53.55544269220366 55.0
53.5576544862698 54.0
53.57112138721225 55.0
53.57687892128885 56.0
53.65937747732331 56.0
53.67227785352731 55.0
53.67261366123151 56.0
53.716385428850685 57.0
53.74662439875379 58.0
53.752460486471136 57.0
53.788619856931945 58.0
53.868861929009384 59.0
53.954381248441635 58.0
54.05966410293543 59.0
54.11318377577996 59.0
54.173338982013654 58.0
54.21345121190221 57.0
54.25002823541758 58.0
54.374984534444756 59.0
54.375354115982766 59.0
54.46532184232829 60.0
54.47382413146561 59.0
54.47507626669671 58.0
54.482660804265116 57.0
54.53817531704826 56.0
54.542371935097115 57.0
54.62240430303184 56.0
54.76714560818667 57.0
54.779278228622005 57.0
54.807291726179415 58.0
54.8251247143967 58.0
54.87886063480407 58.0
54.920094598232936 59.0
54.92234070804157 58.0
55.227141756295495 57.0
55.23376466713307 56.0
55.38846861890513 56.0
55.49326013451936 57.0
55.511028347718614 58.0
55.532144930158374 57.0
55.573921425347386 58.0
55.583255411259245 59.0
55.589232278393766 58.0
55.68370747263583 57.0
55.86060054281725 56.0
55.94231528299748 55.0
55.96476674438266 55.0
55.97987595839646 54.0
56.21185644079721 53.0
56.24156628004089 53.0
56.305481654848236 54.0
56.334907230062576 54.0
56.415058504393905 53.0
56.441608035845626 54.0
56.46067159511849 53.0
56.53677027673176 53.0
56.58364647243942 53.0
56.61264688931263 52.0
56.72385099377965 51.0
56.75442119327063 52.0
56.77285688748837 51.0
56.78277987739704 52.0
56.859295013317634 51.0
56.8715761788665 50.0
56.87469962235606 51.0
56.87770622625004 52.0
56.94832050606668 51.0
56.96287580796497 52.0
56.977730753592354 52.0
56.98080858420497 51.0
57.018942250734675 51.0
57.02160431832811 50.0
57.055875327410995 50.0
57.05614038852376 51.0
57.06668075432309 52.0
57.101951549793284 52.0
57.10614190098151 52.0
57.14736655101302 51.0
57.158508204446875 50.0
57.186919387963336 51.0
57.31219376301413 52.0
57.324028169721494 53.0
57.339157883420654 53.0
57.3908021226518 53.0
57.44415514558254 54.0
57.46246448166818 53.0
57.53901278404644 54.0
57.543059588638165 53.0
57.568197895964374 54.0
57.605277909855545 53.0
57.65382721514952 53.0
57.72441811859377 52.0
57.75597839823667 53.0
57.76331689569707 54.0
57.76767663546138 53.0
57.85897052624734 52.0
57.93712673791415 51.0
57.94160266921005 52.0
57.95170176462015 53.0
57.969320799250305 52.0
57.980100325786985 51.0
58.00513686088478 52.0
58.018517445533554 53.0
58.02176888552842 52.0
58.02542430167709 53.0
58.03033681503355 52.0
58.10222162353878 52.0
58.15614822270096 52.0
58.21323838513763 52.0
58.25740015185636 53.0
58.318576266623786 54.0
58.338474213071066 54.0
58.53940305914168 54.0
58.64809427473673 55.0
58.65987382234024 54.0
58.69537374377835 53.0
58.7235932823455 52.0
58.77539951575281 53.0
58.79536897378671 52.0
58.81670046215932 51.0
58.84942422143453 51.0
58.98960043315465 52.0
59.03398723355883 53.0
59.07101291718308 53.0
59.08089321091326 53.0
59.1099261576079 54.0
59.12114103694025 53.0
59.13301684443171 54.0
59.14647399148262 53.0
59.221908133565975 52.0
59.24259642667665 53.0
59.269507026204714 54.0
59.29073206083146 53.0
59.29454634460105 52.0
59.32052648448896 53.0
59.37095728924664 52.0
59.49094936936763 53.0
59.5281126171681 52.0
59.545403713274354 51.0
59.55859805885608 50.0
59.57199405116588 51.0
59.64472933878048 50.0
59.67141330654899 51.0
59.75411197543999 50.0
59.80596794246251 49.0
59.809011372580635 50.0
59.83523135450206 51.0
59.88077938744741 52.0
59.899998445174745 51.0
59.92422390086539 52.0
59.92640262704855 52.0
59.95123966348852 51.0
59.98332640459502 50.0
60.01286532234942 51.0
60.02933841686948 51.0
60.20444268231084 50.0
60.23452185094357 51.0
60.29247376607489 50.0
60.364669548755735 49.0
60.37753397780854 49.0
60.42648507419442 48.0
60.42844134937184 47.0
60.43708120500658 48.0
60.500152871569554 49.0
60.534333069345216 50.0
60.56719585034429 51.0
60.67847507910749 52.0
60.71262534611119 52.0
60.71281332341245 53.0
60.738976653228384 54.0
60.77224889314414 54.0
60.810527080226244 55.0
60.854821212308586 54.0
60.861004060144815 53.0
60.924798948039836 54.0
60.95298623034231 55.0
61.02914965539438 56.0
61.03408029718665 56.0
61.037916868612555 55.0
61.10600905821551 54.0
61.16370936577526 55.0
61.23522035393049 55.0
61.237588752000896 55.0
61.265446402182505 56.0
61.26729380938483 55.0
61.34800430781464 56.0
61.34967651264076 57.0
61.43709680375875 56.0
61.45167510778644 55.0
61.46283947152568 54.0
61.54358980843465 55.0
61.585852609478195 56.0
61.62846068317775 56.0
61.633173811291186 57.0
61.63806791287528 56.0
61.72597547077582 56.0
61.789562741725916 55.0
61.836014039957576 54.0
61.8375956493392 54.0
61.84203258137435 55.0
61.8454749373536 54.0
61.85583143760395 55.0
61.890805283692224 56.0
61.89616721875451 57.0
61.920442522299886 57.0
62.15351373685575 56.0
62.24739479697573 55.0
62.28900401404777 56.0
62.40282049738952 55.0
62.449178722721356 55.0
62.453706751573165 54.0
62.46508123572226 54.0
62.46746950908227 55.0
62.55533508623438 55.0
62.59521548334023 55.0
62.63862886714083 55.0
62.670504592191634 55.0
62.705659397030416 54.0
62.78456509474934 53.0
62.792427020421385 53.0
62.850689944382545 52.0
62.864909257904024 53.0
62.88755544316599 54.0
63.00452025495333 55.0
63.01500581846438 56.0
63.027472124290455 57.0
63.18929288645203 56.0
63.26433090658962 57.0
63.33881330005713 56.0
63.37548374363748 55.0
63.41135358029949 55.0
63.49869985471209 56.0
63.57811803773929 57.0
63.57956328760698 56.0
63.62528694368968 57.0
63.65836613363898 56.0
63.69760897025436 55.0
63.742234895559235 56.0
63.78102000008274 56.0
63.85933739159317 55.0
63.882136414540035 56.0
64.02441128407125 55.0
64.05600717100809 56.0
64.06777140446314 56.0
64.11569632561674 55.0
64.19398436215994 54.0
64.25490688051843 55.0
64.28452424968623 55.0
64.30096271278032 54.0
64.3713123090284 54.0
64.3999233046493 53.0
64.43003000648955 52.0
64.47471036819766 53.0
64.570786370655 52.0
64.6434334335781 51.0
64.66317674910314 52.0
64.70021271370906 53.0
64.70348186029943 52.0
64.7075630675963 51.0
64.70878323908438 52.0
64.73935175282082 51.0
64.75838379749672 52.0
64.80076642506181 52.0
65.02823438832017 52.0
65.07806487617958 51.0
65.09471387850712 51.0
65.1029974199258 50.0
65.11484417330101 51.0
65.14759444991634 52.0
65.18137126591347 51.0
65.19908367224781 51.0
65.21998063449028 50.0
65.24304454299339 51.0
65.2589554189486 50.0
65.263036108577 51.0
65.28055553822549 52.0
65.34114171363264 53.0
65.3741780035684 54.0
65.4031703785724 53.0
65.42386475372646 52.0
65.4463834983955 53.0
65.48685794752296 54.0
65.49673429617795 53.0
65.51224008438125 53.0
65.51371994008663 54.0
65.6192759746235 53.0
65.64103274152974 52.0
65.79040961555899 51.0
65.8166152719 50.0
65.9427778521162 51.0
65.94392778118791 50.0
65.96796573764374 51.0
65.9984224559947 50.0
66.02660016480463 51.0
66.07542550151989 52.0
66.11691815971272 53.0
66.17705841920169 52.0
66.18178347597173 53.0
66.22022379428125 54.0
66.3669264913441 54.0
66.59280472227356 55.0
66.68803117948754 55.0
66.69511874999222 54.0
66.75735323397417 55.0
66.85296133137491 55.0
66.88621336008248 55.0
66.91249077096147 56.0
67.06737506434676 57.0
67.09205827802454 56.0
67.17805216569849 57.0
67.20652046615456 56.0
67.29461220578914 55.0
67.32915817316224 54.0
67.34833086200706 55.0
67.42150222015506 55.0
67.44956473611266 54.0
67.45935490319327 55.0
67.50023908094249 56.0
67.52757110107062 56.0
67.52912781204394 57.0
67.54230990987267 56.0
67.56515581243629 55.0
67.59886948572557 56.0
67.7199390135531 57.0
67.72824296434561 57.0
67.73129205591233 56.0
67.75074281643901 56.0
67.76378015973572 55.0
67.81679598912552 54.0
67.8372669189358 53.0
67.84489268812872 54.0
67.91692547783161 54.0
67.98412849823157 54.0
68.05253121908655 53.0
68.06758483456836 53.0
68.11742419442103 54.0
68.11950780475344 55.0
68.12548793977348 55.0
68.17477333591023 55.0
68.21192117473039 56.0
68.22026850464165 55.0
68.33713849571001 55.0
68.43198089537204 56.0
68.56325094544958 57.0
68.63841080490872 58.0
68.63856625631396 57.0
68.65784704048508 56.0
68.69610849042137 55.0
68.7345352910725 56.0
68.85236075974161 55.0
68.85608717561652 54.0
68.89384933647193 53.0
68.95745542389366 53.0
68.98239770681664 54.0
69.0072685992843 55.0
69.06408190472179 54.0
69.0852705468999 54.0
69.09895164241358 54.0
69.11353809988415 55.0
69.12270439034297 54.0
69.17823304529095 55.0
69.21804677192559 56.0
69.2204360952413 57.0
69.37191024129744 57.0
69.47972260008596 57.0
69.62062559656914 58.0
69.65276710862571 59.0
69.81912879081486 58.0
69.9018534472284 58.0
69.90277859025367 57.0
69.94000174895744 56.0
69.95043239493533 55.0
69.9673187803021 54.0
70.05490061952663 53.0
70.09410115043812 52.0
70.15643507090331 53.0
70.22911017191002 54.0
70.29243979569958 53.0
70.30127117482279 52.0
70.31956174711831 51.0
70.35643726129442 50.0
70.35795679421481 51.0
70.36787897485937 52.0
70.41050618488218 53.0
70.42478588811815 52.0
70.42960592136657 51.0
70.4638672279441 52.0
70.53073565108069 51.0
70.57281065804332 51.0
70.64624630883674 50.0
70.65244114739609 49.0
70.73996228786704 50.0
70.75445332422194 49.0
70.85326511691319 50.0
70.85701116184002 50.0
70.94361201439793 49.0
70.95627756558453 49.0
71.03215083228926 48.0
71.06216337318877 49.0
71.10117563164296 48.0
71.11733765704571 49.0
71.16994230000635 48.0
71.18051209283361 49.0
71.30153122473514 49.0
71.3326773028833 48.0
71.43111175867628 49.0
71.51722870627452 48.0
71.59054882672058 49.0
71.62621804377258 50.0
71.63974810639641 50.0
71.75595455509801 51.0
71.76665729686961 51.0
71.81915612849139 52.0
71.86677128218285 53.0
71.88921983499544 52.0
71.9694497680512 51.0
71.99077626827177 50.0
72.05644549557013 50.0
72.10329784535573 50.0
72.12246525740166 51.0
72.20315830829144 51.0
72.22641411378264 52.0
72.25808431968005 51.0
72.28664229984997 50.0
72.30417067607897 49.0
72.38789980479572 50.0
72.45107379921444 50.0
72.55302171667364 51.0
72.6239524267838 52.0
72.63965324306362 51.0
72.66813918230041 52.0
72.69246537454738 53.0
72.6980583266011 54.0
72.79495044123952 55.0
72.81109807473489 56.0
72.82370242409013 55.0
72.94989237096928 54.0
73.11408962481816 54.0
73.13141671247872 54.0
73.15818619462974 53.0
73.17434072849818 53.0
73.18225784933271 53.0
73.1946112304425 52.0
73.22563915515313 53.0
73.239700676019 53.0
73.27715464922032 53.0
73.35497849678848 52.0
73.41164429451015 51.0
73.55807281681277 50.0
73.60976564018839 51.0
73.62891864538929 50.0
73.63900478471245 50.0
73.65254874266711 49.0
73.6526299248068 50.0
73.71324983721998 51.0
73.71660162636996 50.0
73.80178252728575 51.0
73.8326042585269 52.0
73.83982183255864 53.0
73.87192225594741 53.0
73.88163179265491 52.0
73.94434005264974 51.0
73.9628518599054 50.0
73.97388886007313 50.0
74.03567738510006 50.0
74.06861058508231 51.0
74.09976808363851 51.0
74.112173579388 52.0
74.20067464420431 53.0
74.32952954031119 54.0
74.39730270493571 53.0
74.40220314208166 54.0
74.4202272307886 53.0
74.43727232359234 54.0
74.49446349854747 55.0
74.61760298274791 56.0
74.63303009914782 57.0
74.70019405024688 58.0
74.70459999086522 59.0
74.70875275274585 59.0
74.81959936217082 60.0
74.82951192127686 60.0
74.93719753194259 59.0
74.94155766497987 60.0
74.96680017791735 61.0
74.98464229375128 62.0
75.16515532591431 62.0
75.17572213681056 61.0
75.17794560979797 60.0