0.0 45.0
0.04055798859044246 44.0
0.05195654095529731 44.0
0.06310572661637494 44.0
0.08090024616362136 43.0
0.08571897328757927 42.0
0.1029400781505016 42.0
0.1270028701514179 42.0
0.1278971891581407 41.0
0.18052810499234076 42.0
0.2908106588519868 41.0
0.30012006088116233 41.0
0.3101847576194613 41.0
0.357324700449423 41.0
0.38915659497335614 41.0
0.4152426681090857 40.0
0.4194009546323457 39.0
0.42183373696249793 39.0
0.4253400661195618 38.0
0.4439713325869649 38.0
0.44743991750076 38.0
0.47487256968897434 37.0
0.4852092329642308 36.0
0.5005311123727598 35.0
0.5122324602111608 36.0
0.5155818220892718 36.0
0.5189383949478715 35.0
0.5726608903209983 35.0
0.6584412815918361 34.0
0.6651831918155812 34.0
0.6681142474097643 34.0
0.6979832308860918 34.0
0.7272886522602371 33.0
0.7824891972993671 33.0
0.7854341723528199 33.0
0.7932326472406573 32.0
0.8425996124681358 32.0
0.8519438836902902 31.0
0.8651324536624575 30.0
0.8700503730252559 29.0
0.8713711667066029 30.0
0.8828225979695772 30.0
0.9070836404796985 30.0
0.9322297149222861 31.0
0.9410349305451995 32.0
0.9582166562789609 32.0
1.0095159290708735 31.0
1.025587313432444 30.0
1.0630645783692225 29.0
1.1618952669985871 29.0
1.169904694078005 28.0
1.191793884038416 29.0
1.2420896199076914 28.0
1.2609373665115755 28.0
1.2633450006602172 28.0
1.2952838550276626 28.0
1.3412902215667324 28.0
1.4291855959510436 27.0
1.470474523408982 27.0
1.4718558943680617 27.0
1.5038215674602744 26.0
1.5462679788600107 25.0
1.5551204382855968 25.0
1.5682903677437194 24.0
1.5874571893485636 23.0
1.5997356073941837 23.0
1.6162746216960466 23.0
1.6434503401227731 23.0
1.649109349431929 23.0
1.6964659574508532 23.0
1.7105732111867316 22.0
1.7206039196237615 21.0
1.871075409581389 21.0
1.949617963538979 21.0
1.9927632520607172 21.0
2.0029238886719836 21.0
2.0046997389427874 21.0
2.045088276668154 22.0
2.0956794486828203 22.0
2.143492492318845 22.0
2.161417663755319 22.0
2.1788604905075823 22.0
2.199483349072114 23.0
2.2083109831510064 23.0
2.2104574744286283 23.0
2.2684269915096165 23.0
2.28936781784454 24.0
2.290911579390579 24.0
2.301935445352082 23.0
2.316751322675701 23.0
2.3208990900584983 24.0
2.3363996701664616 23.0
2.341493263893676 22.0
2.3441509866114623 22.0
2.3460737603976156 23.0
2.3534932155657247 22.0
2.370284863411447 22.0
2.401989549581687 22.0
2.4095018942044426 22.0
2.4182282413777516 23.0
2.4733497540509775 24.0
2.4866161683654955 23.0
2.5178994265203007 23.0
2.531863193721565 23.0
2.5655055815184102 24.0
2.598486453814504 24.0
2.668622935675079 23.0
2.714174404122504 23.0
2.726901789074826 22.0
2.754446939140229 23.0
2.7963646645396993 23.0
2.797094944658076 23.0
2.7971171239109105 23.0
2.8580344562110693 24.0
2.902467778711994 24.0
2.9182662643188135 25.0
2.974764631264454 25.0
3.0190917713201095 24.0
3.0198392608556515 25.0
3.044452136964714 25.0
3.0763796661410834 25.0
3.0789977386254614 25.0
3.147729258973824 24.0
3.1746226610148196 25.0
3.1940172703065928 26.0
3.2310925269097757 25.0
3.2555689330609563 25.0
3.258432483290858 26.0
3.280171651908695 27.0
3.304805228493048 27.0
3.319962512458353 27.0
3.3359826181144583 27.0
3.3659773491492344 28.0
3.3948644664809007 29.0
3.398346359163495 30.0
3.414286402226275 31.0
3.425124922771772 31.0
3.4359801475222658 32.0
3.443584620012712 31.0
3.448151676110363 31.0
3.4893712331837174 30.0
3.5278255951662225 30.0
3.550343354813462 30.0
3.5621476858925964 29.0
3.62422246859957 29.0
3.627604475104472 29.0
3.638763814826928 29.0
3.650362959061481 30.0
3.6681411107041306 31.0
3.7089232013209097 30.0
3.725718284772319 30.0
3.7317170169665204 30.0
3.752999225348253 30.0
3.762302608454112 31.0
3.863900906328743 30.0
3.8828476086224564 30.0
3.8957006298754298 29.0
3.925178123144533 30.0
3.9281181087251285 31.0
3.9676131853772234 30.0
3.984171743831632 30.0
4.064618430121024 31.0
4.093211109960638 31.0
4.149218267361599 31.0
4.151797317482487 32.0
4.156249638405231 33.0
4.172626990138673 33.0
4.241508755134346 34.0
4.252810792411145 34.0
4.283539834313359 34.0
4.2897763205148305 34.0
4.311694493901875 35.0
4.353948287448373 36.0
4.364979119500776 37.0
4.369973249759476 37.0
4.375950558935674 37.0
4.382991842347025 36.0
4.402062950474786 36.0
4.4063959051576 36.0
4.424928385491175 36.0
4.4400316411712115 36.0
4.457750050564376 36.0
4.4626591098652195 37.0
4.517053160413483 38.0
4.543515086665614 38.0
4.54890848445466 37.0
4.559663768372437 37.0
4.565603689816135 37.0
4.56617967725317 38.0
4.587633088886865 38.0
4.628345419525418 37.0
4.628685042341307 37.0
4.669122811247965 37.0
4.680254301612291 38.0
4.693342336851441 37.0
4.703699120442344 36.0
4.718588207443647 37.0
4.771391117782301 36.0
4.830877369311785 35.0
4.846165301357 36.0
4.847378415180733 36.0
4.883870994656923 37.0
4.908196351785905 37.0
4.924734408121791 36.0
4.93017462115815 36.0
4.974311080449243 37.0
5.013256892802642 38.0
5.028273266388367 38.0
5.045970629394002 39.0
5.089904318624239 39.0
5.094633833417051 39.0
5.109581605523656 39.0
5.15321251372447 38.0
5.174415361145655 37.0
5.197976791526543 37.0
5.245555611806205 38.0
5.247987061031261 39.0
5.254865789226783 38.0
5.284706403826326 38.0
5.314918252213277 39.0
5.330717420270953 39.0
5.369219136837078 40.0
5.385766418487775 40.0
5.437685816755588 40.0
5.445810780364031 40.0
5.4498080840967456 40.0
5.453916260072083 41.0
5.470126280997384 42.0
5.4822275636965045 41.0
5.4892054203632545 42.0
5.572975073601691 42.0
5.602077758562689 42.0
5.626308324945679 41.0
5.634213521334365 42.0
5.739926181084877 42.0
5.740906348246938 42.0
5.7475764384994115 43.0
5.774618351140211 43.0
5.782729634580893 42.0
5.7986251289559645 41.0
5.800454223747948 42.0
5.825522060183551 42.0
5.84993085102277 41.0
5.865440630527339 40.0
5.88740355568069 40.0
5.899581712945582 41.0
5.901292350803863 40.0
5.906853394970096 41.0
5.929980506045658 41.0
5.935795032721207 41.0
5.9528406045050675 41.0
6.000200753464568 42.0
6.004560405087458 43.0
6.0091541243508315 42.0
6.037740741649272 43.0
6.126304864441083 43.0
6.131790848880869 43.0
6.1335844678975695 42.0
6.193184496232128 42.0
6.227808170601991 41.0
6.230309856509152 42.0
6.277191080205339 41.0
6.2803220109603615 40.0
6.284516011999268 41.0
6.319515541913549 40.0
6.345999282191024 41.0
6.3846524370349425 41.0
6.386637895557863 41.0
6.39051523642638 41.0
6.398376778808753 41.0
6.411651546305701 41.0
6.478740909381201 41.0
6.491972965586378 41.0
6.509381004608985 42.0
6.520542479957008 43.0
6.537786891115314 42.0
6.601695715786982 43.0
6.659327549798973 44.0
6.691426355617502 45.0
6.722782910183463 46.0
6.822394753873752 46.0
6.870544813392072 46.0
6.88076296751877 46.0
6.962966299877999 45.0
7.014618356234159 46.0
7.051498709831601 46.0
7.125285503659725 46.0
7.195251060690602 47.0
7.2186694775475315 46.0
7.220089964724309 46.0
7.231161378443746 46.0
7.335080929767738 47.0
7.353195526322676 48.0
7.357933686731433 49.0
7.418030579184849 48.0
7.464852406425249 49.0
7.487802131984298 49.0
7.52033051846622 50.0
7.564124446337573 51.0
7.617969816713812 50.0
7.623252699864737 51.0
7.645028768052373 50.0
7.647220754734699 49.0
7.661724119078331 50.0
7.6756931258473085 51.0
7.690902105252165 50.0
7.753086935018531 50.0
7.788778976865259 50.0
7.799820834881889 51.0
7.809314919326744 52.0
7.9253453652553105 53.0
7.947901111457801 53.0
7.950838904893351 52.0
7.981954148718245 52.0
7.986566060064516 52.0
8.014315468426812 51.0
8.019247334701982 52.0
8.0464574417448 52.0
8.048908508453799 53.0
8.05908793074693 54.0
8.0791112385857 55.0
8.079722815806768 55.0
8.081557860332131 55.0
8.09037146398638 56.0
8.11615197581974 55.0
8.129054104969812 55.0
8.135020161550727 54.0
8.137340855013846 53.0
8.14036260446775 54.0
8.153997449285411 54.0
8.164026037964355 53.0
8.215593838990234 53.0
8.216659902406828 53.0
8.281533274396228 52.0
8.310265796265506 53.0
8.323360321354802 54.0
8.352505128623967 55.0
8.426924882486212 54.0
8.427400730118759 53.0
8.455702003557933 53.0
8.461499618369862 52.0
8.559895257178654 52.0
8.613242400761406 53.0
8.622510055984932 53.0
8.639104893035775 53.0
8.690035731220439 53.0
8.71972375034172 52.0
8.746741117402568 51.0
8.778151632370516 52.0
8.807125548895224 51.0
8.830095764932482 51.0
8.842245114148328 50.0
8.855585627249429 49.0
8.885219775168686 48.0
8.981637754017749 47.0
9.022273089587397 46.0
9.070587097420352 46.0
9.075537865136015 45.0
9.099478701489515 45.0
9.114962653766726 45.0
9.13653622294701 46.0
9.165166028209192 47.0
9.179715744516356 47.0
9.196285059538313 48.0
9.198947971733055 47.0
9.256187134041708 48.0
9.263089921715133 49.0
9.30988892760876 49.0
9.342424087312613 48.0
9.368101495745622 48.0
9.413233771195236 49.0
9.433563934583637 48.0
9.472894678628595 48.0
9.476508105613869 48.0
9.47875183886784 47.0
9.489507256319525 46.0
9.49712062538968 47.0
9.536981035135735 48.0
9.554406397870144 47.0
9.573313769596004 47.0
9.585470630666352 47.0
9.593593332175136 47.0
9.627958796966453 47.0
9.668959382582761 46.0
9.675391009550586 45.0
9.681964276955634 46.0
9.69871294485732 47.0
9.714860188749467 47.0
9.721397661250341 47.0
9.739551712408476 47.0
9.764787282558135 46.0
9.774749075441052 47.0
9.793606780744511 48.0
9.798807608595073 49.0
9.80981011733916 48.0
9.867502789588766 48.0
9.897441883726138 47.0
10.04123830682292 46.0
10.104214137406666 46.0
10.107345184955625 47.0
10.11787797361193 47.0
10.11832795432338 47.0
10.12037943997905 48.0
10.135211372434092 49.0
10.163750368743843 48.0
10.190901416365282 47.0
10.209213494125246 46.0
10.209703203675756 45.0
10.25563695884875 45.0
10.258378752025015 44.0
10.275755632930839 44.0
10.294927176080913 43.0
10.332828877686172 43.0
10.340386088513586 42.0
10.340650172605411 43.0
10.362221656843692 44.0
10.423168324593565 43.0
10.430755174959327 43.0
10.472918923580217 43.0
10.526897306644731 44.0
10.56155072085075 44.0
10.574630679992223 45.0
10.574949998410961 45.0
10.621713452242457 46.0
10.632388829890225 47.0
10.637598639469676 47.0
10.668506368824326 48.0
10.72162758878028 49.0
10.734009239720844 49.0
10.752656479379832 50.0
10.755596773702582 50.0
10.791890505243304 51.0
10.847931681028296 50.0
10.862438122424553 49.0
10.882931784849092 48.0
10.934768707770072 48.0
10.935173052106332 47.0
10.982336141130798 46.0
10.992280807965287 46.0
10.998235508042356 46.0
11.044238439135583 47.0
11.053865349836592 48.0
11.055723990227262 47.0
11.06664515978731 48.0
11.076638088962024 47.0
11.09757263879785 47.0
11.10825835161261 46.0
11.137926545573125 46.0
11.15793713935533 46.0
11.173642922413345 45.0
11.182274785131881 44.0
11.255785446219654 45.0
11.275808729544687 45.0
11.304636116567245 46.0
11.304645081329696 46.0
11.328026989469485 45.0
11.338541289860855 44.0
11.343288140568665 43.0
11.380530680998566 44.0
11.39727750263119 45.0
11.407019801476869 46.0
11.413676862578463 47.0
11.456881305008885 47.0
11.461037762305162 46.0
11.478792289247634 46.0
11.503706096604724 45.0
11.509148524586061 44.0
11.535092860228154 44.0
11.586830893753412 45.0
11.595223732000695 45.0
11.609360239954766 46.0
11.613444293814624 47.0
11.635405114683191 48.0
11.661618702050694 49.0
11.67771984181599 48.0
11.727691827076622 47.0
11.753587495809061 48.0
11.870492023558564 49.0
11.880583227282832 48.0
11.945150569419509 48.0
11.970671495888945 49.0
11.98181655726918 48.0
12.006942157974231 48.0
12.04497269687018 48.0
12.052402886923911 47.0
12.089723811085086 47.0
12.117802536949984 48.0
12.130624057335712 49.0
12.131646243065646 50.0
12.167207298453313 51.0
12.199668927036614 52.0
12.244990065678968 52.0
12.257367098258836 53.0
12.264143600998914 54.0
12.310844564994081 55.0
12.32771040502209 55.0
12.341415998568248 56.0
12.368614399585232 56.0
12.389975980175818 56.0
12.412093758711071 57.0
12.421493571986451 58.0
12.440552590848853 57.0
12.461634407340819 57.0
12.468330488789295 56.0
12.473498941560376 56.0
12.505726787623264 57.0
12.563004131126764 57.0
12.623747409283965 58.0
12.65749837530552 57.0
12.661343191034153 58.0
12.684921642271611 59.0
12.716866471708348 60.0
12.730255832764673 60.0
12.735033124025687 61.0
12.73733220928989 62.0
12.74921368523807 61.0
12.761194266383045 62.0
12.782944076156882 61.0
12.89417712731778 61.0
12.896972953891424 62.0
12.930759081012354 61.0
12.941449424390305 61.0
13.028927447996248 60.0
13.107537733455095 60.0
13.131414220114403 61.0
13.168441717099872 62.0
13.170726999476788 63.0
13.178122611540616 64.0
13.182296800000005 64.0
13.206907395472063 65.0
13.25693102960291 66.0
13.265886649889957 67.0
13.327892469725317 66.0
13.378328178780833 67.0
13.412724779738156 68.0
13.460120734372719 69.0
13.463754253960747 70.0
13.486018426841051 69.0
13.659481354546584 69.0
13.66322728941639 68.0
13.675999407624353 69.0
13.809727747955588 68.0
13.905153205039326 68.0
13.946383398057403 67.0
13.949335355083884 66.0
13.982687176681875 66.0
13.984503286579649 67.0
14.00323559795203 67.0
14.01176343228104 66.0
14.098054575715862 66.0
14.123551296712915 67.0
14.146736396725156 67.0
14.151011336582894 67.0
14.36259896875873 66.0
14.386746657473045 65.0
14.415630270030022 66.0
14.423129864501746 67.0
14.465001151592496 67.0
14.465778815555577 66.0
14.480859739326167 67.0
14.481101741178575 68.0
14.495202256112313 69.0
14.511297240899841 68.0
14.511577456141913 69.0
14.562898852724926 70.0
14.563920680432892 71.0
14.572934815671317 70.0
14.622295604453816 71.0
14.632399762828799 72.0
14.724899749255332 71.0
14.732444652573955 70.0
14.790544941720324 71.0
14.80410535075463 70.0
14.880325940829389 70.0
14.995799173207113 69.0
15.082409513717625 70.0
15.101743913540862 70.0
15.14279955880012 71.0
15.143693993197683 71.0
15.155948432560047 70.0
15.218821822568874 71.0
15.403143178479434 72.0
15.417255081344964 73.0
15.487217132306913 74.0
15.526272947527733 74.0
15.552635659503323 73.0
15.552813467408162 74.0
15.638089523719431 75.0
15.663079075094265 76.0
15.784069141726368 77.0
15.86295734303318 77.0
15.938206284942064 78.0
15.955555904283814 79.0
16.009826162440024 79.0
16.205348846353097 80.0
16.268210354476007 81.0
16.281338248534727 82.0
16.351957418959177 83.0
16.417697804176356 84.0
16.51949466287365 83.0
16.53195245201949 84.0
16.69053323531747 85.0
16.787512177675953 84.0
16.82739137929276 85.0
16.94840447696416 86.0
16.949966064771505 85.0
17.146839648867342 86.0
17.1613842936579 85.0
17.200707230300317 86.0
17.208329919890044 85.0
17.837274462884945 86.0
17.889776324701735 85.0
17.927228513463596 86.0
17.993362371040355 87.0
18.028375149086184 86.0
18.14694074876306 85.0
18.19347306284341 84.0
18.21801309089072 85.0
18.267827655761337 84.0
18.278372016795483 83.0
18.281297926287593 82.0
18.340380132367102 83.0
18.371211068503072 84.0
18.3808403961187 85.0
18.405987971382533 84.0
18.436448274468074 83.0
18.745682804550746 82.0
18.852247783281726 82.0
18.927075255420352 81.0
19.019927083943383 82.0
19.174947920679905 83.0
19.21339774532358 84.0
19.28255373229256 83.0
19.36032380934565 82.0
19.463059919976985 83.0
19.52822224792485 84.0
19.542861323752323 83.0
19.6439892740074 83.0
19.648902246936277 84.0
19.979857938358926 84.0
20.228350642064317 83.0
20.350636928624397 82.0
20.471382624734588 83.0
20.51118867263157 82.0
20.529097615929278 81.0
20.575375285268947 82.0
20.653290759055682 83.0
20.917585756926677 82.0
21.039327636169407 83.0
21.05951406923117 83.0
21.155030351105435 84.0
21.302693376743314 84.0
21.341566444271773 85.0
21.53036007212911 85.0
22.00448072129351 84.0
22.182793342643993 83.0
22.34554117680809 84.0
22.437489112716865 85.0
22.569671305890598 86.0
22.603740259669443 87.0
22.60944969350734 88.0
22.828054421606033 87.0
23.091381219166447 86.0
23.233294625088345 87.0
23.298851997201925 86.0
23.304869177830057 85.0
23.38166312808953 84.0
23.619412322080258 83.0
23.641343477577706 82.0
23.722476371785728 81.0
23.767650709805395 82.0
23.831952918159416 83.0
23.876794018403405 84.0
24.25152429778183 85.0
24.27714120462813 84.0
24.404474893027334 85.0
24.7126238938836 84.0
24.810514574883495 83.0
24.816648967580363 84.0
24.888693839632793 83.0
25.139897351457627 84.0
25.35779254774281 85.0
25.529118845635246 85.0
25.54375929826392 84.0
25.833101740142226 84.0
25.867770316246563 85.0
26.012012591302785 84.0
26.116472708868915 83.0
26.260982360171916 84.0
26.382606787580578 85.0
26.491168409819036 86.0
26.63934730373529 87.0
26.681621627082254 86.0
26.81879917045214 86.0
26.97231184280073 85.0
27.006537037173846 86.0
27.042886210056935 87.0
27.056389706705165 86.0
27.170351887258953 85.0
27.291668201249742 86.0
27.36776802011405 85.0
27.612957968178975 84.0
27.665585383290892 83.0
27.67351043993092 84.0
27.695469954819607 83.0
27.73835959202231 84.0
27.802262936213744 85.0
27.86413834509311 84.0
27.918868346247873 83.0
27.983009112518246 82.0
28.266466792923943 83.0
28.40268380857839 82.0
28.41806847633799 81.0
28.446436309866005 82.0
28.481497247979565 81.0
28.60541074408951 81.0
28.636143711282582 82.0
28.911364106089362 83.0
28.932608660950123 84.0
28.991177629589515 85.0
29.19455559856353 86.0
29.269811556328396 87.0
29.447843786295138 86.0
29.464808669492516 87.0
29.490138904717394 86.0
29.79229220834229 86.0
29.91789584373727 87.0
29.990669221225506 88.0
30.152339660360074 87.0
30.28096550996449 88.0
30.617197569091072 87.0
30.734495901671263 86.0
30.7415871542657 87.0
31.044967480778485 88.0
31.153389277588907 87.0
31.163634384027485 86.0
31.29003837553886 86.0
31.492507956270174 85.0
31.56230529200132 84.0
31.56939626851992 85.0
31.623754610288984 84.0
31.72757888798948 83.0
31.867531966810752 82.0
32.013827148532904 81.0
32.05381918032695 82.0
32.24866637207012 83.0
32.28034479115359 84.0
32.54575116852794 83.0
32.7744958976044 84.0
32.85282138935546 83.0
32.87597601227729 84.0
32.88305368067943 83.0
32.89072577570833 84.0
32.92677164751075 85.0
33.07911857571551 84.0
33.28972802901213 85.0
33.292497277595935 84.0
33.31227887019585 83.0
33.5943956464497 84.0
33.78367934733789 85.0
33.81351778468431 84.0
33.84882537297147 83.0
33.89929880449257 82.0
33.97984237525964 83.0
34.081961624065876 84.0
34.29553230605465 83.0
34.35593151351536 84.0
34.49490033758758 83.0
34.498097953151145 82.0
34.78053880416518 83.0
34.96161905351259 84.0
34.985915129080745 85.0
35.054912072119855 86.0
35.066903604381054 85.0
35.09705533597813 86.0
35.348212524529394 87.0
35.39082858414977 88.0
35.41679293666445 87.0
35.92037675583465 86.0
36.08918797159029 86.0
36.187536714425676 85.0
36.19351073769273 84.0
36.51660525210676 83.0
36.52722104987339 84.0
36.55039300306725 85.0
36.86399299987561 86.0
36.93647006688638 85.0
36.98226853140501 85.0
37.14364826498424 86.0
37.17024690283574 87.0
37.227959182608295 86.0
37.279527269383735 87.0
38.001365434834206 86.0
38.023502717154635 85.0
38.25804011096769 86.0
38.38357056865998 85.0
38.38743168652734 86.0
38.57996707020886 85.0
38.65067140969955 85.0
38.96126797618467 85.0
39.131008275745735 86.0
39.171806590117775 87.0
39.29189142730906 88.0
39.409389837610696 87.0
39.55854349354848 88.0
39.6458714979469 87.0
39.81777059708645 86.0
39.86686340980392 85.0
39.964584462321284 86.0
40.05157468643511 87.0
40.161810940839075 88.0
40.247143205312845 89.0
40.53340001601012 88.0
40.705569501991626 87.0
40.75728728596477 86.0
40.89700779623776 87.0
41.19325056750223 86.0
41.229147759706706 87.0
41.23526022116904 88.0
41.572293860775595 87.0
41.61452413122887 88.0
41.72960938649704 89.0
41.812155264604776 88.0
42.03465572912448 87.0
42.23332946868847 86.0
42.37049010163792 85.0
42.65378223382709 86.0
42.74060650719713 85.0
42.761159851049655 84.0
42.77857453263271 83.0
42.860292853913144 84.0
43.2380767572096 83.0
43.61362347511914 84.0
43.73301958787707 83.0
43.73669007484884 84.0
43.78771905369295 85.0
43.87786857927103 86.0
43.938915801845745 85.0
44.0025696424439 86.0
44.06623350776526 85.0
44.139998416255324 86.0
44.14719686550716 85.0
44.171164790656526 84.0
44.33208032383521 85.0
44.56428937517688 84.0
44.61848124334364 85.0
44.62590425546799 85.0
44.642831506893884 85.0
44.84149391242523 84.0
45.04065655907126 85.0
45.05842966491556 84.0
45.09778958679532 85.0
45.18662122858379 86.0
45.22278010034712 86.0
45.30914281147783 85.0
45.414407107949515 86.0
45.46188507382319 85.0
45.49780014878683 84.0
45.53785222799163 84.0
45.62402115558543 83.0
45.71087926856695 84.0
45.86063536403159 85.0
46.1912926131721 86.0
46.2302539623671 86.0
46.310036322369506 85.0
46.356930146410186 86.0
46.407758092520254 85.0
46.543486609936544 85.0
46.639912195737004 86.0
46.80049859747877 85.0
46.981189173360605 84.0
47.268657334094506 85.0
47.42497752911727 84.0
47.47030686738163 83.0
47.51858869280727 84.0
47.54194154535223 83.0
47.58758020099308 82.0
47.59066944976169 83.0
47.61965460120332 84.0
47.62027315712173 83.0
47.6821693664608 82.0
47.70719698498676 83.0
47.77011281156289 84.0
47.787857931353614 83.0
47.83672104332049 84.0
47.842985429042216 83.0
47.95834055758126 82.0
47.96611900590191 83.0
48.13671262676825 84.0
48.18410952162385 85.0
48.2449671650715 86.0
48.34939641691132 85.0
48.48253532210327 86.0
48.56778922922063 85.0
48.577905218497406 84.0
48.60931590230507 85.0
48.659250859235144 85.0
48.73991731734757 86.0
48.889871713214546 85.0
49.04671593116215 85.0
49.081834716559484 85.0
49.38412621139966 84.0
49.483169841738714 83.0
49.502145467433465 84.0
49.513244591435004 85.0
49.53813652494099 86.0
49.574158262872835 85.0
49.60214107285032 84.0
49.637880055968864 85.0
49.77041641310585 84.0
49.83016804076043 83.0
49.90218708201707 84.0
50.020683745043485 84.0
50.02996112765831 83.0
50.155397229799384 84.0
50.30926464616309 84.0
50.311695856353936 85.0
50.380154076042 84.0
50.41100073233007 85.0
50.47339844080756 86.0
50.72665188078832 86.0
50.97049052375915 85.0
50.98858808663803 84.0
51.04005403606583 83.0
51.27207124921823 84.0
51.27944052243451 83.0
51.296064840364664 84.0
51.31027359688837 85.0
51.58066549833815 84.0
51.61454310247377 83.0
51.71184733913297 82.0
51.89086719734477 81.0
52.00556288081618 80.0
52.01452186468804 79.0
52.071987561031946 80.0
52.14643117305138 81.0
52.20014368383405 82.0
52.252834164653365 83.0
52.40400844109471 84.0
52.4811182010903 85.0
52.54135994013873 86.0
52.88543939316778 87.0
52.88980361655598 86.0
53.08097686908274 85.0
53.194031497382916 86.0
53.27175437420508 87.0
53.32406763479793 86.0
53.629063343216494 85.0
53.90412806037367 84.0
53.92904989846412 83.0
54.001360039777474 83.0
54.02412916086676 84.0
54.02767661886988 83.0
54.04140030084003 82.0
54.10910645247265 83.0
54.283297236049705 82.0
54.292314028081954 83.0
54.45159527339519 84.0
54.4818629858683 84.0
54.56693452936336 84.0
54.589244194801786 85.0
54.61756468222066 86.0
54.637639563541946 87.0
54.664835573623236 86.0
54.770937996524246 85.0
54.86507169553979 84.0
54.869774172956504 83.0
54.95800944942608 83.0
54.989182721209865 82.0
55.09323393591372 81.0
55.1039928311585 82.0
55.17011533970018 83.0
55.22809099491295 84.0
55.24320965324029 85.0
55.29417023812191 86.0
55.30277298960498 87.0
55.43255679779267 88.0
55.504321124190945 89.0
55.515773404445405 88.0
55.723130891788486 89.0
56.09545894021627 90.0
56.294749763339524 89.0
56.720884926256936 88.0
56.92651955390118 87.0
57.245534356222834 86.0
57.441208996615174 87.0
57.44163430730592 88.0
57.5530258330833 87.0
57.76266301145381 86.0
57.8716509869398 86.0
58.02384658278493 85.0
58.113776860267656 84.0
58.14231443847657 85.0
58.209569477782594 86.0
58.242361623591776 85.0
58.34293638587589 85.0
58.44124157906502 86.0
58.77804607577161 85.0
58.779584477708305 84.0
58.83642477520502 85.0
58.971757418246625 86.0
58.99333931397707 85.0
59.19710230519977 86.0
59.240100099079285 85.0
59.32260778076275 86.0
59.43684079105587 85.0
59.47053292947737 86.0
59.976218727086696 87.0
60.09938037959158 86.0
60.2086850464892 85.0
60.210967971152115 86.0
60.22919799494504 85.0
60.26900327744143 86.0
60.346550948032764 85.0
60.37465889914989 86.0
60.70548747634161 85.0
60.793182031388405 84.0
60.83925291170965 85.0
60.89371065088125 84.0
60.93755781729345 83.0
60.98696535519058 82.0
61.01707432565293 83.0
61.06226556067839 82.0
61.09268263234971 81.0
61.12170629838344 80.0
61.14227856121055 79.0
61.14448901126085 80.0
61.192688206560895 79.0
61.266257060091604 78.0
61.31465635567305 79.0
61.457369349685486 78.0
61.542897286345884 79.0
61.8726694992891 80.0
61.91565803331247 81.0
61.94170953942085 80.0
61.96532108835634 79.0
61.98881071823007 80.0
62.006950090768015 81.0
62.01828342033736 80.0
62.02674377171784 81.0
62.07020247379305 82.0
62.129737406321446 81.0
62.18534740060972 82.0
62.2193203648101 83.0
62.29273460989707 82.0
62.6540867417816 83.0
62.66001732718551 84.0
62.68814751869705 83.0
62.80785060781295 82.0
62.822756848883486 83.0
62.88957919577703 84.0
63.01002382675407 85.0
63.136925961836795 84.0
63.37925633411254 83.0
63.52099306429955 84.0
63.63187644046633 83.0
63.638665600939156 84.0
63.753326162168214 83.0
63.75731465318352 83.0
63.78030919930728 82.0
63.80631500058371 81.0
63.843060568763306 82.0
63.99885815594835 81.0
64.05437697639537 81.0
64.1571107582669 82.0
64.17955344646971 81.0
64.29363436116492 82.0
64.29760416727399 81.0
64.32154055029707 82.0
64.34018878300141 83.0
64.37467019077874 82.0
64.49893714352983 83.0
64.50487046971186 84.0
64.66020358397947 85.0
64.70931600778088 84.0
64.79924047250535 83.0
64.81028185495688 82.0
64.84721977628588 81.0
65.11388306635772 82.0
65.14133976452106 83.0
65.1568056475372 82.0
65.15861106867744 81.0
65.18887800012766 80.0
65.36314348978433 81.0
65.49427529024986 80.0
65.50721637181368 80.0
65.57105874848948 81.0
65.60130022599462 82.0
65.61166546245215 81.0
65.71030472696798 80.0
65.76991766179658 81.0
65.81604673551081 80.0
65.95012709153576 79.0
65.9574494166697 78.0
65.98990769379985 79.0
66.26691366149794 80.0
66.27270275937104 79.0
66.28936070953824 78.0
66.4392020554501 78.0
66.45368510009784 79.0
66.46528323300824 80.0
66.68784694614934 81.0
66.72074717840619 82.0
66.8723180909458 83.0
67.17457721279304 82.0
67.20330774148937 83.0
67.24338794129201 82.0
67.25507277662294 81.0
67.69069445124907 82.0
67.77139825724137 83.0
67.89855172618813 84.0
67.99652936624705 85.0
68.18785386843443 86.0
68.20370794822622 87.0
68.22746602633113 88.0
68.25316089896799 87.0
68.44919864647721 86.0
68.49195243799878 87.0
68.71068659643208 88.0
68.77772305862575 87.0
68.78772496859392 88.0
69.04935518473533 87.0
69.32278551831541 88.0
69.41253191302131 87.0
69.6350626768807 86.0
69.70437791411962 87.0
69.75013886025148 86.0
69.76624298419847 87.0
69.79093816529988 88.0
70.01789454839134 87.0
70.34048566908181 86.0
70.81565749752367 85.0
70.82456382022144 86.0
71.01753422605049 87.0
71.05142436825145 88.0
71.16007741730171 87.0
71.19957844445544 86.0
71.35516686525791 85.0
71.4018591835118 86.0
71.60176774387782 86.0
71.90978575392955 85.0
71.96868001969813 86.0
72.13287324655563 87.0
72.26641740805216 86.0
72.29823818390494 86.0
72.45742182522878 85.0
72.4739651931134 84.0
72.50614123913944 83.0
72.5990230334571 82.0
72.80929174611535 83.0
72.81110282629221 84.0
72.81182293997568 85.0
73.06801661695461 84.0
73.17803239980438 83.0
73.24274514014812 82.0
73.2471735328719 82.0
73.6808187735215 81.0
73.69410888544252 82.0
73.69628803709206 83.0
73.77912815186369 84.0
73.80559622916545 85.0
73.93965938086494 84.0
74.09550941055646 83.0
74.11553945853042 82.0
74.28646343430555 83.0
74.41615333786936 84.0
74.54474000310043 83.0
74.55314332151904 84.0
74.55972356222372 85.0
74.63319692557539 85.0
74.74797411318983 84.0
75.03971122453264 83.0
75.15667908855347 82.0
75.40991128631477 83.0
75.43688048846691 84.0
75.4764273363704 85.0
75.6410268617297 86.0
76.16711388278894 85.0
76.21070167141792 86.0
76.2890684952299 85.0
76.4854871380491 86.0
76.63089093264053 87.0
76.83512986991386 86.0
76.94345180355322 87.0
76.97933580279441 86.0
76.98984055181363 85.0
77.0878950394306 86.0
77.17643267611852 87.0
77.58555569393641 86.0
77.84097526146732 85.0
77.85217294718154 84.0
77.93944692186567 85.0
77.94539929478553 84.0
77.97546947926486 85.0
78.15242519750022 86.0
78.5214639646282 85.0
78.57444391151722 86.0
78.64326472514142 87.0
78.82895037768576 88.0
79.08178112183626 89.0
79.41268466160079 88.0