0.0 0.0
0.09030738016805538 1.0
0.1463779465973864 2.0
0.20475228012003074 3.0
0.21227857534706976 4.0
0.30013345585927126 5.0
0.5105311550671624 6.0
0.5528770013522287 7.0
0.6828231525809008 8.0
0.7332948863843265 9.0
0.7378330430605503 10.0
0.762996506781887 11.0
0.8678653365329578 10.0
0.9421357056851981 11.0
0.9672832234881809 12.0
0.989471207983727 13.0
1.014376560997335 14.0
1.0144555533356538 15.0
1.081609204648665 16.0
1.0869871443371553 17.0
1.0962697140238753 16.0
1.096732693388017 17.0
1.1133786780377735 16.0
1.1213127512454464 17.0
1.1793535808696909 16.0
1.2308736928626463 17.0
1.2648777622496499 16.0
1.3635158935544378 15.0
1.4173419827498261 14.0
1.4254918278096385 15.0
1.4276414401061688 16.0
1.5076621290572825 15.0
1.5314687632555755 16.0
1.5702572750502488 17.0
1.5938791648381379 16.0
1.603818120374146 15.0
1.6511406926779473 14.0
1.831525717847649 13.0
1.8647016039177138 14.0
1.8969141591674712 15.0
1.9504904092408748 16.0
1.9545004690922712 17.0
1.97666349035436 16.0
2.0011566626154447 17.0
2.0877860289744303 16.0
2.0880227535745157 17.0
2.1369157770247136 18.0
2.1975306272328643 17.0
2.2380770360463904 18.0
2.2559902059093537 19.0
2.3113775619821846 18.0
2.3547460364017216 19.0
2.3734813565434325 18.0
2.3941711144512428 19.0
2.396710562993446 18.0
2.4535063114850586 17.0
2.497911058751016 16.0
2.5088970611557357 17.0
2.532434724642178 16.0
2.532897034278405 15.0
2.536144788160573 16.0
2.5480190115048518 17.0
2.577977541001235 16.0
2.695984078962336 15.0
2.7480422658973773 16.0
2.766088494033754 17.0
2.8001514549335313 18.0
2.86270276675027 19.0
2.8838703530796352 18.0
2.9291608359327506 17.0
2.938754060523755 16.0
2.951877695798384 17.0
2.983744368443569 16.0
2.9981150055974455 17.0
3.0665615395831787 16.0
3.1834655032463384 15.0
3.199483685823743 16.0
3.2077555945614558 15.0
3.215409420438722 16.0
3.215588126913975 17.0
3.2344857976687194 16.0
3.249606181717894 15.0
3.2978790281299255 16.0
3.31681477207001 17.0
3.3231670571430483 18.0
3.3717291049405804 19.0
3.4199030779014046 18.0
3.4985579249034258 19.0
3.504142460348844 18.0
3.5509305979245585 19.0
3.5589171036634317 20.0
3.5629951692612125 19.0
3.600866931474896 18.0
3.6601007802359606 19.0
3.780968164800154 20.0
3.788179180748325 21.0
3.8388913766764796 22.0
3.83974249353231 23.0
3.9039607522854807 24.0
3.916936119943701 23.0
3.936296274344456 22.0
3.9612607447316486 21.0
3.9747423575969867 22.0
3.9781878985589194 21.0
3.987554437963982 20.0
4.028155718252855 21.0
4.047461686952179 22.0
4.166418040270985 23.0
4.1688622369274215 22.0
4.184815571586266 21.0
4.223948171965881 20.0
4.26318685227834 21.0
4.300482642346174 20.0
4.337563175773022 21.0
4.343947893934813 20.0
4.390956622146478 19.0
4.448908930578671 18.0
4.464087084314856 17.0
4.483109146495475 16.0
4.507597259773488 15.0
4.598275518957347 14.0
4.617312034425094 13.0
4.62725939205557 14.0
4.750086820630617 13.0
4.8339711249592305 14.0
4.86174472801116 13.0
4.862296041634932 12.0
4.904656525362222 13.0
4.938043129528305 12.0
5.042532438124827 11.0
5.043014365770936 10.0
5.057568897958324 11.0
5.085408023001781 12.0
5.250265516708447 11.0
5.283036554636585 12.0
5.325968451747719 13.0
5.342085237018946 12.0
5.346526664004864 11.0
5.376964352376817 10.0
5.396277611630794 11.0
5.418891703073744 10.0
5.432084403833799 9.0
5.540168134061547 10.0
5.55881849784363 11.0
5.5875966879933054 12.0
5.587906537819078 13.0
5.67691674550976 14.0
5.78938682841747 15.0
5.794281413948241 16.0
5.80821545564999 17.0
5.8467079525477 18.0
5.848548368957925 17.0
5.865767942803305 18.0
5.907774851162754 17.0
5.93497710197667 18.0
5.939576749297523 17.0
5.971696227795737 16.0
6.003234466060225 17.0
6.037028419626926 16.0
6.062083205096681 17.0
6.074845609365227 18.0
6.156503354114132 19.0
6.186861204592289 18.0
6.198794658902039 17.0
6.26540293389008 18.0
6.350522092794644 19.0
6.379493281479719 18.0
6.3881307094552495 19.0
6.459111143725891 20.0
6.466199167459086 19.0
6.4819572892533115 18.0
6.5756604784383725 19.0
6.747394479543381 20.0
6.7872873435513394 19.0
6.7930290641456095 20.0
6.82918884833634 21.0
6.89167947524252 20.0
7.002813478805124 19.0
7.035819248763778 18.0
7.0386924469296135 17.0
7.103227075247382 16.0
7.115976768246409 15.0
7.330926100917776 16.0
7.345882653340921 17.0
7.409528238011607 18.0
7.409623838110071 19.0
7.489567428702492 18.0
7.54907854721469 19.0
7.559017740573866 20.0
7.575351446570802 19.0
7.583332111264854 18.0
7.606416864903291 19.0
7.613163767209312 18.0
7.701542479187979 19.0
7.7925010715861065 18.0
7.803354011849919 17.0
7.804402036711677 16.0
8.072520463308265 17.0
8.146118453608976 18.0
8.148587982559697 17.0
8.161113707787866 18.0
8.253200487965007 17.0
8.361332896338986 18.0
8.42315606836363 19.0
8.455118078838236 20.0
8.528489737719111 21.0
8.534622760173063 20.0
8.568015818566762 19.0
8.577814354042621 18.0
8.62633672117969 19.0
8.626785045862439 18.0
8.674500331649483 17.0
8.757711146260945 18.0
8.77347840219654 19.0
8.78755217886736 18.0
8.803142682552105 19.0
8.884067145910945 20.0
8.93291850759296 21.0
8.951804608511535 20.0
9.017498913584964 21.0
9.043134603702496 22.0
9.065814780434073 23.0
9.073315614116064 22.0
9.078622555314032 21.0
9.087846093126718 20.0
9.094963663454159 19.0
9.162598646107359 20.0
9.244847333385602 19.0
9.296633145352994 20.0
9.392773224503498 19.0
9.440013198051886 18.0
9.507525430148023 17.0
9.517246103294433 18.0
9.573256759845279 17.0
9.716022494116979 16.0
9.80903804048991 17.0
9.972903405416435 16.0
10.060952125270218 17.0
10.327002896332596 16.0
10.332803646452934 17.0
10.424202123091629 16.0
10.432713322078078 15.0
10.463510370900279 14.0
10.465058439430363 13.0
10.466067084825028 14.0
10.572863621971647 13.0
10.584380931503379 12.0
10.594882230691892 11.0
10.750304734139007 10.0
10.75486732985306 9.0
10.83548022770591 10.0
10.868400037190224 9.0
10.906797942339908 10.0
10.941755468963926 11.0
10.959199551279315 12.0
11.00493872921946 13.0
11.040029976006146 12.0
11.19025224001786 13.0
11.289884676736225 12.0
11.305426032109628 13.0
11.30959292124915 14.0
11.316591540783827 13.0
11.331113986692259 14.0
11.340442495312702 15.0
11.393971826541977 14.0
11.421255492113094 13.0
11.563952986990529 14.0
11.59286470806459 15.0
11.603646451292935 16.0
11.621381886190619 17.0
11.634821850416765 18.0
11.684578008282553 17.0
11.748434230713256 18.0
11.806435526529892 19.0
11.839012789135193 20.0
11.87518306222119 19.0
11.876593772347068 20.0
11.935588775887403 19.0
11.971839219791832 18.0
11.980237576376387 17.0
12.020802456290758 16.0
12.025879458040222 15.0
12.03089305366689 14.0
12.074837804630436 15.0
12.123265507716248 14.0
12.141706121907612 15.0
12.15159095153594 14.0
12.21206193139558 15.0
12.298846243385203 14.0
12.332404591668299 15.0
12.440038632017892 16.0
12.443074157683741 15.0
12.570015760233755 16.0
12.666148986575237 17.0
12.673388147214807 16.0
12.752841956533064 17.0
12.80710699871598 18.0
12.809546128517681 17.0
12.865189501689322 18.0
12.879579884091736 17.0
12.880870697113942 16.0
12.893770173671859 17.0
12.931071206650984 18.0
12.943852952636318 17.0
12.948621038038146 18.0
12.964576723652584 17.0
13.051759657435294 16.0
13.072299005306686 17.0
13.083958016842121 16.0
13.153457770466098 15.0
13.220396274445191 16.0
13.240980195510913 17.0
13.243853292911714 16.0
13.268097827829045 17.0
13.302807424163671 16.0
13.31801140860261 15.0
13.339156652403696 14.0
13.365576580220726 13.0
13.39748564275935 14.0
13.43531247591743 13.0
13.484833523225866 14.0
13.4911509165772 15.0
13.503639363261701 14.0
13.635875905918896 13.0
13.66032727100973 14.0
13.661499728755853 13.0
13.702332557241117 14.0
13.724610759587465 15.0
13.749224043981119 14.0
13.780497024182562 13.0
13.86254646743175 14.0
13.87181916433526 13.0
13.877235966741896 14.0
13.878745192311966 15.0
13.983933362643384 16.0
13.988204253486813 15.0
14.023828925692097 16.0
14.025975263348846 15.0
14.02843905561826 16.0
14.059787614083135 17.0
14.16758727104288 18.0
14.168826521710498 17.0
14.176870751834281 16.0
14.252300627611543 17.0
14.266817557963442 16.0
14.283724633083988 15.0
14.314587841029791 14.0
14.368646700570853 15.0
14.369482145399424 14.0
14.383071487073527 15.0
14.419176820439393 14.0
14.455068232385587 15.0
14.553963770897713 16.0
14.593798149563963 17.0
14.608514991737392 18.0
14.608892846344919 17.0
14.624370083416117 16.0
14.70276421326528 17.0
14.713244433927237 16.0
14.726784239026092 17.0
14.780102329223306 16.0
14.784329238629537 15.0
14.920090840402237 14.0
14.936653192264675 13.0
14.99407410700294 12.0
15.006948868944516 13.0
15.210406014555199 14.0
15.272336602043488 13.0
15.277892693646763 14.0
15.296544244453774 15.0
15.379320396949781 16.0
15.400329177230182 17.0
15.442357416450736 16.0
15.460900625954126 17.0
15.487913557382567 16.0
15.504145193209943 17.0
15.586584275721718 16.0
15.61414860976141 15.0
15.646890473661907 14.0
15.664555751814385 13.0
15.666471605096485 14.0
15.76681557088211 13.0
15.812007406973438 14.0
15.83537436813394 13.0
15.841252888546249 14.0
15.892244964366949 15.0
15.968486911619909 14.0
15.983658960836003 15.0
16.000596116887067 14.0
16.012498948350068 15.0
16.014961392273733 14.0
16.049564992487788 15.0
16.082101028640707 16.0
16.134345542225134 15.0
16.142399563944846 14.0
16.247708741574115 15.0
16.252933933962577 14.0
16.327418141735986 13.0
16.376411048089185 14.0
16.384060058948503 13.0
16.494281793366245 14.0
16.619875364161008 13.0
16.677960560828154 12.0
16.697487346245968 13.0
16.755960392293314 14.0
16.81573902518273 13.0
16.831835458217004 14.0
16.84769923159545 13.0
16.851002918564067 12.0
16.854380726715153 13.0
16.85579603345391 14.0
16.89751901351198 13.0
16.93228136581997 14.0
16.93855287292678 13.0
16.96619457333057 14.0
16.96931982331159 15.0
16.975104190127553 16.0
17.023612075701838 15.0
17.054827633874762 16.0
17.058161503415963 15.0
17.11543475495574 14.0
17.135480737930113 13.0
17.14460689000333 12.0
17.149112326072242 13.0
17.168264948267016 14.0
17.187865745208736 13.0
17.225400352437553 14.0
17.231512786219085 15.0
17.26519153301798 16.0
17.306997249470296 15.0
17.351989033829327 14.0
17.357901844167383 13.0
17.36455793267392 12.0
17.388353922374847 11.0
17.397415708445898 10.0
17.47479215808873 11.0
17.530479576576326 10.0
17.65048894951632 11.0
17.673363266350865 10.0
17.757491585477716 11.0
17.775629397464165 12.0
17.798273448217802 13.0
17.814435779484594 14.0
17.81603302089682 15.0
17.875494270283387 16.0
17.88615201182317 17.0
17.91705341861072 18.0
17.933559350078024 19.0
17.9430309583336 18.0
17.962460241232773 17.0
17.973375688332663 18.0
17.9877402352228 19.0
18.02627640631953 18.0
18.073109019998245 19.0
18.081113430986004 20.0
18.085340425822782 19.0
18.114748611194944 20.0
18.157827250847614 19.0
18.201947419270383 20.0
18.20494152225196 19.0
18.217513697742813 20.0
18.25046959840355 19.0
18.270545883989012 18.0
18.303989521386224 17.0
18.309018814519316 16.0
18.33716394499318 15.0
18.337284353126535 16.0
18.33758600459504 15.0
18.371343164165935 14.0
18.381702102849 13.0
18.387524603326682 12.0
18.41211078992456 13.0
18.47670317730974 14.0
18.484405811910314 13.0
18.509961642024567 14.0
18.561448231031203 15.0
18.56562747378419 14.0
18.66998256587757 15.0
18.698625278521618 16.0
18.706677749707413 17.0
18.747777751718413 16.0
18.74807396323278 17.0
18.770206231390514 18.0
18.87328670540579 17.0
18.886250299759762 16.0
18.94724225700205 17.0
18.962651254814624 16.0
18.978731998086165 17.0
19.024541245512058 16.0
19.113112991855115 15.0
19.14256953876269 16.0
19.17986951102014 17.0
19.203321705649078 18.0
19.223386684413818 17.0
19.298867044985382 16.0
19.31564414302 17.0
19.38996943012464 18.0
19.434109419295407 19.0
19.517829223626652 18.0
19.597409115971654 17.0
19.607989370572643 18.0
19.650043849523882 17.0
19.714863818464355 16.0
19.716365600856204 15.0
19.74257716642682 14.0
19.743436815610625 13.0
19.76048604627739 14.0
19.810677112569824 15.0
19.88164121631228 14.0
19.893300078462744 15.0
19.939387654863 16.0
19.953337817014546 15.0
19.954737642015218 14.0
19.958515412179565 15.0
19.99390900187815 16.0
20.02170794455467 15.0
20.06258254814132 16.0
20.075262981429468 17.0
20.08069148195392 18.0
20.154801570688324 17.0
20.16275966213336 18.0
20.241598794829432 17.0
20.262655379102803 16.0
20.279573039370785 15.0
20.34617480526758 14.0
20.39168614531604 15.0
20.452205833352902 16.0
20.45615577004891 17.0
20.477397829550263 18.0
20.4899532171971 17.0
20.555784777052253 16.0
20.563193399989732 15.0
20.56687548791573 16.0
20.6334649841693 15.0
20.646766897363374 14.0
20.71050471564733 13.0
20.825433085292577 12.0
20.870408106020864 13.0
20.882587839936306 14.0
20.936080174290367 15.0
20.967243447844258 14.0
21.000270661437856 13.0
21.023813643023836 12.0
21.035703104554965 11.0
21.09128662053541 12.0
21.115686614502398 13.0
21.17465277511483 12.0
21.192923581222278 13.0
21.265307592422367 14.0
21.345023438232815 15.0
21.403261729306514 14.0
21.40518574746937 15.0
21.43520355785149 14.0
21.570817537021945 13.0
21.58206567459041 14.0
21.6135064884677 15.0
21.616846858400063 16.0
21.674232741736333 17.0
21.685344461509423 16.0
21.694108519886033 17.0
21.714547877739886 16.0
21.73016277034125 17.0
21.75142903989758 16.0
21.760348032346894 17.0
21.77054716804452 18.0
21.813118873744248 19.0
21.82008799743689 18.0
21.82932338856706 17.0
21.85393877252566 18.0
21.920737893432843 17.0
21.930000310921262 16.0
21.93038981291893 17.0
21.94906765089467 16.0
21.96557802651612 17.0
21.99666931562991 16.0
22.00893392472295 17.0
22.028902289556353 16.0
22.032622529838623 17.0
22.092150255914586 18.0
22.105805214663235 17.0
22.123366501097376 16.0
22.126657617257912 15.0
22.151331797981527 14.0
22.170006017043963 15.0
22.225116821593524 14.0
22.300434285004286 15.0
22.358965888739917 16.0
22.455410712056853 17.0
22.463394610855758 16.0
22.489432312653364 15.0
22.557796725150613 16.0
22.603006998781236 17.0
22.61103464369792 16.0
22.632104354626755 15.0
22.646359851406242 16.0
22.69690217561864 17.0
22.79973493749804 16.0
22.825360031783163 15.0
22.83828173140716 14.0
22.895472212180348 13.0
22.93040505068591 12.0
23.01262306448045 11.0
23.03067828247614 12.0
23.040761381048558 13.0
23.066369611485896 12.0
23.070087622097173 13.0
23.10362334749468 12.0
23.108185317666187 13.0
23.11098218911324 14.0
23.227224886199206 15.0
23.273398655364613 14.0
23.302730714795263 15.0
23.33651850198387 16.0
23.345590184150044 17.0
23.4011004932982 16.0
23.41923232748848 15.0
23.470182822897097 14.0
23.494777587611214 15.0
23.500327736505454 16.0
23.53667309779452 17.0
23.60922898071553 18.0
23.6203640608226 17.0
23.627688351910237 16.0
23.630935805495245 15.0
23.655916000361117 14.0
23.699348151893847 15.0
23.737401148397904 16.0
23.86770343779602 15.0
23.870237920844563 14.0
23.94404797513242 15.0
23.94955416267779 14.0
23.95117543681198 15.0
23.977762992488216 14.0
23.979489534989852 15.0
24.00245628082784 16.0
24.027959496941204 17.0
24.05082321180216 18.0
24.065657498182475 19.0
24.081338431399185 18.0
24.084359951892637 19.0
24.16293929182084 20.0
24.33133365827865 19.0
24.341993837240068 18.0
24.38465429877323 17.0
24.392720516845632 18.0
24.405090265005175 19.0
24.411615708326067 20.0
24.444809461428452 21.0
24.495987306560384 22.0
24.624687950815193 23.0
24.636036940427267 22.0
24.640848875348038 21.0
24.727788784614745 22.0
24.81428203233546 21.0
24.834310225420367 20.0
24.854295702481647 19.0
24.891383948810528 20.0
24.924998482015607 21.0
24.94076914768264 22.0
24.96065971845605 21.0
24.98476632113994 22.0
25.007114584235232 21.0
25.017813940589274 20.0
25.043695478314085 19.0
25.063194515239722 20.0
25.069893379568516 19.0
25.077508703309714 18.0
25.08507046812235 17.0
25.13678698182672 18.0
25.157876111526882 19.0
25.174845021065817 18.0
25.2535352747706 17.0
25.26986942469187 18.0
25.271770279063997 19.0
25.285101563198456 20.0
25.32382739391238 19.0
25.35674292147948 20.0
25.451322134435948 21.0
25.468499791309416 20.0
25.49053496557045 19.0
25.561309261024494 20.0
25.598558318865653 19.0
25.61108352638596 20.0
25.621296159980677 19.0
25.679469141675096 18.0
25.716159998057115 17.0
25.745097037895174 16.0
25.74741889498474 17.0
25.754994977537127 16.0
25.757906771218767 17.0
25.812383301109676 16.0
25.877519410694443 15.0
25.89967627510357 16.0
25.902733392804784 17.0
25.940331187541005 16.0
25.964630828254627 15.0
26.128657662381794 14.0
26.165745815266217 13.0
26.208237413991654 12.0
26.300293735748788 11.0
26.303278167326337 12.0
26.337715091743394 13.0
26.345197247279373 12.0
26.37354449361939 13.0
26.434559818492893 14.0
26.48342486637732 13.0
26.489500208509067 14.0
26.51428640111394 15.0
26.523641762871875 16.0
26.534714447763605 17.0
26.587039325867018 16.0
26.591253204170414 15.0
26.5983532031787 16.0
26.639937504511096 17.0
26.710258730626627 16.0
26.776886673133603 17.0
26.83758806928412 16.0
26.89507028799436 15.0
26.943485812573762 16.0
26.980550689616663 15.0
26.983579690111505 14.0
26.98952210396592 15.0
27.052353284857087 16.0
27.05262615558256 15.0
27.18410071371077 16.0
27.205409080235476 17.0
27.20934229756888 16.0
27.38410843091038 15.0
27.436340307453055 16.0
27.445940125511488 15.0
27.498769353767738 14.0
27.51356231054757 13.0
27.567565443883176 12.0
27.605720514444407 13.0
27.66123233049288 12.0
27.66952625039348 13.0
27.714309770209013 14.0
27.72519710838086 15.0
27.855422934157026 14.0
27.867916774460834 15.0
27.870123039353075 16.0
27.93009341848541 15.0
27.97492037817983 16.0
27.997725863061305 17.0
28.01793782501168 16.0
28.026357313385382 15.0
28.05978030083407 14.0
28.123331058375083 13.0
28.16148890656407 14.0
28.24868723185954 13.0
28.31693265897861 12.0
28.39492890869095 13.0
28.403287153133174 14.0
28.591704273778127 15.0
28.616619765834635 16.0
28.691497344752953 15.0
28.706086452372894 16.0
28.708647324782905 15.0
28.761701273032397 16.0
28.81150213496993 17.0
28.831966636804935 16.0
28.83813401365843 17.0
28.861741992951828 16.0
28.865413321086937 17.0
28.872239556356863 18.0
29.007510830891476 17.0
29.12733946691635 18.0
29.137624512530735 19.0
29.143879156515304 18.0
29.168829241718235 17.0
29.179159130105102 16.0
29.186203235968947 15.0
29.425033081626907 14.0
29.44578223816702 13.0
29.450706798859482 14.0
29.58966569367758 13.0
29.60211629664314 14.0
29.611010267864465 15.0
29.645705855386915 14.0
29.65097048030476 15.0
29.70606041214621 16.0
29.73901073664213 17.0
29.806772434188016 16.0
29.850063106748642 15.0
29.90172116346166 14.0
29.976181242890654 15.0
29.992788184750697 14.0
30.001590866561386 13.0
30.01903010521833 12.0
30.03720623742653 13.0
30.055371213830625 12.0
30.178003625545614 11.0
30.202679153155984 10.0
30.275951071251058 11.0
30.302410274891194 10.0
30.37357954369276 11.0
30.382464867643133 12.0
30.41785469832926 13.0
30.51617277824681 12.0
30.517873271291474 11.0
30.53353806475624 12.0
30.593569470938043 13.0
30.600033094546987 12.0
30.606735188572042 11.0
30.616791742259554 12.0
30.627153842330895 13.0
30.683970533144237 14.0
30.72138456394317 15.0
30.780062820365714 14.0
30.7958397742748 15.0
30.84389371649817 14.0
30.871481277143502 15.0
30.93471058736444 16.0
30.952039302197484 17.0
30.958134029193996 18.0
31.048803868075684 17.0
31.087315063328738 18.0
31.1845753468448 19.0
31.252397864337308 20.0
31.295760544041432 21.0
31.29613648552816 22.0
31.315491527915015 23.0
31.380005333691724 22.0
31.395579347524244 21.0
31.414958144503753 20.0
31.52459319215918 19.0
31.54985839197539 20.0
31.76749648162367 21.0
31.800779641075668 22.0
31.877344324642877 23.0
31.8995039036566 24.0
31.973816359542848 25.0
32.02950327586572 24.0
32.111550825380604 23.0
32.265493111998225 22.0
32.26690064100786 21.0
32.309293235103034 22.0
32.33068599084128 23.0
32.37612919103452 22.0
32.44061635432184 23.0
32.494875748739716 22.0
32.577608069593914 21.0
32.578296165761586 22.0
32.60712565263804 23.0
32.75254097315843 24.0
32.79076725549295 23.0
32.79313410683788 24.0
32.80423275987094 23.0
32.904545558680134 22.0
32.91293429068895 21.0
32.95299982537433 22.0
33.00104680947802 21.0
33.0281673638805 22.0
33.08357360685529 21.0
33.10366147751382 22.0
33.22463001892422 21.0
33.23275931345174 22.0
33.2372612892301 23.0
33.263394279201734 22.0
33.30321658875459 21.0
33.319289037169426 20.0
33.340439260414335 21.0
33.361768411780105 20.0
33.435208975373854 21.0
33.50982874127769 22.0
33.570860556562025 21.0
33.59644414371931 20.0
33.60865421463176 19.0
33.628199319692946 20.0
33.64158766461641 21.0
33.67888752213051 22.0
33.689681970528234 23.0
33.698506439681786 24.0
33.73881303808818 23.0
33.74381797982029 22.0
33.763240356848584 23.0
33.78298579270789 22.0
33.8146211226796 21.0
33.82059372311452 22.0
33.83110548929998 21.0
33.83800106379159 22.0
33.86067693647036 21.0
33.87264864166572 20.0
33.89010753891573 21.0
33.893253942701506 20.0
33.92743826848714 21.0
33.94501478228148 20.0
33.949728983136616 21.0
33.99237979519479 20.0
33.99318198328928 19.0
34.01302454174583 20.0
34.050438869290986 21.0
34.05722953320928 20.0
34.064646237837586 19.0
34.07585622060964 20.0
34.160377003669126 21.0
34.168816930445914 20.0
34.22603101714349 19.0
34.246527955000936 18.0
34.247218094939676 19.0
34.454005631879866 18.0
34.45524095968807 17.0
34.47271743240594 18.0
34.53823174729818 19.0
34.580332319815 18.0
34.674213001062796 17.0
34.72454385841464 18.0
34.81981559739202 19.0
34.86492981120436 18.0
34.86507820897454 17.0
34.908528910710416 16.0
34.91211559359885 15.0
34.986126033561476 14.0
34.99210214287347 15.0
35.00220573876356 14.0
35.0132858521477 15.0
35.014951131830145 16.0
35.03461500081853 17.0
35.04378425419091 18.0
35.05780062024446 17.0
35.059621873295214 16.0
35.06854881606582 17.0
35.082307254619835 16.0
35.09209912281649 15.0
35.15548678364748 16.0
35.159999882538834 17.0
35.16777473558993 18.0
35.19330246536584 17.0
35.19511025670382 16.0
35.20309069680055 15.0
35.25981890751208 16.0
35.3284724845292 15.0
35.43928952535772 16.0
35.480713481636265 17.0
35.49088945994974 18.0
35.526321534294766 19.0
35.57971898917967 20.0
35.58950638421507 19.0
35.760834606653745 18.0
35.77796801274308 19.0
35.78640760468792 20.0
35.80024199658251 19.0
35.8032403976806 20.0
35.836518510667744 19.0
35.91143446695172 18.0
35.92208894354239 17.0
35.959408768286494 16.0
35.98184073353776 15.0
36.00291812180648 14.0
36.00374549044748 13.0
36.00979257082651 12.0
36.01549484597166 11.0
36.01950770530177 12.0
36.02156547663662 13.0
36.1114486097152 12.0
36.11915425270222 13.0
36.152154687439534 12.0
36.16417377247292 11.0
36.224608330200965 10.0
36.277438549058054 9.0
36.32145169245873 10.0
36.339791424978465 9.0
36.35406350459843 8.0
36.41624277999307 9.0
36.42245693526585 10.0
36.42425472588972 11.0
36.445626313959075 12.0
36.48809186861903 13.0
36.50798137152298 14.0
36.529218474128605 15.0
36.58488716436449 16.0
36.60686164019841 17.0
36.629300946619 16.0
36.64979574070468 15.0
36.65664102731711 16.0
36.66065481830069 17.0
36.716482929266874 16.0
36.72697979465449 17.0
36.75129473251598 18.0
36.77179000505652 19.0
36.78637931492255 18.0
36.80858171676968 17.0
36.832687377227984 16.0
36.83836847720016 17.0
36.89620375236547 16.0
36.927416537005854 15.0
37.047235698296156 14.0
37.08127609882182 15.0
37.12000250245355 14.0
37.158128692310754 13.0
37.17574140707981 14.0
37.18385342247463 15.0
37.261655560365384 14.0
37.30277903579607 13.0
37.39212644824944 12.0
37.40352051447097 11.0
37.413150750270844 10.0
37.45109970222032 11.0
37.476559675562044 12.0
37.47860106363746 13.0
37.498065525641955 14.0
37.52560989310332 13.0
37.53861174167146 12.0
37.54446894609958 11.0
37.58121508754697 10.0
37.61845732509789 11.0
37.673467177789796 10.0
37.689526041992146 11.0
37.70627514016123 12.0
37.916179081959434 13.0
37.92206132267536 12.0
38.02034109651005 11.0
38.031696762581184 12.0
38.11146328048624 11.0
38.11402520114691 12.0
38.171593473066096 11.0
38.204382847659346 12.0
38.22549307228341 13.0
38.265234837756594 14.0
38.33287298592002 15.0
38.35767432439251 16.0
38.35927521006145 17.0
38.37337083591713 16.0
38.423610865317485 17.0
38.43321965964463 16.0
38.440441389635126 17.0
38.6519881867087 18.0
38.71221662596064 17.0
38.82934342066249 16.0
38.85344974727298 17.0
38.89136982565381 18.0
38.92423565106982 17.0
38.97035198565239 18.0
38.99753183037701 17.0
39.01245702147832 18.0
39.05120494818681 17.0
39.123569730709576 16.0
39.14735417447084 15.0
39.27793422866154 14.0
39.29578334650005 13.0
39.38301738783959 14.0
39.41929637032949 15.0
39.46491885063377 16.0
39.53990055441014 17.0
39.57447711379262 16.0
39.59752349774354 17.0
39.63455783806842 18.0
39.649124144415126 17.0
39.71458396749753 18.0
39.772430561457895 17.0
39.77416779486623 18.0
39.794582109100716 17.0
39.80895852780264 16.0
39.81081495203098 17.0
39.840297158846646 18.0
39.8740366844314 17.0
39.90950374278248 18.0
39.96562559811693 19.0
40.07300083995114 18.0
40.0806827556158 19.0
40.12445700824891 18.0
40.12963164063881 17.0
40.14148890669856 18.0
40.24538817058046 17.0
40.36347978862355 18.0
40.38677749252956 19.0
40.441724781717014 20.0
40.45537061548124 19.0
40.51020921106918 20.0
40.5681465583209 21.0
40.60343331749786 22.0
40.630347596143466 21.0
40.6763468584428 20.0
40.700161226684465 19.0
40.72132808572556 20.0
40.7335494008526 19.0
40.73573142634706 18.0
40.75002618898044 19.0
40.76239290341634 20.0
40.810253217566284 19.0
40.81969547400541 20.0
40.830130049742394 21.0
40.84871518249126 20.0
40.96657662095953 21.0
40.98952200142804 22.0
41.0694784648509 23.0
41.16517733612224 22.0
41.170755560111125 21.0
41.2037590790649 20.0
41.2043404303855 19.0
41.228883914977516 20.0
41.23604767263687 19.0
41.29066661450265 18.0
41.31455217332275 19.0
41.325932492647595 20.0
41.34224717765363 19.0
41.39147437379454 20.0
41.401414875240285 21.0
41.50361225165149 20.0
41.52530608805666 19.0
41.580047692403234 20.0
41.60335885815954 21.0
41.64567270165907 20.0
41.653681225270994 19.0
41.676039844259876 20.0
41.844481885015504 21.0
41.84994800587824 20.0
41.85762213992443 19.0
41.95012118207205 18.0
41.96841138473791 17.0
42.03143649854737 16.0
42.06263017097472 17.0
42.06979025177663 18.0
42.11340774977738 19.0
42.154724333901946 20.0
42.35858063203815 19.0
42.412682633606195 18.0
42.429207074140784 17.0
42.46441089291181 16.0
42.52631597963244 17.0
42.58228452220617 16.0
42.67608163492334 15.0
42.68077824421343 14.0
42.7069807870752 13.0
42.78910999385495 14.0
42.83878320511638 13.0
42.86099916647973 14.0
42.906216223175264 15.0
42.911183011233106 14.0
42.93557321130467 13.0
43.11133361628797 12.0
43.12667274297451 13.0
43.15234549960434 14.0
43.17265075107368 15.0
43.213163283729976 14.0
43.28764945383871 13.0
43.31834432720268 14.0
43.34978766535284 15.0
43.38048644537178 16.0
43.40599464268786 15.0
43.44204512448966 14.0
43.45865171937055 15.0
43.46639041197114 16.0
43.57069867836855 15.0
43.579888356226036 16.0
43.59192796844229 17.0
43.6710536884308 18.0
43.814975385432646 17.0
43.8159712391892 16.0
43.86405930572088 17.0
43.893211455604245 18.0
43.89665853316515 17.0
43.908967730028316 18.0
43.9106203236094 17.0
43.93406379352897 16.0
43.9884031050135 17.0
44.01526321998349 16.0
44.02845473680786 17.0
44.23526598207278 16.0
44.24780963226795 15.0
44.417374028310334 16.0
44.44690011212946 17.0
44.46394542227756 18.0
44.46695471104304 19.0
44.47620478881087 18.0
44.500176601009116 19.0
44.50039212112526 20.0
44.616023016171766 21.0
44.654941981436195 22.0
44.68725853297002 21.0
44.76086512380439 20.0
44.88179280487754 21.0
44.88490339862075 20.0
44.91493062799152 21.0
44.991722657432994 20.0
45.00735908397568 19.0
45.02853149586404 20.0
45.04013460174641 19.0
45.06529511329461 18.0
45.07130541241935 17.0
45.086378938473636 16.0
45.12287149216261 17.0
45.17981239423903 18.0
45.19354959492785 17.0
45.19751556719235 16.0
45.208557554929136 17.0
45.26422420139007 16.0
45.278472236168454 17.0
45.29409276593135 16.0
45.33368834259578 17.0
45.39460462719355 18.0
45.453548547790845 19.0
45.475803108820614 20.0
45.4930780923966 19.0
45.501480922967474 20.0
45.52710816124474 19.0
45.53814339906792 20.0
45.551766615179396 21.0
45.57553515132589 20.0
45.62374089283723 21.0
45.74667448877468 20.0
45.7545592728283 19.0
45.86498114825413 18.0
45.86573683830493 19.0
45.86882081366896 20.0
45.947974574877044 19.0
45.96300707426013 20.0
46.00107058176617 21.0
46.074290098282646 20.0
46.35306062353545 19.0
46.4296689626248 18.0
46.45045218343052 17.0
46.48242511977246 18.0
46.63525218292221 17.0
46.75052010214364 18.0
46.789495172828005 17.0
46.816439279697725 18.0
46.864868122846524 17.0
46.87532408855529 18.0
46.88277170679299 17.0
46.920595564434535 16.0
46.93537241593832 17.0
47.082887480761535 16.0
47.09223465297778 17.0
47.1060798193321 18.0
47.12436399371665 17.0
47.166755497840676 16.0
47.171764571764214 15.0
47.189791140989925 14.0
47.204119221430446 13.0
47.24388813488343 12.0
47.25426006647326 11.0
47.29937586127464 12.0
47.31122607397422 11.0
47.400636918280576 12.0
47.451117647984546 11.0
47.49922430062463 12.0
47.5419440541085 13.0
47.558928205654695 14.0
47.655347982616135 13.0
47.732056518017274 12.0
47.77922170477827 13.0
47.81936497434614 14.0
47.83619937419457 15.0
47.89268553430678 14.0
47.975292482790614 13.0
48.01178000238205 14.0
48.01194624811516 13.0
48.04176020597204 14.0
48.10296792863201 13.0
48.125411395594334 14.0
48.24464570863266 13.0
48.28839112963516 14.0
48.33682548075826 15.0
48.341868154384066 14.0
48.38888837703889 15.0
48.40692482748428 14.0
48.4279926117108 15.0
48.45354669760693 16.0
48.58644058283753 17.0
48.59567226389744 18.0
48.62431858966254 19.0
48.63432038475099 18.0
48.641328431516754 17.0
48.66626449836081 16.0
48.681305061902734 15.0
48.70130868037648 16.0
48.75158374038563 17.0
48.81474708865928 18.0
48.85525099703202 19.0
48.88232153943579 18.0
48.90091655104156 19.0
48.9335128622578 20.0
48.96351652526312 19.0
48.9704830144941 20.0
49.10388663106146 19.0
49.130089857951425 18.0
49.160042661821294 19.0
49.20890574835049 18.0
49.27503729162014 17.0
49.28754834701732 16.0
49.36954862948956 17.0
49.42409798364967 16.0
49.47171258857011 17.0
49.47876260076598 18.0
49.48279051978719 19.0
49.55129345638059 18.0
49.58088339602485 19.0
49.703806193230385 20.0
49.7406174601853 19.0
49.749681143961524 18.0
49.778565646362345 19.0
49.81662870455307 18.0
49.84756825390962 19.0
49.87265057775282 20.0
49.930570259320206 21.0
49.98516930434097 20.0
50.00565767451069 19.0
50.01193220260532 20.0
50.01432065437748 21.0
50.02668690068852 20.0
50.09279907558666 19.0
50.121312309224884 20.0
50.13686740221786 19.0
50.151070883208064 18.0
50.170872402357745 19.0
50.23718109531169 20.0
50.281195667890714 21.0
50.29506449647559 20.0
50.30304409762858 21.0
50.303778845363944 22.0
50.31159136765616 21.0
50.3276764112693 20.0
50.345895281043504 21.0
50.40178358675567 20.0
50.53177386884644 19.0
50.56427051540157 20.0
50.58360626751792 19.0
50.58812207827109 18.0
50.800440251309226 17.0
50.80869918154995 18.0
50.82533138371216 19.0
50.87080640964156 20.0
50.9170780818928 19.0
50.92622726157659 20.0
50.94789958498868 21.0
50.9905652354957 22.0
51.06535396867457 21.0
51.074186305661094 20.0
51.076453838517295 21.0
51.08445249942724 20.0
51.08742701751202 21.0
51.117619256325554 20.0
51.1340694004685 19.0
51.182623106756964 20.0
51.18300769802988 21.0
51.282221371194154 20.0
51.34945871899901 19.0
51.38117511035688 20.0
51.395582331999584 19.0
51.39975891908732 20.0
51.484543821682706 19.0
51.49978815856522 20.0
51.526552696798284 21.0
51.53963026579157 20.0
51.57471770754943 19.0
51.61428875921831 20.0
51.63600769108208 19.0
51.67660260653369 20.0
51.687937341116246 19.0
51.72878597930966 18.0
51.73740107153158 19.0
51.76480455852176 20.0
51.76865063237298 19.0
51.79898058800952 18.0
51.83581044498737 17.0
51.86595572293285 18.0
51.89719878707565 17.0
51.91906652662266 16.0
51.94683792286371 15.0
51.94998383277603 14.0
51.951925490842264 15.0
51.97181707095512 16.0
51.99181100589517 17.0
51.99256068862078 16.0
52.01829510924703 15.0
52.03666265076183 14.0
52.05968878161491 13.0
52.07123092516958 14.0
52.19660231912851 13.0
52.20672916972148 12.0
52.27345559981806 11.0
52.304743799987726 10.0
52.33942093934673 11.0
52.34749383860749 12.0
52.38333110954517 13.0
52.557792393493806 14.0
52.598203695172906 13.0
52.631063356043335 12.0
52.63669298621825 13.0
52.6908579570904 14.0
52.751395305875725 13.0
52.774361026870906 14.0
52.78219025799793 15.0
52.784504433640414 14.0
52.79988626753828 15.0
52.8226807105341 14.0
52.857453450625606 13.0
52.91371674860706 14.0
52.94978057669164 15.0
52.9576631353982 14.0
52.9661283422952 15.0
53.00843750075543 14.0
53.03379364119176 15.0
53.1229066916645 16.0
53.20103815174567 15.0
53.21597665271328 16.0
53.24222734663295 15.0
53.24996783625255 14.0
53.28231972616903 13.0
53.31169417821388 14.0
53.330093021419195 15.0
53.44099716039953 14.0
53.456603427104895 13.0
53.48846694845823 14.0
53.5935861283516 13.0
53.59489123603453 12.0
53.62241628866978 13.0
53.62328896858059 12.0
53.63924260416578 11.0
53.646041397662565 12.0
53.65064556471055 13.0
53.66223423038424 12.0
53.697835838456925 13.0
53.698032819224 14.0
53.736210292940086 15.0
53.88513568682302 16.0
53.912920455066875 17.0
53.946513036643246 16.0
53.94825343357809 17.0
54.02034822960724 18.0
54.04062906048289 19.0
54.06746405936145 20.0
54.09344464729647 19.0
54.14759353680944 20.0
54.18652937772825 21.0
54.20419100950214 22.0
54.21728073449067 21.0
54.327465991949374 20.0
54.35522137662829 21.0
54.38783872787605 20.0
54.47241383524768 21.0
54.52907383598716 20.0
54.534080502434826 19.0
54.565579252173514 18.0
54.566432306044916 19.0
54.598980521316776 18.0
54.60621766723691 19.0
54.651862414521084 18.0
54.67179067930009 19.0
54.67741222147079 20.0
54.680887378963696 19.0
54.74143178413722 20.0
54.76432192419684 21.0
54.764434108447404 22.0
54.80123155409279 21.0
54.86191973363448 22.0
54.95209739316205 23.0
55.10191257590567 24.0
55.22053414366595 25.0
55.22534142197342 24.0
55.2398470312926 23.0
55.243433717808124 24.0
55.33090432024213 23.0
55.36959395364836 22.0
55.377253336919985 21.0
55.48450192609231 22.0
55.554448013117295 23.0
55.5856900803994 22.0
55.61077241988022 21.0
55.63191680783463 20.0
55.65934824396627 19.0
55.67175119673258 18.0
55.699401206101726 17.0
55.70791624858968 16.0
55.730342372561616 15.0
55.7354317434816 16.0
55.85851983079613 15.0
55.861494234787955 14.0
55.86620987966081 13.0
55.95641088002931 14.0
55.98682330446096 13.0
56.02479607324217 14.0
56.090288026338726 13.0
56.09774692289223 12.0
56.106832730136645 13.0
56.14430147452128 12.0
56.14720788339227 13.0
56.211668739710056 12.0
56.28788419643246 13.0
56.326178199475805 12.0
56.365053168222076 11.0
56.38922588760319 12.0
56.442763346128174 13.0
56.465142413461486 12.0
56.607770507076 13.0
56.669641316893895 14.0
56.80736588393667 13.0
56.80885100048007 14.0
56.826447746987974 13.0
56.86617900722547 14.0
56.872884258003616 15.0
56.976356266632116 16.0
56.98303623875356 15.0
57.011965082306496 16.0
57.01505715848004 17.0
57.04873738391057 18.0
57.12638793973555 17.0
57.13085747378665 16.0
57.13599830613366 15.0
57.214507602406215 14.0
57.42951454937836 15.0
57.453915626566065 14.0
57.46024569514818 15.0
57.513541936574676 16.0
57.62171685400552 15.0
57.6514730095625 16.0
57.659387881926904 15.0
57.6639045438617 14.0
57.675894130216406 15.0
57.73019111315376 14.0
57.793832764119124 13.0
57.86733799413283 12.0
57.879723568532604 13.0
57.95295168758987 14.0
57.97407499511524 13.0
57.97555326940581 14.0
57.99557679052708 15.0
58.030319777580914 14.0
58.05765970031382 13.0
58.086754886031606 12.0
58.10627979902368 13.0
58.14284807795668 12.0
58.19588927759098 13.0
58.223279796832564 14.0
58.27073231018268 13.0
58.31135923750208 12.0
58.34004909150206 11.0
58.40032556112101 12.0
58.57354434372929 13.0
58.573726144759696 12.0
58.58348887575958 13.0
58.62583793810427 14.0
58.64399467858242 13.0
58.741042485043984 14.0
58.75325802275825 13.0
58.75782365015262 12.0
58.76340153805462 13.0
58.774711957284126 14.0
58.9120747084096 13.0
58.912734308634214 14.0
58.9554876016953 15.0
58.989746179782735 16.0
59.00990379764879 17.0
59.0193879020462 18.0
59.02318562268335 19.0
59.05716285923444 18.0
59.063110819617535 19.0
59.08401239234729 18.0
59.14895342414832 17.0
59.174297936982455 16.0
59.188056672428196 15.0
59.188847933016504 16.0
59.27025291975378 17.0
59.318146092435704 16.0
59.33949493159175 15.0
59.37712774451582 16.0
59.37759026488046 15.0
59.39404924499611 16.0
59.40245441698026 15.0
59.40335581236275 14.0
59.422381948685 15.0
59.457493984067355 16.0
59.49491149394091 15.0
59.51118337171714 16.0
59.51638787695969 15.0
59.56624928411121 14.0
59.6253719001998 15.0
59.62739401646308 14.0
59.64346844428941 15.0
59.64630162568511 14.0
59.70180171588391 15.0
59.946792410149484 16.0
59.9934756444492 17.0
60.08103124174099 18.0
60.11445098881027 19.0
60.13732442997395 18.0
60.19809505311035 19.0
60.233112972643795 20.0
60.24775485056271 19.0
60.254718182006 18.0
60.28150853063145 19.0
60.28743332676938 20.0
60.31799904963846 19.0
60.34396763343666 18.0
60.368904724846196 17.0
60.44288590812051 16.0
60.55269257568062 17.0
60.57820084807754 16.0
60.589920258253684 15.0
60.59598719738181 14.0
60.62782002309704 13.0
60.64284371502412 14.0
60.67956467886924 13.0
60.70468560565153 12.0
60.71735175518872 13.0
60.736371165790715 12.0
60.74520780824756 13.0
60.81791197621834 14.0
60.82756525675957 13.0
60.832254829062535 12.0
60.872985924135385 13.0
60.90814222030412 14.0
60.9235001220603 13.0
60.931236787280845 14.0
60.970233697536784 13.0
60.98182946022905 14.0
60.99991333579388 15.0
61.05855527805638 14.0
61.08260384711546 13.0
61.12669920924972 12.0
61.21413830291236 13.0
61.21699642588282 12.0
61.23398993802364 13.0
61.30621462451087 14.0
61.30963707924764 15.0
61.387615295395086 14.0
61.40930664940011 15.0
61.555458386351184 16.0
61.58367818181184 17.0
61.60882732891144 18.0
61.61151803512132 17.0
61.67695389607481 16.0
61.688113199563695 17.0
61.843233244631 18.0
61.843951959597526 17.0
61.8594160213725 18.0
61.8923562294916 17.0
61.90772090310183 16.0
61.94875117628743 15.0
61.949873638015646 16.0
61.994977072532954 15.0
62.01541712010168 14.0
62.02421656645542 13.0
62.07705906654227 12.0
62.15763386738863 13.0
62.191067410934934 12.0
62.22328455241342 13.0
62.2724142659843 12.0
62.37673253787402 13.0
62.395358087095815 12.0
62.418599698678655 13.0
62.42072370738609 14.0
62.431169366788446 15.0
62.478672399439894 16.0
62.53833955729994 17.0
62.64277839597817 16.0
62.655760127714466 17.0
62.6704954324991 16.0
62.6963486513543 15.0
62.721860151274406 14.0
62.78715166486123 15.0
62.82007808700586 16.0
62.82971154584693 15.0
62.88639999735773 14.0
62.96901253711459 15.0
63.05612995147704 16.0
63.097582753505584 15.0
63.121505579518264 14.0
63.137943168156475 15.0
63.143822044812346 16.0
63.17130896365239 15.0
63.18357189098351 16.0
63.25289495872369 15.0
63.25546808319194 16.0
63.25907645596285 15.0
63.26105491146381 16.0
63.38044338923115 17.0
63.40440453695836 16.0
63.41528842520139 17.0
63.422013912797695 18.0
63.43791938484744 17.0
63.489116479593186 16.0
63.50189457499241 15.0
63.54259718217461 14.0
63.54466023706949 15.0
63.60440583137499 14.0
63.645141460146874 15.0
63.65341795764018 16.0
63.65396334110007 15.0
63.702441075035736 16.0
63.769373917077026 15.0
63.813372764000974 16.0
63.87432796773352 17.0
63.926231730180554 18.0
63.972408750799985 17.0
63.9967733192208 18.0
63.99800492379772 17.0
63.999590487563225 16.0
64.01340360390269 15.0
64.01900987133044 16.0
64.06001074201012 15.0
64.09564645072437 16.0
64.13916583674502 15.0
64.15068536298232 14.0
64.19360383484805 15.0
64.22231531943586 16.0
64.234006648008 17.0
64.23923736041272 16.0
64.25915006341079 15.0
64.33244409145551 16.0
64.33627103191068 17.0
64.38266451875894 18.0
64.41790660699336 19.0
64.4233105915863 20.0
64.45854792748256 19.0
64.49998990749164 18.0
64.51214593413482 19.0
64.54445178756762 18.0
64.55070207154618 17.0
64.56183449425895 16.0
64.58216113462441 17.0
64.58413812806688 16.0
64.68540553603643 17.0
64.69122858864122 18.0
64.72961304292998 19.0
64.74520793215753 20.0
64.77455084610213 21.0
64.8389423682719 20.0
64.84119199612944 21.0
64.8956134471697 20.0
64.90354706537174 19.0
65.01796035614294 20.0
65.07904896702718 19.0
65.13909646632624 18.0
65.20554876802946 19.0
65.24725416945805 20.0
65.27560660303457 21.0
65.28100352295577 22.0
65.30460355840516 21.0
65.30823268566395 20.0
65.31906923402985 19.0
65.37900125806658 18.0
65.52208925623846 19.0
65.52879580852297 18.0
65.55450884411951 19.0
65.65068011153984 18.0
65.65320617496485 19.0
65.71283832356195 18.0
65.71378093694541 19.0
65.72530591095372 20.0
65.76445699179848 21.0
65.76474856614297 22.0
65.9199559127116 21.0
65.96895162144345 22.0
65.99356825245842 23.0
65.99658052577446 22.0
66.0351613893441 23.0
66.0612552091402 22.0
66.10822829146255 23.0
66.13952147353002 24.0
66.1432124143523 25.0
66.15960800761404 26.0
66.16092888202462 25.0
66.1757658348306 24.0
66.18206786813484 23.0
66.20086865961355 22.0
66.21498921847886 23.0
66.25768329380676 22.0
66.3715436870237 21.0
66.38620017250831 20.0
66.39050886381828 21.0
66.47934341354247 20.0
66.50735350313583 21.0
66.58607404080246 20.0
66.59412863873403 21.0
66.60919127293097 20.0
66.63084428045465 21.0
66.6334731261688 22.0
66.63919879699762 21.0
66.68833082965817 20.0
66.70756966226503 19.0
66.72551480389193 18.0
66.77243762526322 17.0
66.90569447179087 16.0
66.91848532043545 17.0
66.92516471141604 18.0
66.94030255873493 17.0
67.00265242047713 18.0
67.00851216725391 19.0
67.04291857236865 18.0
67.04599534559625 17.0
67.09694711603431 16.0
67.18358370944351 17.0
67.19648552134487 16.0
67.27936369711689 15.0
67.35814405694764 14.0
67.36175224521811 13.0
67.36869937315751 12.0
67.37300388278649 11.0
67.38780267337623 12.0
67.42078555797742 11.0
67.43072607668144 12.0
67.43726711457768 13.0
67.51319138816936 12.0
67.52851310439405 13.0
67.56229810277775 14.0
67.58020010388935 15.0
67.60976340928602 16.0
67.63634935744557 15.0
67.65950444884248 16.0
67.66787412239032 17.0
67.700924022665 18.0
67.7305542027709 19.0
67.74185665804636 20.0
67.85395080415836 21.0
67.90780579569179 20.0
67.90960498058762 19.0
67.9100633636666 18.0
67.92571736052555 19.0
67.93361748856057 18.0
67.95182036667198 17.0
67.98703751894428 18.0
67.99690305978508 19.0
67.99869893650965 18.0
68.05820497154727 19.0
68.1074237119121 18.0
68.11201362856168 19.0
68.16859596583085 20.0
68.25639450670104 19.0
68.27042711025436 18.0
68.30873684035429 19.0
68.38559418660799 18.0
68.39056699499525 19.0
68.49503260625949 18.0
68.49889115487431 17.0
68.5964561134803 16.0
68.62918210610269 17.0
68.67932521592729 16.0
68.6972428530758 17.0
68.85748915408918 16.0
68.86830300877871 15.0
68.88693406736631 16.0
68.89944301286299 15.0
68.9103332945201 14.0
68.93061845141895 13.0
68.94820945201107 14.0
69.02971261539699 13.0
69.05538366313175 14.0
69.14071021693525 15.0
69.18087829582375 16.0
69.19552175913101 15.0
69.28911867805176 16.0
69.31462645013644 17.0
69.34154068220874 18.0
69.36696173572824 19.0
69.37617082491657 20.0
69.4059961311937 21.0
69.50341414683622 20.0
69.51124235705495 19.0
69.52187479135527 18.0
69.56954425415863 17.0
69.67886664111872 16.0
69.74138820324096 15.0
69.7559228434099 14.0
69.76363345294588 13.0
69.7637028765242 14.0
69.82340863534047 13.0
69.83033810143552 14.0
69.8324679321915 15.0
69.90628857701505 16.0
69.91415842662002 15.0
69.91780104902206 14.0
69.95450052347277 13.0
70.04389828185687 12.0
70.04713200183308 13.0
70.11285086799441 14.0
70.16558132531219 15.0
70.22242384401464 16.0
70.3324724981361 15.0
70.33723604716151 14.0
70.35716035836438 15.0
70.3977530114048 14.0
70.50611939197346 15.0
70.50732116939335 16.0
70.52267479624128 17.0
70.57353075934867 16.0
70.62954229132798 17.0
70.65844904979964 16.0
70.67229345516151 17.0
70.70399017837374 18.0
70.7485308805994 19.0
70.82617983881593 18.0
70.84482388092422 19.0
70.8649103976886 18.0
70.92262199475243 17.0
70.97051952888961 18.0
70.98013978669115 19.0
71.03221944878017 18.0
71.05323012831576 17.0
71.05994763995477 16.0
71.06654965326234 17.0
71.10017989990133 16.0
71.16275538617413 15.0
71.16350448739436 16.0
71.25256621047512 15.0
71.2616086570195 14.0
71.31631965715992 15.0
71.31687433035901 14.0
71.45071507876195 13.0
71.47681421382171 14.0
71.489828173158 15.0
71.56651657893762 16.0
71.65690435912096 15.0
71.65846886288635 16.0
71.69127584633856 17.0
71.70201062379205 18.0
71.7202639743441 17.0
71.7474847681105 18.0
71.76764121199936 17.0
71.77267535649581 16.0
71.79411144996142 17.0
71.80537663220288 16.0
71.81350673372215 15.0
71.81685131713448 16.0
71.83458561898121 15.0
71.893120952585 14.0
72.02373997078105 15.0
72.06112804252807 14.0
72.0839276332699 15.0
72.14945486046096 16.0
72.16806818777629 17.0
72.18862411763027 16.0
72.33278019832834 17.0
72.33911479033678 16.0
72.34947296804182 15.0
72.61639856844256 14.0
72.65122415456885 13.0
72.65704241327109 12.0
72.6575471744901 13.0
72.68720752094615 12.0
72.69017802278509 11.0
72.83605245309967 12.0
72.89469183566034 13.0
72.94278797532112 14.0
72.9652700579613 13.0
73.02485086569448 12.0
73.04191061339026 13.0
73.06493754901994 14.0
73.11823143043307 13.0
73.13501462976278 14.0
73.14554828522246 15.0
73.16607258390398 14.0
73.1949164235114 13.0
73.27479522167847 14.0
73.27969817531798 15.0
73.30599220672015 14.0
73.35046474924042 15.0
73.35903018833879 16.0
73.43404982530667 17.0
73.45861507404985 18.0
73.5047040662634 19.0
73.5249347103383 18.0
73.53102932720043 17.0
73.58234094817668 18.0
73.58472324770727 17.0
73.62341044210775 18.0
73.63527994669235 19.0
73.6873343589339 18.0
73.70195549685248 19.0
73.72545112786887 20.0
73.7775398514909 21.0
73.80862554233403 20.0
73.83807007903395 21.0
73.85665428066574 20.0
73.92546996638033 19.0
73.96955823336754 18.0
74.0099193606407 17.0
74.02101636671054 18.0
74.10106828136709 19.0
74.1019039288073 20.0
74.23065508037554 19.0
74.24763349265103 20.0
74.2615505908273 19.0
74.29128575990539 18.0
74.3017742340283 19.0
74.5733049070053 20.0
74.61826419526103 21.0
74.63764929399841 20.0
74.69437724424971 19.0
74.70667942438646 18.0
74.70863896715014 17.0
74.71008957810625 16.0
74.73021689751202 15.0
74.79854873635682 14.0
74.80846808995796 15.0
74.85421531933922 16.0
74.87323816146815 15.0
74.90512125622804 16.0
74.9312272647166 17.0
75.03913790089695 18.0
75.08955649714089 19.0
75.10988632754456 18.0
75.12056576133101 19.0
75.12382255472714 18.0
75.13741731810255 17.0
75.1452530981001 16.0
75.16310811221811 15.0
75.17967032116972 14.0
75.22510181829584 13.0
75.25159662146608 14.0