0.0 0.0
0.0699066162855142 1.0
0.09125947372697958 2.0
0.11292575633490784 3.0
0.15362929119962665 4.0
0.15696478712479034 5.0
0.1588772070192745 6.0
0.1917911682276469 5.0
0.2074303778827249 4.0
0.28226925756943555 5.0
0.3806675362826575 4.0
0.45752068505700894 5.0
0.45958931970391786 6.0
0.4707289141176818 7.0
0.4895533558405277 8.0
0.5129852636119141 9.0
0.5402145980323815 8.0
0.5636751354384454 9.0
0.5797041532386171 10.0
0.6582263550534705 9.0
0.6852567905275851 10.0
0.6941641327511753 11.0
0.7270531238746392 10.0
0.7676056715004372 11.0
0.78335103452467 12.0
0.7998484696963792 13.0
0.8256622098478209 14.0
0.9140789440954618 13.0
0.9999587832704231 14.0
1.0582374542265225 13.0
1.1016926741187536 14.0
1.1309043525448683 15.0
1.2291987229777066 14.0
1.26122002555941 13.0
1.3492447472599656 12.0
1.3599387759552606 11.0
1.400253635530862 10.0
1.4003977619761856 9.0
1.4185627651450678 10.0
1.4421215000758476 11.0
1.5076499395703034 12.0
1.6095516201509552 13.0
1.6329135773991124 14.0
1.7516057858600427 13.0
1.8115460775569878 14.0
1.8663998200331287 13.0
1.8725784097518252 12.0
1.9332488661750662 11.0
1.9489396753939356 10.0
2.001574770118887 9.0
2.066997892752159 10.0
2.116879421034315 11.0
2.123950180939765 10.0
2.143447258269332 11.0
2.164224327258173 12.0
2.1781976916817483 11.0
2.196955461402253 12.0
2.226308163094987 11.0
2.293625351172694 12.0
2.3057837461776804 13.0
2.3313317806224396 14.0
2.3314699283333207 15.0
2.334244545056191 14.0
2.338538264560665 15.0
2.356399858865979 16.0
2.4587954733772612 17.0
2.5080044983375744 16.0
2.539913513221689 17.0
2.587372938680056 16.0
2.6168608029004843 17.0
2.6740244425155124 18.0
2.760849874181898 17.0
2.793995475957116 18.0
2.817439322875483 17.0
2.838970980051413 16.0
2.88515752783092 15.0
2.889577097479009 14.0
2.8932523517712605 13.0
3.006381969679503 14.0
3.1338400133476036 15.0
3.1696386927550737 16.0
3.2221259705951795 15.0
3.246231551489929 16.0
3.2773313105470128 15.0
3.3110985000568216 16.0
3.3329032837673154 17.0
3.3457745242784163 18.0
3.35658003963663 19.0
3.370627070413301 20.0
3.39162262663904 21.0
3.395377593114429 20.0
3.3972679103521157 19.0
3.5532591327592113 18.0
3.555633139798597 19.0
3.557957454371161 20.0
3.5721541053586985 21.0
3.6341221799414036 20.0
3.661440949625672 21.0
3.6630356931113166 22.0
3.674147809272541 21.0
3.6903691805109773 22.0
3.711596563031134 23.0
3.874778193654097 22.0
3.8916940367219612 21.0
4.035697479830803 22.0
4.063589198628186 21.0
4.085269388877687 22.0
4.0903780778770615 23.0
4.103092669420561 24.0
4.140648013169043 23.0
4.192137145157375 24.0
4.195532106370557 25.0
4.377303059257751 26.0
4.377399426542191 25.0
4.394547028271991 26.0
4.394601310336925 25.0
4.410871784559378 26.0
4.430749229809061 25.0
4.4439260339350675 24.0
4.483524488332699 25.0
4.502418862207575 24.0
4.568219707192362 25.0
4.601530394239655 24.0
4.648062584082928 23.0
4.665855225548885 22.0
4.6838139648996835 21.0
4.713783662649166 22.0
4.738892538585284 21.0
4.74784375209277 20.0
4.857134802007963 21.0
4.93406441510331 20.0
4.971077003421931 19.0
5.103941293427265 18.0
5.163969160845247 17.0
5.1650012140493144 18.0
5.171125622322935 19.0
5.197110123764086 18.0
5.261229919026529 17.0
5.289754696712642 18.0
5.294238404411312 17.0
5.370397827224894 18.0
5.393749954044132 17.0
5.485811558856376 16.0
5.488360966170303 15.0
5.492078507303835 16.0
5.5077225263618175 17.0
5.542810173608899 16.0
5.7884900962928585 15.0
5.816480135187059 14.0
5.824246647114553 13.0
5.964443891629778 12.0
5.98215906653389 13.0
6.027521672846544 12.0
6.055397285402744 13.0
6.064081328016314 14.0
6.092249667158207 15.0
6.118376814360733 16.0
6.132227079733996 17.0
6.210169687439021 16.0
6.236526865989635 17.0
6.241564022425528 16.0
6.264919617933668 17.0
6.283087096730346 18.0
6.290552233165728 17.0
6.293177829865821 18.0
6.369686336739242 19.0
6.3910536139885314 18.0
6.392625426041761 17.0
6.394156367018145 16.0
6.41100202001366 15.0
6.431014629049535 14.0
6.436767287366672 15.0
6.483852605170372 14.0
6.560175218515217 13.0
6.573432716537105 14.0
6.581112679150421 15.0
6.624254404088943 14.0
6.660230506153759 15.0
6.68245733729546 14.0
6.708583349597036 15.0
6.7711771491994135 14.0
6.772385092793231 13.0
6.791496460457632 12.0
6.819801976778108 13.0
6.826863581302853 12.0
6.916894954315336 13.0
6.942494849104702 12.0
6.945682505322529 11.0
6.9484809777411645 10.0
7.005864537738337 11.0
7.150674728151864 12.0
7.175537070426435 11.0
7.241534369660192 12.0
7.281716969836225 11.0
7.464505672084234 12.0
7.4739591480854575 13.0
7.491718166821951 12.0
7.534105960570557 11.0
7.55459592064702 10.0
7.67869061415872 11.0
7.790339630927697 12.0
7.7961626211637185 11.0
7.830564232380257 10.0
7.927346965992371 11.0
7.938093095452952 12.0
7.941265685565557 11.0
7.964928241490049 12.0
8.025010858956595 13.0
8.085751752626145 12.0
8.096613206985774 11.0
8.120176060333796 12.0
8.122761876504976 13.0
8.172060445554058 14.0
8.186857295948906 15.0
8.204391116673643 16.0
8.214143029450574 15.0
8.288712931367566 16.0
8.334298997372898 17.0
8.415096896825496 16.0
8.418129734076436 17.0
8.521412508905275 16.0
8.627281448117932 15.0
8.657205581341808 16.0
8.67481096227788 17.0
8.69300795759028 16.0
8.815962398026953 15.0
8.840857829147424 16.0
8.86609335593172 15.0
8.99465612788961 16.0
9.026980705833964 15.0
9.117588130531947 16.0
9.154346922224997 15.0
9.16429581899461 16.0
9.216850197788238 17.0
9.240309720660457 16.0
9.415209548119668 15.0
9.4414944836361 16.0
9.524091292004321 17.0
9.576867936985197 16.0
9.667304726231418 17.0
9.75437091439868 16.0
9.877179685010933 15.0
9.921851967893064 16.0
9.953560547410282 17.0
10.00431517099961 16.0
10.011001812676584 17.0
10.043353902209086 16.0
10.05273771370852 17.0
10.05431410883094 16.0
10.085186935620804 17.0
10.158054586575178 16.0
10.241330485506582 15.0
10.24880471546058 14.0
10.338035191804005 13.0
10.346743661681757 14.0
10.397805860124768 15.0
10.529061886636844 14.0
10.560368283596693 15.0
10.569335537657604 14.0
10.646117219627124 15.0
10.67295608744535 16.0
10.674876037906332 17.0
10.747614954608979 16.0
10.755048578644567 15.0
10.803791595529798 16.0
10.804659892570557 17.0
10.83647186348031 18.0
10.8618481757977 17.0
10.879008214175903 18.0
10.893081392092476 19.0
10.92574355090034 20.0
11.046151895968338 19.0
11.049146210739188 18.0
11.070318677035644 17.0
11.144722040963915 16.0
11.205347181908174 15.0
11.22785112912495 14.0
11.22956304532897 13.0
11.279582809950368 14.0
11.306980732906569 15.0
11.324280135372577 16.0
11.371791735976366 17.0
11.372761230069445 16.0
11.384248665727364 17.0
11.39681522554141 18.0
11.409705502740355 17.0
11.446192676364713 16.0
11.45738426607069 15.0
11.53559139895044 16.0
11.591527854199091 15.0
11.602835937041396 14.0
11.801282239372076 15.0
11.814514502495784 14.0
11.828168455796504 15.0
11.839655668861301 16.0
11.926211751620384 15.0
11.932103901331914 16.0
11.991342193444506 15.0
12.032287745017653 14.0
12.074531717453443 13.0
12.123431448568748 12.0
12.135237165773304 13.0
12.15845527189798 12.0
12.177045774189462 13.0
12.18361515128169 14.0
12.275702651496461 15.0
12.299220849549322 16.0
12.306845894820048 17.0
12.353109314090181 18.0
12.380538689601531 17.0
12.427035004061803 18.0
12.428452047470799 17.0
12.42897715146308 18.0
12.471053894962873 17.0
12.487879960362035 16.0
12.589597922135829 15.0
12.60243154923796 16.0
12.713539520440124 15.0
12.758065225191599 14.0
12.78517013562107 15.0
12.833783298141876 16.0
12.932737154076312 17.0
12.964585370925523 16.0
13.108522127681981 17.0
13.137297988138409 16.0
13.221860919249202 17.0
13.245844660553477 16.0
13.314688452207896 15.0
13.338488351276764 16.0
13.359656223351497 17.0
13.481654949981568 18.0
13.5258014004505 17.0
13.557666108353581 16.0
13.566138979956094 15.0
13.575153940415323 16.0
13.587204877983837 15.0
13.66276171482182 16.0
13.747890465577582 15.0
13.84469652618684 14.0
13.862657812790085 13.0
13.924561823725577 14.0
13.993506843037602 15.0
14.050841692150794 14.0
14.066756019834056 15.0
14.151021759744209 14.0
14.22941255255168 13.0
14.2438344099058 12.0
14.260213679102142 11.0
14.385776625592948 12.0
14.421425484226274 11.0
14.472217376651388 12.0
14.504381808428038 13.0
14.545541987871275 14.0
14.631674897077602 15.0
14.636622426184369 14.0
14.776598339413106 13.0
14.797142806280252 14.0
14.818818753349403 15.0
14.826497585801757 16.0
14.847833774451296 17.0
14.912632915608418 18.0
14.942365024728405 19.0
14.951345542896798 18.0
14.959238061752822 17.0
14.969451559665886 16.0
15.026333730500191 17.0
15.031879333870524 16.0
15.035025315884848 15.0
15.035203699789593 16.0
15.096759586083177 15.0
15.157342986357945 16.0
15.28843270270014 17.0
15.324964684657292 18.0
15.361640416190747 19.0
15.404587059215848 18.0
15.413376739841574 17.0
15.466215866664875 16.0
15.479083708709178 15.0
15.63525827342482 16.0
15.64683778979554 15.0
15.75702477134895 16.0
15.78360519891046 15.0
15.815538097839607 14.0
15.856986499570423 15.0
15.879316795896075 16.0
15.939374040674412 15.0
15.942279729298553 14.0
16.030996502750355 13.0
16.043104657984195 14.0
16.051419391288444 15.0
16.09827701781049 14.0
16.107358523015602 15.0
16.177571262498937 14.0
16.220746914477367 13.0
16.309985922285605 12.0
16.435837041906197 13.0
16.46071643525755 14.0
16.48757036956667 13.0
16.493489174583456 12.0
16.504022545133772 13.0
16.540955750897208 12.0
16.57848032285245 13.0
16.664750816290383 14.0
16.66952447817007 15.0
16.725386145419215 14.0
16.75257857744375 13.0
16.816572029200103 12.0
16.83170162105536 13.0
16.84723183783941 12.0
16.852546089659505 11.0
16.86529475055363 10.0
16.887959406177593 11.0
16.980753834751486 12.0
16.982697519333218 13.0
17.029406756731085 12.0
17.09428104046992 13.0
17.131994894308292 12.0
17.16831696775664 13.0
17.267498280392857 12.0
17.269406181691103 13.0
17.32673394183796 12.0
17.39748783621 11.0
17.39969306661316 10.0
17.42296095510968 11.0
17.470937043477967 12.0
17.551840952221408 11.0
17.56983948064953 12.0
17.60718097672168 13.0
17.645686583892843 14.0
17.663028286162145 13.0
17.752495768199864 14.0
17.814877632743443 15.0
17.815801438056756 16.0
17.840193748207067 17.0
17.8604040595698 16.0
17.86819749262037 17.0
17.915622223342123 16.0
17.969398925492428 15.0
17.98508412136419 14.0
18.074761149131387 15.0
18.10408946754346 14.0
18.129664441792404 13.0
18.405101798757745 14.0
18.413032416840707 15.0
18.454790326760293 14.0
18.48517080503066 15.0
18.512116122202773 16.0
18.541497141810478 15.0
18.58844782988916 14.0
18.661710398297046 15.0
18.701935859772153 14.0
18.766616580878107 13.0
18.767702534060593 12.0
18.910956018656254 11.0
18.918937518549882 12.0
18.973678549385788 13.0
18.988561548375213 12.0
19.010265729191484 13.0
19.182834711471344 12.0
19.19076368272657 13.0
19.258128503405082 12.0
19.290555288316458 13.0
19.290919349322685 12.0
19.29751294173789 11.0
19.30792676697474 10.0
19.333463920951353 9.0
19.34106857807461 10.0
19.36503512356882 9.0
19.367639902211067 8.0
19.369922273927394 7.0
19.39691563833215 8.0
19.420342307261954 9.0
19.459979928442387 10.0
19.663493883130723 11.0
19.67064025743509 12.0
19.682055567736825 11.0
19.703823447175196 10.0
19.752155907534068 9.0
19.769750019035996 10.0
19.795984996310146 11.0
19.810985575193747 12.0
19.823870301419063 13.0
19.90440378628574 12.0
19.914012670573946 13.0
19.98517732573584 14.0
20.08034702359709 13.0
20.081322546513636 14.0
20.143207310117884 15.0
20.17217019562356 16.0
20.19449044143911 15.0
20.211596206388215 16.0
20.300050794354156 15.0
20.30387572692214 14.0
20.307175532527104 13.0
20.314744534595736 12.0
20.35199286783002 11.0
20.415522588467255 12.0
20.423903689125716 11.0
20.470176252850287 10.0
20.518364770597316 11.0
20.550707588437135 12.0
20.551714571492496 13.0
20.58153057899537 14.0
20.59305522292383 13.0
20.608765482697716 14.0
20.633679916824804 15.0
20.63394613766332 14.0
20.645969232149085 13.0
20.73556459675576 14.0
20.761405048724022 13.0
20.832938184113353 14.0
20.838598439919913 15.0
20.85784594178717 14.0
20.887223679618756 15.0
20.891893543055446 16.0
20.946806689933833 15.0
21.003889629356514 16.0
21.017332934612813 17.0
21.073911456648815 18.0
21.076373022843566 17.0
21.089066072658696 18.0
21.130494789386947 19.0
21.15179948152395 20.0
21.20665649458394 21.0
21.240661973764354 22.0
21.26204387819987 21.0
21.277911798714126 22.0
21.285636656113763 21.0
21.29648809029984 22.0
21.31736936714095 21.0
21.337342234546146 22.0
21.519988754644682 21.0
21.53765790285744 22.0
21.633415496155255 23.0
21.6378380477909 22.0
21.64733673354552 23.0
21.648051705058275 22.0
21.685407396403203 23.0
21.692206743411052 22.0
21.71616700813626 21.0
21.73671032761019 22.0
21.771317844890284 23.0
21.833477792184073 24.0
21.848101076005605 25.0
21.85853901215454 24.0
21.905674273207012 23.0
21.955721336374463 22.0
22.05020712907084 21.0
22.065197846616076 22.0
22.109731289933087 21.0
22.10974615020291 20.0
22.119265337274932 19.0
22.15845879701651 20.0
22.25599136964548 19.0
22.29317613307712 18.0
22.301950511818013 19.0
22.34602777731725 18.0
22.35711756435716 17.0
22.430302917389092 18.0
22.432226488749123 17.0
22.43317095495292 18.0
22.494669312350844 17.0
22.552481274266164 18.0
22.557252617628144 17.0
22.563394459979317 18.0
22.578521198242395 19.0
22.58663094940278 18.0
22.604528076045735 19.0
22.66363699394425 18.0
22.701793496938315 17.0
22.790717275142555 16.0
22.809388096880102 17.0
22.8159298765837 18.0
22.826452285442166 19.0
22.861595649281384 20.0
22.863625473213638 19.0
22.916072603731468 18.0
22.92099974344034 17.0
22.935463348312258 18.0
22.9982150879221 19.0
23.002221404918732 18.0
23.017473877310994 19.0
23.061596316502047 20.0
23.064216942973243 21.0
23.06880907622815 20.0
23.148369412206858 19.0
23.150090095548723 18.0
23.196689221426748 17.0
23.200977976317407 16.0
23.29985726959318 15.0
23.332867076707526 14.0
23.348737321074427 15.0
23.396927842858762 14.0
23.4179809264901 15.0
23.441020248399806 14.0
23.46478410134041 13.0
23.47344184087653 14.0
23.52976815122497 15.0
23.550056155297046 16.0
23.585788330294815 15.0
23.644205627906338 16.0
23.713458806110687 17.0
23.722162690322342 16.0
23.744450354707524 15.0
23.75346441381378 16.0
23.797925459990065 17.0
23.806586429567798 16.0
23.807555674989807 17.0
23.839061855929227 18.0
23.90893000439699 19.0
23.948611740596686 20.0
24.05906579676918 19.0
24.161400959983983 18.0
24.207346076546614 17.0
24.24373278737866 18.0
24.244013940090973 17.0
24.285322269088386 16.0
24.33401502462492 17.0
24.365946081604175 18.0
24.39740288743439 19.0
24.402290253696048 18.0
24.416398048553457 19.0
24.42196995502492 18.0
24.484866417150343 17.0
24.499091353195244 18.0
24.531084298243698 17.0
24.55335719507034 18.0
24.58429959002998 19.0
24.630004459586523 20.0
24.6477527125683 19.0
24.653300817625723 18.0
24.666598582207456 19.0
24.673928282359885 18.0
24.6927138954418 19.0
24.796973714832934 20.0
24.836262099586502 21.0
24.901559638769324 20.0
24.90299790892504 19.0
24.92003666497638 18.0
24.93875002320722 19.0
24.94723448515449 18.0
24.972023005802654 19.0
25.136228466503457 20.0
25.19407308917209 19.0
25.198177406420157 20.0
25.208228414933732 19.0
25.22157361273696 18.0
25.28112288541237 19.0
25.455582522932342 18.0
25.509799678513268 17.0
25.51399360383232 16.0
25.53597549515697 17.0
25.58566983735881 16.0
25.604128860699177 15.0
25.753665064584485 14.0
25.774026646209162 13.0
25.781933046414895 14.0
25.797069219170222 13.0
25.809247391298985 12.0
25.863126892831254 11.0
25.93146447866403 12.0
25.963167641994673 11.0
26.002216999113323 12.0
26.154562319362523 11.0
26.17630288852051 10.0
26.289460674755624 9.0
26.29045124357882 10.0
26.301982702392625 11.0
26.33204432821147 12.0
26.3929376284167 13.0
26.45450210303277 12.0
26.472046649249016 11.0
26.483087159426724 12.0
26.544355493679692 11.0
26.551475463106804 12.0
26.576669954951498 13.0
26.59947144439185 14.0
26.745002158407644 15.0
26.7579305956119 14.0
26.76543282796241 15.0
26.80172136905292 16.0
26.80716666961911 15.0
26.84836133227215 14.0
26.85113234750593 15.0
26.911246704051468 16.0
26.990632668548496 17.0
27.027083670709427 16.0
27.028135120005647 17.0
27.047246133464355 16.0
27.058586160388437 15.0
27.064250861292273 14.0
27.143474271559764 13.0
27.22323684701672 12.0
27.26543200751987 13.0
27.276258544381026 12.0
27.56090278530074 11.0
27.58209698400669 12.0
27.59510960870979 13.0
27.63352103330327 14.0
27.65438672515287 13.0
27.66840482614827 14.0
27.701321441892603 13.0
27.716593388129866 14.0
27.80075681876254 13.0
27.82710757545482 12.0
27.841773000916685 11.0
27.90343221970922 10.0
27.928153124569317 9.0
27.959496839639744 10.0
27.969377996578487 11.0
27.980391683795514 10.0
28.010283719765482 11.0
28.01172400756954 12.0
28.0333977317245 13.0
28.06277412380844 12.0
28.161950270544832 13.0
28.168213728984394 14.0
28.25955387404951 15.0
28.304445316209037 16.0
28.306356421992444 15.0
28.357416306306366 14.0
28.35786559571675 15.0
28.359716837228586 16.0
28.435573419230643 15.0
28.456943016526452 16.0
28.487119476987115 17.0
28.5136160346782 16.0
28.52084992772325 15.0
28.552233036647173 14.0
28.656398625907535 13.0
28.664441286718173 14.0
28.726692806668435 15.0
28.768102406058436 16.0
28.813204219316134 15.0
28.9761041394565 16.0
28.986092047941305 17.0
28.98740153919231 18.0
29.144583144753376 17.0
29.158419669170797 16.0
29.16200811002003 15.0
29.22257357129617 16.0
29.22861189002888 17.0
29.234169290102304 18.0
29.259113738209997 17.0
29.364192026602144 16.0
29.379060851973755 15.0
29.4008193162602 14.0
29.465487163768458 13.0
29.53567176953509 14.0
29.581955372285965 13.0
29.591903833820478 12.0
29.596388481504498 13.0
29.730113878363106 12.0
29.733188902048283 13.0
29.733472991918934 14.0
29.759065303784947 15.0
29.79258096911626 14.0
29.813415081854437 15.0
29.83064316779151 16.0
29.852579874486427 15.0
29.85459967673171 14.0
29.961442168279056 15.0
30.019233067504498 16.0
30.033010673239776 15.0
30.123742108362933 14.0
30.221294845024747 15.0
30.235113941197643 16.0
30.29289990240236 17.0
30.32685815318837 18.0
30.441716615408605 19.0
30.454944425258468 18.0
30.47636312233962 17.0
30.521591636075833 18.0
30.550732359350555 17.0
30.57044730876126 18.0
30.614254676122624 19.0
30.62702992488058 18.0
30.641400963848486 17.0
30.692450664292583 16.0
30.73163056903058 17.0
30.741589112475435 16.0
30.751407181764556 15.0
30.804871346461322 16.0
30.8537457609408 15.0
30.990134938377118 16.0
31.006907292041003 15.0
31.01377969242921 14.0
31.12144289214637 13.0
31.30665577512775 14.0
31.32002140150433 15.0
31.33230254639706 14.0
31.360670648444994 13.0
31.498665876700315 14.0
31.519285048123287 13.0
31.521472857250718 14.0
31.57054099433621 13.0
31.583470400803552 12.0
31.586224424517688 13.0
31.60182809814219 14.0
31.63668667930602 13.0
31.66389149214943 14.0
31.666191990196825 13.0
31.695766696608597 12.0
31.753567784066988 13.0
31.866829813224715 14.0
31.88539989930923 15.0
31.887971753543887 16.0
31.90526819866423 15.0
31.93395383373925 16.0
31.94819719901201 15.0
31.97687646780235 16.0
32.07796644645306 15.0
32.08377002778617 14.0
32.144045540902916 13.0
32.160922338392496 12.0
32.23040690801197 13.0
32.29884017441274 14.0
32.35918598480746 15.0
32.454535394583914 16.0
32.48142521356272 17.0
32.48685234679947 18.0
32.53878428963548 19.0
32.55498802297916 18.0
32.58004397950512 19.0
32.59763288322073 18.0
32.603360037205974 17.0
32.635123001940535 16.0
32.64511159223755 17.0
32.80341849771117 18.0
32.84203876069868 17.0
32.89981241609754 16.0
33.03660181000461 17.0
33.10679904057013 18.0
33.138978597628004 17.0
33.14206700340408 18.0
33.154281351100884 17.0
33.18243457177271 16.0
33.208994068532476 17.0
33.307714344662806 16.0
33.42812430643237 17.0
33.469825835455715 16.0
33.481951511628466 17.0
33.53611840306251 16.0
33.570057596434225 15.0
33.57231662630663 14.0
33.62712293507108 13.0
33.627698896758695 14.0
33.670156009572004 15.0
33.67192175035631 16.0
33.678174730740935 17.0
33.68466109529349 18.0
33.6958680960307 19.0
33.71427879442498 18.0
33.750850226675695 17.0
33.78995409679546 18.0
33.831873721393805 19.0
33.86594212832373 18.0
33.89237324937843 17.0
33.95827720520729 16.0
33.976435338748765 17.0
34.0082520677237 18.0
34.038859688943816 19.0
34.058789160196014 18.0
34.07883347340249 17.0
34.156245437204994 18.0
34.235972204737216 17.0
34.27941884402319 18.0
34.345485878311074 17.0
34.54780815906162 16.0
34.56415759865722 15.0
34.61307779906582 14.0
34.71452435053445 15.0
34.748643585810775 16.0
34.86472685674624 17.0
34.89568639959448 16.0
34.924693270231025 15.0
34.936357849350124 14.0
34.94568697845367 15.0
34.98826294737258 16.0
34.99842603844751 15.0
35.048910189099836 14.0
35.08306591837919 15.0
35.10109561372254 14.0
35.14378599413512 15.0
35.152260780006124 16.0
35.18171261512961 17.0
35.185089677441624 18.0
35.18511224472632 19.0
35.19637695304702 18.0
35.25481504230254 17.0
35.27971439442991 16.0
35.29827286620137 15.0
35.3692624172091 16.0
35.415844715109934 15.0
35.49641008535135 14.0
35.59252562173799 15.0
35.65996481207844 14.0
35.66146586338921 15.0
35.69995628249026 14.0
35.72198282097785 15.0
35.751974803666826 16.0
35.777314047530105 15.0
35.786798771953585 16.0
35.796166679551874 15.0
35.796906591287865 16.0
35.820860589602795 17.0
35.82778693092258 16.0
35.840727670866364 17.0
35.96216465439938 18.0
35.99507454534493 19.0
36.00906929437771 20.0
36.0108322983163 19.0
36.05018490776611 18.0
36.06210019870048 19.0
36.119795862015415 20.0
36.13118298794406 19.0
36.14360332970626 18.0
36.187639104810025 19.0
36.260690926972515 18.0
36.344849840348715 17.0
36.37271717818217 16.0
36.37514533055479 15.0
36.39879149406575 14.0
36.399021553466014 13.0
36.40672450600855 14.0
36.448460391572546 13.0
36.4509225032344 14.0
36.52430897079375 15.0
36.537970213488286 16.0
36.56709020671273 15.0
36.57185262676094 16.0
36.5735201692281 15.0
36.57950386414844 16.0
36.59483310696293 17.0
36.6185809105868 18.0
36.62056823939683 17.0
36.68472825122027 18.0
36.684988345632014 17.0
36.697258325781156 16.0
36.74979991187412 15.0
36.77507203797492 16.0
36.78839114695336 17.0
36.799968103259545 18.0
36.85128834931003 17.0
36.87707994513471 18.0
36.8832000555006 17.0
36.915172501987065 16.0
36.93032512820225 17.0
36.97995227927919 18.0
37.00144157029245 17.0
37.021265153739144 18.0
37.078498182975984 17.0
37.08881893939993 18.0
37.14899709818092 19.0
37.15931094206311 18.0
37.165644777958256 19.0
37.208108361728755 20.0
37.22865428435323 19.0
37.2389149507808 18.0
37.27244138423244 17.0
37.28943355429036 16.0
37.385721495065035 15.0
37.4007893566841 16.0
37.408125709166896 17.0
37.470731162308134 16.0
37.54363661920266 15.0
37.63133486723799 14.0
37.65859442816874 13.0
37.66232815032357 14.0
37.68429346427574 13.0
37.68831110895029 12.0
37.74395485887075 13.0
37.766938470510944 14.0
37.79093268035877 13.0
37.802696148669625 14.0
37.86403020724562 13.0
38.06508253907075 14.0
38.09194467043619 15.0
38.275870748524184 16.0
38.304057574923135 15.0
38.31390831263574 16.0
38.454291194254395 17.0
38.49680595581863 18.0
38.56686732925163 19.0
38.568737455890826 20.0
38.59430734268032 21.0
38.657304045272255 20.0
38.685096501110806 21.0
38.69602963404973 22.0
38.78069911621299 21.0
38.787675054893434 22.0
38.792148586875456 23.0
38.83286831529614 24.0
38.85189706231686 23.0
38.885745306963685 22.0
38.9151390673387 23.0
38.95494722945342 22.0
38.96092900848388 23.0
38.98528610111972 24.0
38.997150711856115 25.0
39.01094953014509 24.0
39.013322955414324 25.0
39.039120059697716 24.0
39.09846030725081 23.0
39.17377599300914 22.0
39.201558335729345 21.0
39.23834357500089 22.0
39.24347320115268 21.0
39.24412262088519 22.0
39.28726724229139 21.0
39.31071540994718 20.0
39.340526517958416 19.0
39.34516164392529 20.0
39.46088079052125 19.0
39.47009910472499 18.0
39.50510034968855 17.0
39.53563085732032 16.0
39.551201345939475 17.0
39.5513193143528 18.0
39.56368194382114 19.0
39.6223165633731 20.0
39.66214327283968 21.0
39.67348774129919 22.0
39.71218302804315 21.0
39.74993913570801 22.0
39.78152039395206 23.0
39.812828787258255 22.0
39.8647409759908 23.0
39.868320266947094 22.0
39.87267477508161 23.0
39.955124163975405 22.0
39.961478611165695 21.0
39.99027815576583 20.0
39.99488123597969 19.0
40.00592257982207 20.0
40.03971050525668 19.0
40.05417294764331 18.0
40.13270886013282 17.0
40.15336070039392 16.0
40.20286487365365 15.0
40.26669057088511 16.0
40.310455319447954 17.0
40.391746515712434 16.0
40.44901976495319 17.0
40.48469862548498 18.0
40.492988237816434 19.0
40.508700461005475 20.0
40.5455108641075 21.0
40.574373649443594 22.0
40.64200544824295 23.0
40.66703301066507 22.0
40.707129149771546 21.0
40.72398446364704 22.0
40.75853667106065 23.0
40.811048049267185 22.0
40.831442021421694 21.0
40.86770860027417 20.0
40.869268766770766 21.0
40.88447270579598 20.0
40.96576088570597 21.0
41.0631656365402 20.0
41.068077312225256 21.0
41.1064766361479 22.0
41.17712668993094 21.0
41.20494059972647 20.0
41.23581530477712 21.0
41.23893543017336 20.0
41.305122496028375 21.0
41.30986930808742 22.0
41.33827621305514 23.0
41.37079462257828 24.0
41.39032407255234 25.0
41.39562749871885 24.0
41.466819535051584 23.0
41.502296260044204 24.0
41.625830931631455 23.0
41.77381344199218 22.0
41.788006789707104 23.0
41.80313175210559 24.0
41.809680018544135 25.0
41.811893005080634 26.0
41.84197646080719 25.0
41.84675103245394 26.0
41.891524851306016 27.0
41.906708940868086 26.0
41.939712140337626 27.0
42.017811577696875 28.0
42.02778570259229 27.0
42.030036481570335 26.0
42.03230170019087 25.0
42.068742081681314 24.0
42.07925864987017 23.0
42.11570102838628 24.0
42.16077039288393 23.0
42.17462173458664 22.0
42.20717808453027 21.0
42.30086889911048 20.0
42.347825502972476 19.0
42.42925644346842 20.0
42.48871104070318 21.0
42.51329419153383 20.0
42.586209704403835 21.0
42.59240042956129 22.0
42.61149464341379 21.0
42.62916812946524 22.0
42.658636436154914 21.0
42.71363183524883 20.0
42.78359140773989 21.0
42.821408855853434 22.0
42.83988365069308 21.0
42.87064504635146 22.0
42.92792381057349 21.0
42.96054072433449 22.0
43.004300221409345 23.0
43.09494073676205 24.0
43.16782530313764 23.0
43.197641433037695 22.0
43.201553320088756 21.0
43.3442605939158 20.0
43.350036265543935 19.0
43.384080892802885 18.0
43.394297795812825 17.0
43.506529779121784 18.0
43.628574274109425 19.0
43.64737303956124 18.0
43.653606957101466 19.0
43.687803885124545 18.0
43.73669962167046 17.0
43.75334467184055 18.0
43.822526986302215 17.0
43.911366399578036 16.0
43.912607540695475 15.0
43.95652444010347 16.0
43.961629423587084 15.0
43.977529821530396 16.0
43.97756442320089 15.0
44.03474115515756 14.0
44.09414127447518 13.0
44.107910176022415 12.0
44.183994404772825 13.0
44.200932803595805 12.0
44.23653155584227 13.0
44.2756576507928 12.0
44.27975200575561 13.0
44.29094078643735 14.0
44.349676818765786 13.0
44.364695630278014 14.0
44.40603401383027 15.0
44.43079802939717 16.0
44.506838204070796 15.0
44.549907313751305 14.0
44.554239819077715 13.0
44.568036516878045 14.0
44.57445148592672 13.0
44.623697462421994 14.0
44.662428179600205 15.0
44.67698714616435 14.0
44.68513543136905 15.0
44.71539598037261 14.0
44.74053334949613 13.0
44.78358993030208 12.0
44.859795017308784 11.0
44.92349357273053 12.0
45.048091461598815 11.0
45.05446318317565 12.0
45.06341580815411 11.0
45.11349472215604 12.0
45.12430319819129 11.0
45.14964302026085 12.0
45.22589167515 13.0
45.23176728005975 12.0
45.27914860098667 11.0
45.296489574236695 12.0
45.380258356062406 11.0
45.41203800572044 12.0
45.42671800373621 11.0
45.50962098857121 12.0
45.523068728156034 11.0
45.537564220300126 12.0
45.5541428761602 13.0
45.5698583259137 14.0
45.60203268022108 15.0
45.605294379414325 14.0
45.645608774732366 13.0
45.703082136241974 14.0
45.704501805307935 13.0
45.72930255547139 14.0
45.73176862110807 15.0
45.765353781618785 16.0
45.80508384363837 15.0
45.85051849645983 16.0
45.8795465995873 17.0
45.882371741320114 16.0
45.88383775712733 15.0
45.99674116235526 16.0
46.03034364964784 15.0
46.077698352140075 16.0
46.08948787125874 17.0
46.11237233215643 18.0
46.145460717422644 19.0
46.21756799178567 18.0
46.22159090898361 19.0
46.243653564419056 18.0
46.250203359282864 17.0
46.28283082668868 18.0
46.3209972303972 17.0
46.442762017256946 18.0
46.44378168477305 19.0
46.456826582536095 18.0
46.47575429694375 17.0
46.51079517215213 16.0
46.54653753482244 15.0
46.561791613942965 14.0
46.58927615662173 15.0
46.663399515156065 14.0
46.695638712603944 13.0
46.71241350434084 12.0
46.73120951083967 13.0
46.731968654247574 14.0
46.791679502149506 15.0
46.8286441033109 16.0
46.83468820587078 15.0
46.845160131394195 14.0
46.89418012046514 15.0
46.90229398619531 14.0
46.93087926293799 13.0
46.950993350965184 14.0
46.95797772306821 15.0
47.00450306606459 16.0
47.021470446207346 17.0
47.0355302178963 18.0
47.063000549391575 17.0
47.08681376901809 18.0
47.10475300799573 19.0
47.145832306421624 20.0
47.17310560131755 21.0
47.2182571933027 22.0
47.232511155656354 21.0
47.2365953170883 20.0
47.28091560536924 19.0
47.295411198932754 20.0
47.3208576510295 21.0
47.37384526134848 22.0
47.38000228851453 21.0
47.426657210518066 22.0
47.43526788958938 21.0
47.45888330142999 20.0
47.4839132862674 19.0
47.49237215058653 20.0
47.53740576112258 19.0
47.56119990944945 20.0
47.64503917475416 19.0
47.653743704851514 20.0
47.69152668959643 21.0
47.69671411709562 20.0
47.736966558913046 21.0
47.754125124445785 20.0
47.76189840596002 19.0
47.77340642884194 20.0
47.82710482804507 21.0
47.83262795233937 20.0
47.83836679546858 19.0
47.93784302433668 20.0
47.94868616552583 21.0
47.96648680362871 22.0
48.06176433778633 21.0
48.11252551528482 20.0
48.13517735564688 19.0
48.15381667963622 18.0
48.15850602892823 19.0
48.165742722342344 20.0
48.19174906968267 21.0
48.19373455602833 22.0
48.31977580938207 21.0
48.33562891960048 22.0
48.3519300890222 23.0
48.35277727917989 22.0
48.35494548925305 21.0
48.3665295351318 22.0
48.3980405998437 23.0
48.423189338112834 24.0
48.42527393653888 25.0
48.45948977963948 24.0
48.48492984114801 23.0
48.522531984532336 22.0
48.5313447608524 21.0
48.543551537932835 20.0
48.56305993950557 19.0
48.61170849569278 20.0
48.614424180480235 19.0
48.65232281670264 20.0
48.65355392900468 19.0
48.71330418185182 18.0
48.735375294211316 19.0
48.829104923997086 18.0
48.84388144954866 17.0
48.85260668452717 18.0
48.91928786461951 17.0
48.92943978084663 18.0
48.95812629625259 17.0
48.9778426859975 18.0
49.01254019441976 17.0
49.03058443292247 16.0
49.09867421921406 17.0
49.19741346968256 16.0
49.24950535007669 17.0
49.254375572423356 16.0
49.254858611473914 15.0
49.26083240629153 16.0
49.26240642734992 17.0
49.30470459052706 16.0
49.313398679218395 15.0
49.34980998850273 16.0
49.404854125892655 17.0
49.4791203018449 18.0
49.50944838876504 17.0
49.63542996005388 18.0
49.67314533633075 19.0
49.72391028456287 18.0
49.730049549230266 19.0
49.747286861290654 20.0
49.75504363305542 21.0
49.868611753915076 22.0
49.922908087815266 21.0
49.95040095884095 22.0
49.95251318712417 23.0
49.955014784842646 24.0
49.970581736432756 25.0
49.98593004588098 24.0
50.055164278454114 23.0
50.0815618097155 22.0
50.20884765818352 21.0
50.27195103022263 22.0
50.294218387386216 23.0
50.29958470504342 22.0
50.30188612332752 23.0
50.43688744356852 22.0
50.44048662395201 21.0
50.447122606326516 20.0
50.52826779156078 21.0
50.56048196038697 22.0
50.57632535241654 21.0
50.59244297449001 20.0
50.62484566873956 21.0
50.635770217254276 20.0
50.640442740053594 21.0
50.66944495743272 20.0
50.68857835552994 21.0
50.68932898442671 20.0
50.69185730232253 21.0
50.752225827956984 20.0
50.81399065557079 21.0
50.83855698810339 20.0
50.84433969831763 19.0
50.84437745950408 18.0
50.88433079540666 17.0
50.89488524739601 16.0
50.90531620006523 17.0
50.92699160367252 18.0
50.95741813741999 17.0
50.96020880956725 18.0
51.05965848091434 19.0
51.14183287246076 20.0
51.149161617184205 19.0
51.15209141813103 18.0
51.304174865064695 17.0
51.31070891603982 16.0
51.3147721065975 17.0
51.39835614401242 16.0
51.4031751995072 15.0
51.4054684113248 16.0
51.42944203865311 17.0
51.45987025029958 16.0
51.46217613173532 17.0
51.47840849861345 16.0
51.50132517600549 17.0
51.53610604923091 16.0
51.65058275319801 17.0
51.65113056203501 16.0
51.67885397337285 17.0
51.72424275032629 16.0
51.77159687619253 17.0
51.77966308172691 18.0
51.83407804951525 17.0
51.86647182930455 18.0
51.92455204416442 17.0
51.93151723679313 16.0
52.00753001030901 15.0
52.01665029428098 16.0
52.044736385610264 17.0
52.078237373043294 16.0
52.11110342704472 17.0
52.167403698834825 16.0
52.284848496251456 17.0
52.34221547830407 18.0
52.3723903292188 17.0
52.383401397796405 16.0
52.47610941528369 17.0
52.523343466414126 16.0
52.52977260829313 17.0
52.53944827935491 16.0
52.57053325249559 15.0
52.57111889151501 14.0
52.6005547360439 15.0
52.603401406098875 16.0
52.66043584901837 17.0
52.66954276025922 18.0
52.713433760864994 19.0
52.73761068160718 20.0
52.75326354421131 19.0
52.816142376296376 18.0
52.81780009864987 17.0
53.08087616682172 18.0
53.10211569392964 17.0
53.11014239796473 18.0
53.129838571662795 17.0
53.15764316426101 18.0
53.22243185041195 19.0
53.25281300102624 20.0
53.29686151213031 19.0
53.30064678333502 20.0
53.30856874421998 19.0
53.34648213752537 20.0
53.45493125077081 19.0
53.60817407582665 18.0
53.624780607503155 19.0
53.69545742173577 18.0
53.82612172308371 19.0
53.830658541559636 20.0
53.93674086326296 19.0
53.97525875156645 20.0
53.98854326107656 19.0
54.01696044867015 18.0
54.028167597905664 19.0
54.030498859304025 18.0
54.09018959673784 17.0
54.10302492241741 16.0
54.10998188939266 15.0
54.119256178692225 14.0
54.22291978541828 15.0
54.246900342588404 14.0
54.25658023678311 15.0
54.31258389333803 14.0
54.35115891863338 13.0
54.36651711487277 12.0
54.39189582268778 11.0
54.46887568662373 12.0
54.57598817087885 11.0
54.65468890581198 12.0
54.68722998470172 13.0
54.69237239094678 12.0
54.70603547087769 13.0
54.716029563563275 14.0
54.72290212711117 13.0
54.75488243127051 14.0
54.86340834136165 13.0
54.91357580241813 14.0
54.9758639531035 13.0
54.985215801653716 12.0
55.027037662007636 13.0
55.04661624864157 12.0
55.07377893697171 13.0
55.119770634677735 14.0
55.127589327823074 15.0
55.15903354173522 16.0
55.16338922566458 17.0
55.17052641037681 16.0
55.22140210178259 15.0
55.24619982331644 16.0
55.35824646837406 15.0
55.385560865975876 16.0
55.407167612077615 17.0
55.414593354069076 16.0
55.41984247205228 15.0
55.43176341011645 16.0
55.50849300044085 17.0
55.53154131908825 16.0
55.53333179707568 15.0
55.53594301167288 16.0
55.61973323750753 15.0
55.68790937901209 16.0
55.713884442670235 15.0
55.80859560919061 14.0
55.82049384028656 15.0
55.86015938518897 16.0
55.88187647883391 17.0
55.887361398520426 18.0
55.8891423949214 19.0
55.9089188690386 18.0
55.96823794765448 17.0
55.99898256782536 16.0
56.035915688743344 15.0
56.10287348567276 14.0
56.11728978891067 13.0
56.148977288860394 12.0
56.196668544426124 13.0
56.21361545545159 12.0
56.23702992153048 11.0
56.26006246043767 12.0
56.26133289414982 13.0
56.271896888857086 12.0
56.279679067640295 11.0
56.28768225915378 12.0
56.311366535247814 11.0
56.32583599951852 10.0
56.38393511907077 11.0
56.39906760224385 10.0
56.40402805035262 11.0
56.47729303761504 10.0
56.48035175483848 11.0
56.55002417475769 12.0
56.62022567774168 11.0
56.65120797043011 12.0
56.773451056602106 11.0
56.77764823870938 12.0
56.79305722198867 13.0
56.80710868170372 14.0
56.87665310764021 15.0
56.895014540567004 16.0
56.954211573324585 17.0
56.96504110605755 18.0
56.98338814602459 17.0
56.993000096325275 16.0
57.01432888381186 17.0
57.02941340433341 18.0
57.031845906997255 17.0
57.18102573877506 18.0
57.20916415197484 19.0
57.22989955816743 18.0
57.287361151061205 19.0
57.29552093056815 18.0
57.313125382273206 19.0
57.36091762184125 20.0
57.36588505680514 21.0
57.396517751326 22.0
57.40017374245101 21.0
57.45976939482914 20.0
57.50560220531485 19.0
57.5589449698133 18.0
57.56461517403003 19.0
57.616900308919895 20.0
57.667767204398174 19.0
57.681345401459396 18.0
57.68565023295924 19.0
57.69669740298876 18.0
57.77727993137849 17.0
57.78857826163419 18.0
57.789421015598954 19.0
57.803436592781104 20.0
57.8505249874691 19.0
57.87317171526285 20.0
57.88426599034997 21.0
57.89669746503841 20.0
57.97067502137351 21.0
58.00137051920853 20.0
58.08835485284727 21.0
58.10013185334414 20.0
58.10640759453177 21.0
58.110375905302156 20.0
58.305607232075616 21.0
58.46309793444097 20.0
58.49253613303686 21.0
58.50377474173188 22.0
58.505300084962876 23.0
58.55100779463216 24.0
58.61924411503178 25.0
58.63064809176064 24.0
58.71230138460634 25.0
58.71455707442129 26.0
58.71660254405978 25.0
58.73521528666099 26.0
58.7757806870804 25.0
58.79385904452148 24.0
58.80494551833399 23.0
58.806639912184785 22.0
58.82205908642275 23.0
58.83913861268093 24.0
58.85385893254687 23.0
58.875683796083926 24.0
58.88792507916897 23.0
59.00291037578846 22.0
59.03257663642541 21.0
59.15777059190874 20.0
59.223609395324615 21.0
59.251608178462 22.0
59.264789097765146 21.0
59.35142453348599 20.0
59.39166111875026 21.0
59.41600196004571 22.0
59.426117488026 21.0
59.4459269299272 22.0
59.47239982994063 21.0
59.595690454074685 20.0
59.633193360325905 19.0
59.63343993543192 18.0
59.662844362453285 17.0
59.72315025316503 16.0
59.80042205893096 15.0
59.81829691276194 16.0
59.84235656238468 15.0
59.84328782885428 14.0
59.84474836035694 15.0
59.850037142144465 14.0
59.85602650712478 15.0
59.85693101977527 14.0
59.87661889181961 13.0
59.87948964995926 14.0
59.88839429836713 15.0
59.93014116265953 14.0
59.93828165106831 15.0
59.95626954905072 14.0
59.963405449192514 13.0
60.047959174761196 12.0
60.080986592261205 13.0
60.082011129815974 12.0
60.14483543568847 13.0
60.15249827308282 12.0
60.16497783780871 11.0
60.21902847088339 10.0
60.29365554441678 9.0
60.31927610513697 10.0
60.42426932011782 9.0
60.42655961291461 8.0
60.44631744203466 9.0
60.45839672791786 10.0
60.46316348284043 11.0
60.49001788501905 10.0
60.508748286194304 11.0
60.53831365655814 12.0
60.61000558751046 11.0
60.646884211134996 10.0
60.656900563902006 9.0
60.67570639063327 10.0
60.72706190284161 11.0
60.732919905840745 12.0
60.74744157990558 13.0
60.75495722702928 12.0
60.7677184125342 11.0
60.77241609166618 12.0
60.773858136516154 13.0
60.797814240210954 14.0
60.87103209492988 15.0
60.903994583915576 16.0
60.92769268036018 17.0
60.944198368999615 18.0
60.97046447326481 19.0
60.99464679341488 20.0
60.997662436564724 19.0
61.04424614682308 18.0
61.07278188954017 19.0
61.07371198251088 18.0
61.129292262219266 17.0
61.16542088060244 18.0
61.18817771871025 17.0
61.26106269479996 18.0
61.28145054931399 17.0
61.37170553160245 16.0
61.44184472201367 17.0
61.49865688454351 16.0
61.53140269356871 17.0
61.5658020265619 16.0
61.57400525308182 17.0
61.60044831452016 18.0
61.708441302077944 17.0
61.760219714438485 18.0
61.81014676478898 17.0
61.81250101137764 18.0
61.935096534998 17.0
62.0003547900029 18.0
62.09653670346125 19.0
62.14293868928264 18.0
62.16610105570278 17.0
62.21825109731446 16.0
62.29307896947721 17.0
62.32442043840299 18.0
62.343013590122574 19.0
62.35504626848049 18.0
62.36069693476223 17.0
62.36340438594041 16.0
62.41330267901139 15.0
62.4181662126691 14.0
62.45577313880431 13.0
62.45912317625266 14.0
62.489458873528704 15.0
62.49998303453878 14.0
62.51459939524951 13.0
62.5501329718588 12.0
62.57863167198361 13.0
62.585067925895146 12.0
62.59389241061426 13.0
62.67500949254252 12.0
62.696249732608194 11.0
62.82257365364155 10.0
62.87778160045761 9.0
62.90437275374784 10.0
62.929280677894305 11.0
62.9823265040319 12.0
63.03326155875692 13.0
63.03701414529777 14.0
63.060891738857144 13.0
63.08615394309959 14.0
63.201180486589806 13.0
63.22159683161519 14.0
63.22819894385522 13.0
63.24515811138281 14.0
63.27603037594 15.0
63.4208678176016 14.0
63.429795763632846 13.0
63.45075318219172 12.0
63.452382797356485 13.0
63.47885275021931 14.0
63.54594652186504 13.0
63.69412240483309 14.0
63.727465025319546 13.0
63.72816600513219 12.0
63.78929622313465 11.0
63.85787311934132 10.0
63.96877342325601 11.0
63.97498463198087 10.0
63.99930896912856 9.0
64.04312599494533 8.0
64.08682270871206 9.0
64.08951913430232 8.0
64.09343126187984 9.0
64.09357224469134 8.0
64.12081766540459 9.0
64.12751440630139 10.0
64.14904070774024 11.0
64.15919510510606 12.0
64.16970424540122 11.0
64.17833589218505 10.0
64.21097305111635 11.0
64.23107110308888 12.0
64.24179353130627 13.0
64.32450284301498 12.0
64.34234956989107 11.0
64.34705743229904 12.0
64.39867825883623 11.0
64.4450007666891 10.0
64.53342019392026 11.0
64.5688715081576 12.0
64.57687197998258 11.0
64.62636297722145 10.0
64.72408984482725 9.0
64.76612143692097 10.0
64.79626779463341 11.0
64.8418445282103 10.0
64.8530309918123 11.0
64.86132911453034 10.0
64.8761018898391 11.0
64.90299420622256 12.0
64.92636054133096 11.0
64.97921057941981 12.0
65.00886776562722 11.0
65.11710524956223 12.0
65.12974667880671 11.0
65.17526081967328 12.0
65.17973837683202 11.0
65.19283577736232 10.0
65.24696266438669 11.0
65.26575301951658 10.0
65.27399030803768 9.0
65.28507075983087 8.0
65.40197651295286 9.0
65.45047396566926 8.0
65.48577821200152 7.0
65.48978425904899 8.0
65.53546261323525 7.0
65.70515247612674 8.0
65.7212158627343 9.0
65.72698762762715 10.0
65.79461536245195 11.0
65.85285730429247 10.0
65.89292258168734 11.0
66.11068651856792 12.0
66.16720350775041 13.0
66.19440187992336 14.0
66.21563029829017 13.0
66.2167658546603 12.0
66.23824941075567 11.0
66.26985042955721 12.0
66.31516647368349 13.0
66.32050564466113 12.0
66.38980406516293 13.0
66.40596458181768 12.0
66.43431153942988 11.0
66.47482219420853 12.0
66.57906868815427 11.0
66.64251397311511 12.0
66.68284187512496 11.0
66.68873262806069 10.0
66.71299303438163 9.0
66.83625888437196 8.0
66.87751107488728 9.0
66.88416796589698 8.0
66.96708925271822 9.0
67.00016320177805 8.0
67.01820456064853 9.0
67.04147491257118 10.0
67.07983145905744 9.0
67.09112501270518 8.0
67.0926958089948 7.0
67.10237810055055 8.0
67.12209957348882 9.0
67.13331032311676 8.0
67.14291923695734 9.0
67.14437259357784 10.0
67.14649587529297 9.0
67.2542895310699 8.0
67.29046213893632 9.0
67.45952808709677 10.0
67.47471776728753 11.0
67.54109273839917 12.0
67.55047865803817 13.0
67.67559777905346 14.0
67.72355962021851 15.0
67.73904633274863 16.0
67.76130016354716 17.0
67.76263916702524 16.0
67.826898060121 17.0
67.95407575030247 16.0
67.96740299176756 15.0
67.99323190224011 16.0
68.00411569919915 15.0
68.01822955424888 16.0
68.04088783090485 15.0
68.04308763090097 14.0
68.15257217512337 15.0
68.16825781756238 16.0
68.17386057106117 17.0
68.174408825322 16.0
68.18870775852432 17.0
68.22928886810722 16.0
68.33911320800749 15.0
68.37965600044447 14.0
68.42315292021925 13.0
68.47949020704462 12.0
68.48179317348804 11.0
68.49274577051177 12.0
68.57705361287567 11.0
68.61062604363872 12.0
68.63892556371802 11.0
68.71873345776747 10.0
68.71919724393565 11.0
68.75396940706561 12.0
68.78393387681894 13.0
68.82280994702275 12.0
68.86274579350204 13.0
68.89984701134969 12.0
68.98434226184749 11.0
69.03024756499077 10.0
69.04130733715174 9.0
69.11578511628863 10.0
69.2048699027843 11.0
69.29507904281196 12.0
69.30152097506253 13.0
69.3464093069952 14.0
69.41687388375276 13.0
69.43887525029629 12.0
69.47697767820563 11.0
69.52603733535331 12.0
69.54217460449141 11.0
69.57196806995212 12.0
69.57780650719383 11.0
69.61202421894436 10.0
69.6246671044432 11.0
69.62894514345912 10.0
69.63445131124288 11.0
69.69193964584858 12.0
69.70972208631508 13.0
69.78046514309737 12.0
69.8199417053366 11.0
69.850612029325 12.0
69.86982443098425 11.0
69.89324570129111 10.0
69.9072582186182 11.0
69.93123446988935 12.0
69.96514450423305 13.0
70.00798829318582 14.0
70.02069776236046 15.0
70.03587109275048 16.0
70.10574504938134 17.0
70.12010981547958 16.0
70.16362788795227 17.0
70.18303833350213 16.0
70.22696106355718 17.0
70.28053076913987 18.0
70.28990553382035 17.0
70.30433076313693 18.0
70.31045188087403 19.0
70.32728842533398 18.0
70.32943977091416 17.0
70.4350808889264 18.0
70.43521894533998 19.0
70.49255145812907 20.0
70.51139440008133 19.0
70.51846972253381 20.0
70.69363019968642 19.0
70.70263215256922 18.0
70.70881509150479 19.0
70.73183832059571 18.0
70.73584123155729 17.0
70.91142291719528 16.0
70.93633640501199 17.0
70.9594464124818 16.0
71.02352591054267 15.0
71.0271294321545 14.0
71.0515722495297 13.0
71.05462482210463 14.0
71.0588089835399 13.0
71.08876188156987 14.0
71.08912013000183 15.0
71.17833941462601 14.0
71.19604344659001 15.0
71.23554835449728 16.0
71.25726392188785 17.0
71.34552099487007 18.0
71.44739910099958 19.0
71.47500793544386 18.0
71.48177865350802 19.0
71.50971913042981 20.0
71.52950083919684 21.0
71.55745359859351 20.0
71.58371167852425 19.0
71.65546377692874 18.0
71.66677770289887 17.0
71.6953953362856 18.0
71.98698601238402 17.0
72.0102848006025 16.0
72.0294797390495 15.0
72.12370505885941 16.0
72.19191841719024 15.0
72.19202407655995 16.0
72.2167732396191 17.0
72.32376736765188 18.0
72.3269984377233 17.0
72.36976276670622 18.0
72.39351189940567 17.0
72.47012278516979 16.0
72.54223183645205 15.0
72.55582285832247 16.0
72.57134610638187 17.0
72.65778553441993 16.0
72.69108262192378 17.0
72.70552686351627 16.0
72.71741317842775 15.0
72.77628376883743 14.0
72.7896262641316 15.0
72.7967264523333 16.0
72.82732863975345 15.0
72.89697274193247 16.0
72.8975704766363 17.0
73.11342469241337 16.0
73.11760452741477 15.0
73.14381868554871 14.0
73.15478226874029 13.0
73.16209979887978 14.0
73.16922913314033 13.0
73.23372165440074 14.0
73.2348624399303 15.0
73.27316066693702 16.0
73.37443044664779 15.0
73.40011138198825 16.0
73.43378874454469 17.0
73.47088536999445 18.0
73.53430425340176 17.0
73.54587973556787 18.0
73.55506775286243 17.0
73.57725805842551 16.0
73.62760807571576 15.0
73.69888357751076 16.0
73.72286121024011 17.0
73.74488910446556 16.0
73.7978310613243 15.0
73.84102436127985 14.0
73.93396651913758 15.0
73.94309153658877 14.0
73.98811431445833 15.0
74.00003866223344 14.0
74.0077046554479 15.0
74.05251940740108 14.0
74.12535827258907 15.0
74.17062382402464 14.0
74.22294016091038 13.0
74.28268008323934 12.0
74.32688721423236 13.0
74.39269548290504 14.0
74.39500628885877 15.0
74.42504406808109 16.0
74.43577289117766 17.0
74.43812216397532 16.0
74.46349376838634 17.0
74.46747697812413 16.0
74.50897567439272 15.0
74.56548566262651 16.0
74.62361158070132 15.0
74.7135445567651 14.0
74.71540841795971 15.0
74.8250957327402 16.0
74.85187976550895 17.0
74.85313329788492 18.0