0.0 45.0
0.006337141163589952 44.0
0.01596213031060051 44.0
0.024650800309253436 44.0
0.05102208188838099 43.0
0.05744225358470181 43.0
0.06096331473595473 42.0
0.06284810502491897 43.0
0.08500515974249187 43.0
0.09205360062997747 43.0
0.14246004594714728 42.0
0.1871433992524864 43.0
0.18979060852273258 43.0
0.19351692551322988 43.0
0.20131943250348017 42.0
0.22427395757807755 42.0
0.2287843102863221 42.0
0.23340767915194735 43.0
0.2821160684490956 42.0
0.2890395871991371 41.0
0.2906675538986524 41.0
0.3252763554013409 40.0
0.3354332107775928 39.0
0.34027515084914284 39.0
0.3561763962629469 40.0
0.36661942319930124 39.0
0.42436037622952333 40.0
0.4452393258778941 40.0
0.46416894581904433 39.0
0.4983536419214891 39.0
0.5125196420665245 39.0
0.5167399694356514 38.0
0.5400120369001142 38.0
0.5504807382743643 39.0
0.5562117019680345 38.0
0.5685048082847438 38.0
0.5685202703763736 37.0
0.5913213149582027 36.0
0.5929409714331781 36.0
0.6098794368802489 37.0
0.6131832185663051 37.0
0.6908590183997072 36.0
0.7113714893448256 35.0
0.7620526801275271 34.0
0.7972576533023721 34.0
0.8599079331292147 34.0
0.8918845730834488 34.0
0.9396799997646809 34.0
0.9482560103129097 34.0
0.9524395835577154 33.0
0.9731270292118832 32.0
0.9929370396452112 31.0
1.0431553506556661 31.0
1.0736489784328813 31.0
1.0863692465490347 32.0
1.0990945788174864 33.0
1.1215060862139912 33.0
1.1416956178673217 32.0
1.1543257364355808 33.0
1.1575620569924028 33.0
1.1801155490776665 33.0
1.1976192320734684 34.0
1.2139400317277396 34.0
1.217532794096739 33.0
1.237719847857264 33.0
1.2659714849208883 33.0
1.2667745823389067 33.0
1.2906864143495698 32.0
1.3015839432206666 33.0
1.318683599210175 32.0
1.3403396099719274 33.0
1.378174987141942 33.0
1.4180331254244969 32.0
1.4412111907979264 32.0
1.5350706396750562 32.0
1.5820063319760922 31.0
1.601510154911729 31.0
1.6118761578797725 31.0
1.6140538115087 31.0
1.6179931719286744 30.0
1.6451477840010091 29.0
1.6667020886707349 29.0
1.6786415721833248 28.0
1.681335272838208 29.0
1.6995560262498717 29.0
1.7033937706148734 29.0
1.708894285998178 29.0
1.7095319482324707 30.0
1.7824818629555885 30.0
1.7829433502423426 30.0
1.818406672287271 31.0
1.8197375885665497 30.0
1.8516955009978147 31.0
1.8543305474533347 30.0
1.856906469881295 29.0
1.87841275264558 29.0
1.8823208131287483 29.0
1.893165144834954 30.0
1.9617559632967552 30.0
1.9662569515463415 31.0
2.0000401499840565 31.0
2.008493744896107 31.0
2.0182565125995953 31.0
2.0338608717877826 31.0
2.092253153799415 30.0
2.105973451808113 29.0
2.1358511782994793 29.0
2.1386608108925893 29.0
2.166675786118283 29.0
2.169421756153873 28.0
2.180169278576904 28.0
2.1835812770262217 27.0
2.1838007101735446 27.0
2.2071075990918896 26.0
2.247338165736409 26.0
2.2727941125234694 26.0
2.2837240327058743 26.0
2.3243052034268272 26.0
2.339181196227948 27.0
2.40410496627403 28.0
2.414621865854289 29.0
2.4280514464638983 29.0
2.442295711759908 29.0
2.468898190602263 29.0
2.519730567229361 28.0
2.5624461242820504 27.0
2.5873210620151044 27.0
2.612150549721438 26.0
2.644618703500995 27.0
2.6459327012548113 27.0
2.65105282786238 26.0
2.676663316583041 27.0
2.6774474882101225 27.0
2.6803149027704705 27.0
2.6813799870868564 28.0
2.703967625152654 29.0
2.7216955419620446 29.0
2.727602455797275 29.0
2.7415065692942733 28.0
2.746213014826279 28.0
2.855652991875641 28.0
2.859929600946631 27.0
2.8651434341411073 26.0
2.8706586015923814 27.0
2.8709532960655193 26.0
2.87231670309253 26.0
2.8789877082816395 26.0
2.9940018992508506 26.0
3.0557313355563784 25.0
3.063601134217572 26.0
3.116802986858554 26.0
3.1189650489945877 27.0
3.1643696831593 28.0
3.1712827204238745 27.0
3.201171388633903 26.0
3.203451387238064 26.0
3.256898913502342 25.0
3.267982270695923 26.0
3.328193073867223 26.0
3.3619608457471393 27.0
3.3641928462852073 26.0
3.3699947454317143 26.0
3.404320264439456 25.0
3.41349753096633 25.0
3.4355527980811633 26.0
3.518996271258781 27.0
3.5270836022795202 28.0
3.5691970301225195 28.0
3.5762917625631947 28.0
3.5949487470553994 27.0
3.6091870514130266 26.0
3.7182835293677616 26.0
3.7338534783558126 25.0
3.787636475896738 25.0
3.8010091268644812 25.0
3.826131031590101 24.0
3.828403016856305 25.0
3.8448625092701403 24.0
3.8695863945533238 23.0
3.8713091977904672 23.0
3.8965102117289785 23.0
3.8974252964761 23.0
3.9423754843430645 22.0
3.965305863921795 21.0
3.9736136486625147 20.0
4.00809207949725 20.0
4.016482736172403 20.0
4.026679623015037 20.0
4.030510478423712 21.0
4.076353396040873 21.0
4.109663394447641 21.0
4.1526752455191245 21.0
4.213809415977725 20.0
4.218518308047152 20.0
4.218665233444546 20.0
4.221597449470763 19.0
4.22366237255577 19.0
4.284010412174432 20.0
4.286979490329869 20.0
4.306251307855797 21.0
4.358660583049474 20.0
4.4264269753927845 20.0
4.4365639219558615 19.0
4.615045063178467 19.0
4.616631774439607 19.0
4.6237972729756684 19.0
4.6632291713076865 19.0
4.704477547326819 20.0
4.791507845077311 20.0
4.810234828431405 19.0
4.815235216952023 19.0
4.819409300464247 20.0
4.836564094928387 19.0
4.86808698055732 19.0
4.950978031815921 19.0
5.037719537348641 18.0
5.038000824462309 18.0
5.043801965092432 18.0
5.044485419382611 18.0
5.065807678838605 18.0
5.07210292906867 18.0
5.073624390142494 17.0
5.101239148561322 17.0
5.114703987009681 17.0
5.139195220171526 17.0
5.148329104096986 17.0
5.1587234948769085 17.0
5.2195768177687665 17.0
5.303128634359222 17.0
5.307770524209753 17.0
5.337508441023095 17.0
5.339019619839298 17.0
5.44689682723132 18.0
5.540827654608247 18.0
5.566707532356096 18.0
5.577821763580944 19.0
5.582478699471429 19.0
5.642999374389707 20.0
5.663130233893864 19.0
5.6694049725884605 18.0
5.681140580950232 18.0
5.731092778498474 19.0
5.7927826844976025 19.0
5.916250656941967 19.0
5.9428030768768325 20.0
5.948160770406098 20.0
5.995951289607182 19.0
5.999592516748735 19.0
6.0189861242375216 19.0
6.020782877633319 19.0
6.043762257962394 19.0
6.049751988133596 18.0
6.071341240507312 18.0
6.09655508564154 18.0
6.118902666596061 18.0
6.165559988896996 18.0
6.221563271697785 18.0
6.226355146747511 18.0
6.273440857747295 18.0
6.298276332998111 17.0
6.305928770552759 17.0
6.316036329521014 16.0
6.394863678104451 15.0
6.436813052115028 14.0
6.465393356249283 14.0
6.484907751972936 13.0
6.50552110667792 13.0
6.506662992466099 13.0
6.521704809110333 13.0
6.538120685982732 13.0
6.54375885614484 13.0
6.5895287926174 13.0
6.618172186944327 12.0
6.636196720449284 11.0
6.651477353497676 10.0
6.755628541160118 10.0
6.759406061997227 10.0
6.805800345018522 10.0
6.843619692767182 10.0
6.882382989202244 9.0
6.887752920278453 9.0
6.891397901416623 9.0
6.893701039539609 9.0
6.8971769809229775 8.0
6.901705488388081 9.0
6.9047379478056365 9.0
6.922189325077814 9.0
6.937259471217137 9.0
6.95344512470461 9.0
6.9923868293081055 10.0
7.156967310295428 10.0
7.171426732843871 9.0
7.176264325179641 9.0
7.19497042540137 8.0
7.205886168211345 8.0
7.219941889254321 8.0
7.222578966711197 8.0
7.26967804735058 8.0
7.2873266411675734 8.0
7.289135254995135 8.0
7.299263322948028 8.0
7.319540365132612 8.0
7.525418421276163 8.0
7.525444082206605 8.0
7.5455925412079345 7.0
7.599242146034409 7.0
7.618632683023495 7.0
7.62872377383797 7.0
7.647660813387409 8.0
7.664831969616968 8.0
7.666583577515763 8.0
7.673198811528538 8.0
7.709041295920249 8.0
7.73710687030527 8.0
7.771709521208503 8.0
7.810344169875892 8.0
7.8125839386924145 8.0
7.8190505129296515 9.0
7.880645618218685 9.0
7.899424093739519 10.0
7.920887076611713 10.0
7.9372971944575825 10.0
7.9470960420365575 10.0
7.985538421197851 10.0
8.019514395910425 9.0
8.03241074796165 9.0
8.039936460865167 9.0
8.092779539601858 10.0
8.103230733152039 10.0
8.12961755685035 9.0
8.169323010732398 9.0
8.194431272744271 9.0
8.23130633119372 9.0
8.280893996901916 8.0
8.337118711442848 8.0
8.415565632467786 8.0
8.4337868540227 9.0
8.494795031950797 9.0
8.524555739327878 9.0
8.67550247313359 9.0
8.68605015695184 9.0
8.723397584968755 8.0
8.732706593334516 8.0
8.810828286524458 8.0
8.919339454553429 8.0
8.934616700616244 8.0
8.946697824599612 7.0
8.951716796691592 7.0
8.964459247363013 7.0
9.027886079577842 7.0
9.081307649065707 7.0
9.11809316760334 7.0
9.16619535182968 7.0
9.182703451649079 7.0
9.242479707627462 6.0
9.279030507552093 6.0
9.29333996360298 6.0
9.31918967687118 6.0
9.418342508833758 6.0
9.463159919383592 6.0
9.511887482485468 6.0
9.532412467802201 6.0
9.548643779643713 6.0
9.729455409350342 6.0
9.792849371142857 6.0
9.828573999804311 6.0
9.873981911713967 5.0
9.90274102082103 6.0
9.96552180889258 7.0
9.9864396954358 7.0
10.166146036421317 7.0
10.185489353650354 7.0
10.192302032272242 6.0
10.19799044614319 6.0
10.210823385791777 6.0
10.231626559239634 6.0
10.278581740896067 6.0
10.28340526648629 5.0
10.300991448146751 4.0
10.329284471574866 4.0
10.34516874714702 3.0
10.375913716323241 3.0
10.384278264337938 3.0
10.385626084220982 3.0
10.436641615709854 3.0
10.473303849684314 3.0
10.47758652904712 3.0
10.574070070885636 3.0
10.652658015403036 3.0
10.68945390098554 3.0
10.694243480055318 3.0
10.710851068094192 3.0
10.84004280301363 4.0
10.8891134624486 4.0
10.919240946920956 4.0
10.938279568153963 4.0
10.973029715119345 4.0
11.010035970654434 4.0
11.030177068361848 4.0
11.085591331747477 4.0
11.41393131250139 4.0
11.420580441862237 4.0
11.523817664032997 4.0
11.65643072251952 3.0
11.659629907419003 3.0
11.685116239327355 2.0
11.713845689168444 3.0
11.75362065487625 2.0
11.97497063178775 2.0
12.014952451651851 2.0
12.030353031841738 2.0
12.149949353929836 2.0
12.212063521428718 2.0
12.218695664128388 1.0
12.285222296871876 1.0
12.303003061421709 1.0
12.34119765800931 1.0
12.476130743419713 0.0
12.537653316580752 0.0
12.709539701864555 0.0
12.768169056769406 0.0
13.14854253263753 0.0
13.187826447518098 0.0
13.273639574704395 0.0
13.291546775962154 0.0
13.373142479677842 0.0
13.384951887152019 0.0
13.39004109483865 0.0
13.406338777073538 0.0
13.581048136788874 0.0
13.586314032757862 0.0
13.639865437916557 0.0
13.69954622687038 0.0
13.804897819777462 0.0
13.82884524613754 0.0
13.88516539559353 0.0
13.892008047088323 0.0
13.90070484422984 0.0
13.987667643993657 0.0
14.035110724425829 0.0
14.517058597131053 0.0
14.525079404221504 0.0
14.530945255760134 0.0
14.59130046760562 0.0
14.6741355700521 0.0
14.714956092388876 0.0
15.070310237472338 0.0
15.13491108815695 0.0
15.165678537896696 0.0
15.210552088573769 0.0
15.241585099746649 0.0
15.28257250252694 0.0
15.335496757304913 0.0
15.56213723952945 0.0
15.588671873720235 0.0
15.592443739192287 0.0
15.631534128692593 0.0
15.636075282295643 0.0
15.643609291956231 0.0
15.759833692689849 0.0
15.820942227291837 0.0
16.384595914409694 0.0
16.4468973997047 0.0
16.512599143099248 0.0
16.569354125174325 0.0
16.611502859650145 0.0
16.78876059348208 0.0
16.918636981207662 1.0
16.939755239364683 1.0
17.037973206717915 1.0
17.160435196725945 1.0
17.41517687385541 1.0
17.523239581106978 1.0
17.861350835635207 1.0
17.911356305578487 1.0
17.926828131996665 1.0
17.94370454087773 1.0
17.95093421552727 1.0
17.96770527540579 1.0
17.98651056907335 1.0
18.0734695910802 1.0
18.123675099719534 1.0
18.19918396303365 1.0
18.363225979338683 1.0
18.43468180032584 1.0
18.524333095970082 1.0
18.57706758011901 1.0
18.661924669260443 1.0
18.66906902824592 1.0
18.76407459335776 1.0
18.766841280542092 1.0
18.7899169234126 1.0
18.840319976864183 1.0
18.993864120292997 1.0
19.036277267683836 1.0
19.05947811327086 1.0
19.15593872900548 1.0
19.346828035551468 1.0
19.541170911611694 1.0
19.575909302003737 1.0
19.646599674713237 1.0
19.68667112927885 1.0
19.73516931793314 1.0
19.853424174890076 1.0
19.901007522520093 1.0
19.980031684027143 1.0
20.147918588944584 1.0
20.148594164978768 1.0
20.173604119878508 1.0
20.334874133999993 1.0
20.44169582564406 1.0
20.507819716065196 0.0
20.55744694317831 0.0
20.560406493901475 0.0
20.879880172182983 0.0
20.951356392151823 1.0
21.123624095560885 1.0
21.156378195570625 1.0
21.377668532186902 1.0
21.401384861216247 1.0
21.402870780669733 1.0
21.409000843286535 1.0
21.54089442090987 1.0
21.573038269225965 1.0
21.5780868658859 1.0
21.734560688058366 1.0
21.91772346494886 1.0
21.973081580562358 1.0
22.0928682427267 1.0
22.185392993250538 1.0
22.20712438544338 1.0
22.475110864274974 1.0
22.627319586949806 1.0
22.804744246678837 1.0
22.866947703686904 1.0
22.882228318216665 1.0
22.94259083822268 1.0
23.03859607484118 1.0
23.108190635627587 1.0
23.278732242490964 1.0
23.31298294963565 1.0
23.361863865858655 1.0
23.380221317969475 1.0
23.513170681098504 1.0
23.564029808982458 1.0
23.613610709923478 1.0
23.6314192838027 1.0
23.69622159563291 1.0
23.72305180788656 1.0
23.770785867666145 1.0
23.775155561337094 1.0
23.901406937888353 1.0
23.902953452228658 0.0
23.91562826728072 0.0
23.972435552452165 0.0
24.028239877516157 0.0
24.030326602121903 0.0
24.095978358675932 0.0
24.157971780298585 0.0
24.177629232935626 0.0
24.187629104380346 0.0
24.75016404204622 0.0
24.8423214148593 0.0
24.92824576010763 0.0
24.949097759430277 0.0
24.997125658332145 0.0
25.045012199587596 0.0
25.37841770686634 0.0
25.40429118130877 0.0
25.436704851804883 0.0
25.487731930559406 0.0
25.647694238422453 0.0
25.980649538294237 0.0
26.05971574622974 0.0
26.15624752156597 0.0
26.160219851968368 0.0
26.44721711105264 0.0
26.681656985574573 0.0
26.75953775639865 0.0
26.79323106302548 0.0
26.834217304497564 0.0
26.967543924151112 0.0
27.091685452695003 0.0
27.100734830104088 0.0
27.107903808309505 0.0
27.26947492610984 0.0
27.34006027350985 0.0
27.486959957064435 0.0
27.81356529983632 0.0
27.986883154760992 0.0
28.139536111557074 0.0
28.275268159970175 0.0
28.394987854627207 0.0
28.436257186096856 0.0
28.64556504008773 0.0
28.68735881408293 0.0
28.696621669340445 0.0
28.89436721759662 0.0
28.907232505228503 0.0
29.052110265825842 0.0
29.28810135272925 0.0
29.37814989718106 0.0
29.443351028438098 0.0
29.523861725953672 0.0
29.663962987286165 0.0
29.705093923854417 0.0
29.833144173945392 0.0
29.87320975683639 0.0
29.894111661619117 0.0
29.955440748360193 0.0
29.970094955432156 0.0
30.038478969366654 0.0
30.058971300076333 0.0
30.06693739353833 0.0
30.41918644501554 0.0
30.592375437429123 0.0
30.794819080917538 0.0
31.033439912785934 0.0
31.066135819898708 0.0
31.25796879168642 0.0
31.442244071243724 0.0
31.526437823637327 0.0
31.682955756033756 0.0
31.721201266852663 0.0
31.765962157479635 0.0
31.773656390652892 0.0
31.98639333416082 0.0
31.986745375837238 0.0
32.03466462629908 0.0
32.138798037291615 0.0
32.157955281417905 0.0
32.23319927678737 0.0
32.64538566598456 0.0
32.692665053576235 0.0
32.75896610873065 0.0
32.966753609760886 0.0
32.98507384712495 0.0
33.280554873078714 0.0
33.383133103581955 0.0
33.632450571646466 0.0
33.63774541298615 0.0
33.7266045904224 0.0
33.83675925479862 0.0
33.839639462239624 0.0
33.85518107315327 0.0
33.88311372808441 0.0
33.895507068609824 0.0
33.92899510342481 0.0
33.9732090084008 0.0
34.00239750090748 0.0
34.02608087181276 0.0
34.20819161495079 0.0
34.294575637202506 1.0
34.47452600216024 1.0
34.50541602137657 1.0
34.53000836830496 1.0
34.54631906237368 1.0
34.64524393702674 1.0
34.692755428796744 1.0
34.82980120419518 1.0
34.86234290253712 1.0
34.909077853724014 0.0
34.929760760560754 0.0
34.938542312896445 0.0
35.081973824313096 0.0
35.12451879956133 0.0
35.27727974261589 0.0
35.32769508434018 0.0
35.3490970115919 0.0
35.38432330566647 0.0
35.425154853024175 0.0
35.46758383450174 0.0
35.694647830591926 0.0
35.74466589208968 0.0
35.75141563810093 0.0
35.85799703918375 0.0
36.028166390303355 0.0
36.12062271502676 0.0
36.12748994695366 0.0
36.1481988659891 0.0
36.24184562163288 0.0
36.266396277033984 0.0
36.34406539191766 0.0
36.37531236134747 0.0
36.4126056321958 0.0
36.48246930887646 0.0
36.552380867617146 0.0
36.71208185629001 0.0
36.9181820770743 0.0
36.944124853832186 0.0
36.958002323575684 0.0
37.115617596658616 0.0
37.44693853552173 0.0
37.506757057615474 0.0
37.536409792936595 0.0
37.894113044289874 0.0
38.3214129530393 0.0
38.64239706837691 0.0
38.68201729111023 0.0
39.43111520551173 0.0
39.496882902478326 0.0
39.9466752768969 0.0
39.94806956368935 0.0
40.008452133951465 0.0
40.21677343094605 0.0
40.55408681650011 0.0
40.570510707603354 0.0
40.68846770790173 0.0
40.74148201211849 0.0
40.74168161879164 0.0
40.87751259229143 0.0
40.93569035219819 0.0
40.9683744013236 0.0
41.009895478673414 0.0
41.10631849791034 0.0
41.115522771789564 0.0
41.24862622077031 0.0
41.27721828995011 0.0
41.44570291872517 0.0
41.63556278304993 0.0
41.67975298897711 0.0
41.86823519600217 0.0
41.946621696515756 0.0
41.95640359241898 0.0
42.194698597048195 0.0
42.476578127792834 0.0
42.57729827324027 0.0
42.57864672683654 0.0
42.72123602416607 0.0
42.79059051876819 0.0
42.94923832025564 0.0
43.08171891144566 0.0
43.256809993271204 0.0
43.304143351835535 0.0
43.50298368041381 0.0
43.5239467291499 0.0
43.53131761851211 1.0
43.62778155740232 1.0
43.65475976779423 1.0
43.679558119592755 1.0
43.72851732790446 0.0
44.492316982287925 0.0
44.52983172544353 0.0
44.564245222621246 0.0
44.63469009105747 0.0
44.82534581375495 0.0
44.91830172768065 0.0
45.14672508572517 0.0
45.17758205755094 0.0
45.20237025677387 0.0
45.51921328669317 0.0
45.76224193054915 0.0
45.89562427484523 0.0
45.993325457712416 0.0
46.44536368230561 0.0
46.71283445294403 0.0
46.848547766532214 0.0
46.97960055526792 0.0
47.10644220753924 0.0
47.232306890273 0.0
47.31797016448636 0.0
47.39636997645137 0.0
47.68540645824591 0.0
47.79809923059654 0.0
47.99099253023811 0.0
48.018513786520735 0.0
48.1662330501699 0.0
48.264252115231415 0.0
48.357207897044404 0.0
48.365855502320755 0.0
48.60101347423168 0.0
48.744370599998554 0.0
48.84292060542628 0.0
49.4679011070266 0.0
49.59693894507997 0.0
49.67750642942675 0.0
49.67768150726368 0.0
49.80628067286042 0.0
50.07886595151084 0.0
50.124776915026445 0.0
50.249728463417576 0.0
50.27353324286033 0.0
50.377505015286346 1.0
50.62708409251362 0.0
50.73950635665535 0.0
51.25263197715169 0.0
51.43963305993536 1.0
51.56719551486482 1.0
51.591673990333184 0.0
51.99517357632731 0.0
52.10532243278931 0.0
52.12105819827657 0.0
52.24868672231144 0.0
52.52823789101192 0.0
52.83764393591584 0.0
52.8482538738473 0.0
52.95332240839039 0.0
53.09569317453407 0.0
53.12510337213975 0.0
53.16187038129341 0.0
53.267094300105136 0.0
53.39358210997508 0.0
53.449982139957754 0.0
53.60825387242139 0.0
53.616326032871214 0.0
53.65369864399262 0.0
53.699824247665845 0.0
53.88027013951178 0.0
54.01027965549589 0.0
54.171671357440204 0.0
54.228317934023394 0.0
54.3683870292024 0.0
54.37614169780776 0.0
54.52700019368745 0.0
54.76177028611214 0.0
54.98003664079479 0.0
55.23777939219634 0.0
55.618191140500144 0.0
55.84655241266955 0.0
55.97056426868422 0.0
56.04493938731008 0.0
56.08481085887357 0.0
56.16305528049348 0.0
56.17974037321487 0.0
56.30289649679919 0.0
56.31116663627618 0.0
56.33173639667698 0.0
56.50716105431272 0.0
56.68074943396737 0.0
57.27264758163275 0.0
57.33269381560324 0.0
57.53735483679059 0.0
57.5665342173939 0.0
57.61705934844712 0.0
57.61728475548234 0.0
57.65850756258642 0.0
57.825246869221814 0.0
57.95671696153584 0.0
58.19778379193423 0.0
58.360583238193016 0.0
58.415092761077915 0.0
58.72281013228908 0.0
58.829562412708725 0.0
58.83846369336558 0.0
59.01214685176451 0.0
59.03398240533964 0.0
59.0508208772165 0.0
59.32244084092286 0.0
59.40727370230548 0.0
59.42775531388563 0.0
59.48658213458961 1.0
59.51988277713049 1.0
59.68683857318862 1.0
59.7224951667293 0.0
59.80162912506143 0.0
59.92367260094533 0.0
59.998284314773635 1.0
60.014652352298434 1.0
60.117348274391375 1.0
60.15619764899391 1.0
60.20453257224548 1.0
60.272032253819674 1.0
60.34985878081957 1.0
60.4651690809452 0.0
60.526832572348376 0.0
60.535271625526924 0.0
60.649559046416194 1.0
60.8051817987918 1.0
61.353061190681544 1.0
61.54063292729897 1.0
61.60120190635728 1.0
61.76081246052191 1.0
62.1409817645373 1.0
62.21205968974845 0.0
62.21718310853386 0.0
62.22543855334241 1.0
62.37363870787372 1.0
62.49393931954342 1.0
62.53715477502852 2.0
62.72579564500961 1.0
62.76227052205931 1.0
62.9296149945486 0.0
62.931298831630315 1.0
63.144162012385635 1.0
63.18485408422938 1.0
63.19664232919277 1.0
63.2448805525042 1.0
63.35305562401422 1.0
63.44862987801763 1.0
63.55042364783272 1.0
63.64927236768763 1.0
63.764115932285335 1.0
63.772154829401224 0.0
63.948733216883646 0.0
64.1012101164589 0.0
64.1101335054478 0.0
64.13560659267263 0.0
64.1885839720438 0.0
64.19511728773061 0.0
64.76746654953429 0.0
64.79140269008563 0.0
64.79846820768906 0.0
64.8930955356661 0.0
64.97182481275922 0.0
65.19112424943037 0.0
65.29171549362556 0.0
65.5247805726743 0.0
65.57046158775822 0.0
65.80453043688168 0.0
65.81423518067626 0.0
65.86943212516006 0.0
65.91037606182276 0.0
66.00698580782974 0.0
66.39078047135946 0.0
66.44787806582455 0.0
66.45156891051234 0.0
66.57823752794536 0.0
66.63294057276774 0.0
66.65627885993459 0.0
66.72422693541023 0.0
66.7599773962534 0.0
66.87424633829558 0.0
66.87441098850381 0.0
67.10119316241469 1.0
67.2559354733778 1.0
67.38007097312858 1.0
67.4346720815214 1.0
67.63627302420895 1.0
67.6922532079184 0.0
67.70570633025476 0.0
67.9070283874273 0.0
67.94168369203452 0.0
68.28284535925928 0.0
68.3513669842467 0.0
68.37910830501028 0.0
68.41071436055883 0.0
68.66461721205401 0.0
68.79015705538419 0.0
69.06160749273201 0.0
69.44160606440732 0.0
69.54154631767516 0.0
69.83574358651722 0.0
69.97610050986454 0.0
70.01030484939315 0.0
70.050501736861 0.0
70.2512427720061 0.0
70.46529018481759 0.0
70.61270950724011 0.0
70.66482934472867 0.0
70.70850577047302 0.0
70.80549811202934 0.0
70.91246596862246 0.0
70.95785105466484 0.0
71.07789191414982 0.0
71.16294066983026 0.0
71.31599070672924 0.0
71.31950757946161 0.0
71.3492257734729 0.0
71.47582202932136 0.0
71.52183692875991 0.0
71.72299603082752 0.0
72.12839977723225 0.0
72.22493329032915 0.0
72.28925016306917 0.0
72.49298030742837 0.0
72.69796737888277 0.0
72.8164750959673 0.0
72.9055292256381 0.0
73.07592937005076 0.0
73.1049572860377 0.0
73.25167272534937 0.0
73.47114890937478 0.0
73.50805708538738 0.0
73.62446355725073 0.0
73.6301659217372 0.0
73.64127394989319 0.0
73.85295705273764 0.0
73.87752820032655 0.0
74.00004472437853 0.0
74.22350337012745 0.0
74.2638458761103 0.0
74.31998066309848 0.0
74.37407647724477 0.0
74.5184864949333 0.0
74.92465446486571 0.0
74.93620495998205 0.0
74.95970942059029 0.0
75.55469186391582 0.0
75.95295894153054 0.0
76.04154798609947 0.0
76.1828457045969 0.0
76.44209193085847 0.0
76.50817047579382 0.0
76.54190516068863 0.0
76.63258719915034 0.0
76.74010586458546 0.0
76.90384393473096 0.0
77.03767322205915 0.0
77.20770242190463 0.0
77.29107788850474 0.0
77.35945943498385 0.0
77.51645138428123 0.0
77.73224195034834 0.0
77.87893784588593 0.0
77.9184517010381 0.0
78.02648046993625 0.0
78.12786182371443 0.0
78.16636498620855 0.0
78.28201362405096 0.0
78.36753451927615 0.0
78.51990496907463 0.0
78.60811199430721 0.0
78.6102649708491 0.0
78.75112329389306 0.0
78.92228059361231 0.0
78.98561260487425 0.0
78.98765166509108 0.0
79.00124464177345 1.0
79.0291643251287 1.0
79.06343894150213 1.0
79.13003697553611 1.0
79.17161855461747 1.0
79.2008173449225 1.0
79.3494513279295 1.0
79.42878766800385 1.0
79.46943495199143 1.0
79.521094732939 1.0
79.52216565656333 1.0
79.57767985189909 1.0
79.58420417819562 1.0
79.65401121950745 1.0
79.73991861761 1.0
79.8532679443661 1.0
80.0335137419016 1.0
80.25826334426347 1.0
80.31689476058465 1.0
80.36233433404264 1.0
80.36931155848218 1.0
80.38495187265787 1.0
80.41421372666795 1.0
80.41856024394284 1.0
80.45882047106753 1.0
80.46645495989785 1.0
80.48014422566912 1.0
80.7120253808419 1.0
80.79878510071164 1.0
80.87969252582575 1.0
81.29822115206102 1.0
81.31477970935286 1.0
81.32687168664634 1.0
81.37789594552811 2.0
81.44798235772483 2.0
81.64092918312559 2.0
81.70660916489838 2.0
81.84179007518547 3.0
81.91514224034002 2.0
82.01865473422906 2.0
82.08232797176238 2.0
82.096088865729 2.0
82.23630022229742 2.0
82.59814380062231 3.0
82.73014956415811 2.0
82.74009562561625 2.0
82.78220468301485 2.0
82.84609347493496 2.0
82.84772665946328 2.0
82.95045448361594 2.0
82.96925389054435 2.0
82.98783951198594 2.0
83.17805198310444 1.0
83.2461865433918 1.0
83.61922780933757 1.0
83.62332270069876 0.0
83.69778841608476 0.0
83.82484603739492 0.0
83.9352982957381 0.0
83.98189520012961 0.0
84.12230296440558 0.0
84.18124484130622 0.0
84.19994635769984 0.0
84.21628910849668 0.0
84.3105473503845 0.0
84.31783015044607 0.0
84.31947301331142 0.0
84.35033885324071 0.0
84.43184571370584 0.0
84.44108254006979 0.0
84.46236655000155 0.0
84.53196297046536 0.0
84.69994710067999 0.0
84.77736664717746 0.0
84.80400787610805 0.0
84.89801018626915 0.0
84.98566959291757 1.0
85.09545169787478 1.0
85.19452380570593 1.0
85.22428437803863 0.0
85.32344843005481 0.0
85.86282312471498 0.0
86.14652031362154 0.0
86.29214733127716 0.0
86.4164341583296 0.0
86.64009336450377 0.0
86.80051240459166 0.0
86.80490946271327 0.0
86.88314356579434 0.0
86.98778013508392 0.0
87.00766930996598 0.0
87.02862195712338 0.0
87.17786038503438 0.0
87.1794933844635 0.0
87.26610884937664 0.0
87.38669233660212 0.0
87.51805650953239 0.0
87.53707693305785 0.0
87.58619503945191 0.0
87.61037875471672 0.0
87.73226834742363 0.0
87.73767424940183 0.0
87.7399395575858 0.0
87.95927811590907 1.0
88.10579025242802 1.0
88.13744891759099 1.0
88.23023775977934 0.0
88.23781198795673 0.0
88.24961734269766 0.0
88.25466482709204 0.0
88.29935700673799 1.0
88.36132665046634 1.0
88.42064114096588 1.0
88.44255785158725 1.0
88.45246191836573 1.0
88.48730239541585 1.0
88.54274101555042 1.0
88.61907938938825 1.0
88.62459419391301 1.0
88.76247037788866 1.0
88.80282946337203 1.0
88.82902040528607 1.0
89.03682925540004 1.0
89.05245628183216 1.0
89.05734295893406 1.0
89.25614211037045 0.0
89.29502244576268 1.0
89.50329540029715 1.0
89.59572381238573 1.0
89.75693182204292 1.0
89.75759701566317 1.0
89.86434131715542 1.0
90.03116475299164 1.0
90.06827968473357 1.0
90.07410832233441 1.0
90.09069334323101 1.0
90.21095074407923 1.0
90.51245539414839 1.0
90.53948641168247 1.0
90.71398340966572 1.0
90.77885915865228 1.0
90.892157084458 1.0
91.17836518667515 0.0
91.26615834564352 0.0
91.30929081580615 0.0
91.37118034342762 0.0
91.39317368362913 0.0
91.48861758651367 0.0
91.58561458577371 0.0
91.62095271062752 0.0
91.80273232000012 0.0
91.81292137410286 0.0
91.94425411936909 0.0
92.0534244082884 0.0
92.12751226467817 0.0
92.20920520841808 0.0
92.27283858106443 0.0
92.38702625843852 0.0
92.59191579371503 0.0
92.59878228506659 0.0
92.70719691235968 0.0
92.86373064851425 0.0
92.86746058964462 0.0
92.94442736876736 0.0
93.37655084364356 0.0
93.38540487049048 0.0
93.44477215324972 0.0
93.52031419231467 0.0
93.65286886371344 0.0
93.68044546884964 0.0
93.74702672790558 0.0
93.8023244298489 0.0
93.81647052296739 0.0
93.9341894007753 0.0
94.0734096285477 0.0
94.17979100281627 0.0
94.26486968714282 0.0
94.63147098705035 0.0
94.699388087355 0.0
94.83864888082884 0.0
94.84072597480446 0.0
94.920574918284 0.0
94.97674603408915 0.0
95.03663903136419 0.0