0.0 0.0
0.06857616892556521 1.0
0.12003484255484947 2.0
0.15283518158529935 3.0
0.15283549222185233 4.0
0.1800335094210074 5.0
0.19187995746548908 6.0
0.19227114734540596 7.0
0.20420306894305482 8.0
0.2134970842062649 7.0
0.22601349262947218 6.0
0.2477582100794315 7.0
0.25614917067386617 8.0
0.2608158906145487 9.0
0.2789532490337248 10.0
0.3065925693083501 11.0
0.38454725145638385 12.0
0.45335094210672056 13.0
0.5044151427137615 12.0
0.5383608799793455 11.0
0.558052787543444 10.0
0.5610561041266445 9.0
0.5985967659293224 10.0
0.6069130239953404 11.0
0.6269729899480496 12.0
0.6363983292314966 13.0
0.6436590383326467 14.0
0.6636371209970451 15.0
0.6675249279769512 14.0
0.6831776381922703 15.0
0.6899358298537871 16.0
0.7697725395755041 17.0
0.8039908113677875 18.0
0.8071629139227462 17.0
0.8194258157670224 18.0
0.8333093734797591 17.0
0.8509654957996069 18.0
0.8602748523678723 19.0
0.8607704638594857 18.0
0.8677191654224444 19.0
0.8789011564743024 20.0
0.8886277104695026 21.0
0.9302241428742697 22.0
0.964015892194487 23.0
0.9807774270819187 22.0
0.9935064576755356 23.0
1.0090584554528557 24.0
1.010136287398769 25.0
1.0403439290743244 24.0
1.0690374826109226 23.0
1.0834108769150363 24.0
1.1236585639645171 23.0
1.133256364629969 24.0
1.1401261968840135 25.0
1.1730766321368278 24.0
1.1951790260196855 25.0
1.1955260649043866 24.0
1.204028102211561 25.0
1.2569313440003924 26.0
1.266611285449499 25.0
1.2862497370373773 24.0
1.307175988290539 25.0
1.343117027910223 26.0
1.3690719867627583 25.0
1.395369136606034 26.0
1.4004959959887475 25.0
1.4229268139567972 26.0
1.5168682078136382 27.0
1.6059644963139545 26.0
1.6120984081899596 27.0
1.6513452860965494 28.0
1.6702172498567156 27.0
1.6706334649047887 26.0
1.6839226848720408 27.0
1.7124285895372318 28.0
1.7265460298429516 29.0
1.7283803361052505 30.0
1.7404706915739354 31.0
1.755683437974447 30.0
1.7632719425816519 31.0
1.7941822960770686 32.0
1.7943786042177976 33.0
1.811049548188173 32.0
1.8331045820801277 33.0
1.8669652094124962 32.0
1.877841800804544 33.0
1.8821078439786116 32.0
1.9315186632323131 33.0
1.965247445905527 32.0
1.9707738294898287 31.0
2.0070111520848966 32.0
2.0093541848381267 33.0
2.0265870052950836 32.0
2.0536494016654845 33.0
2.057311101617407 32.0
2.0744075833158995 31.0
2.0751057261740895 30.0
2.1240951313900323 31.0
2.1831934933282433 32.0
2.1867403368281186 33.0
2.2256324360919724 34.0
2.247417714575562 33.0
2.292696273528485 32.0
2.3508304669599585 33.0
2.3721310042868016 34.0
2.3754668152689735 33.0
2.3913980089614078 32.0
2.4211517472123267 33.0
2.5112498577744016 34.0
2.515463415470011 35.0
2.5819356845169867 34.0
2.602171388501374 33.0
2.615610591745633 34.0
2.6961050516874216 33.0
2.743053202390719 32.0
2.79011586075823 31.0
2.8011835802480856 30.0
2.818154072476117 31.0
2.8398207300737126 30.0
2.8457446269679347 31.0
2.8972916387266 32.0
2.9049291958345833 31.0
2.9140867713961365 30.0
2.9327013803332704 29.0
2.9849727510431947 28.0
3.014835055678343 27.0
3.032153058338353 26.0
3.037445262808158 27.0
3.069086381120483 26.0
3.106758732330517 25.0
3.1097355634160255 26.0
3.126916215653025 27.0
3.1730789596397444 26.0
3.2494956212162647 25.0
3.254685971116457 26.0
3.353455684770263 25.0
3.3843342854080367 26.0
3.401231964044028 25.0
3.4017175046601094 26.0
3.435483414826611 25.0
3.4452308046400013 24.0
3.452178939899155 23.0
3.496993371081222 24.0
3.5170113741869464 25.0
3.5767586262602764 26.0
3.626885713432195 27.0
3.6666253011314796 26.0
3.725477581501647 25.0
3.7481073689346163 24.0
3.7592959360112626 23.0
3.7846180410149652 24.0
3.7899049804233327 25.0
3.8018743116687213 24.0
3.8218308309717495 25.0
3.8318465316931705 26.0
3.841174000546454 27.0
3.8494430630823753 26.0
3.864901862160994 27.0
3.892647621373041 28.0
3.9266551697444956 29.0
3.974828338241064 28.0
3.977101328414102 29.0
3.993643313114827 28.0
3.9954832534226274 27.0
4.009698679185648 28.0
4.052814723308656 27.0
4.053981483784307 26.0
4.075258813397931 27.0
4.094286945777133 28.0
4.130245356213599 27.0
4.154957600214009 28.0
4.1754109629524425 29.0
4.19053045036173 30.0
4.199021816672764 31.0
4.238450872129807 30.0
4.239557758313507 31.0
4.239763091030789 30.0
4.280398264222114 31.0
4.283926223408847 32.0
4.290430044333048 31.0
4.346403294443561 32.0
4.397676495978957 31.0
4.400254860986474 30.0
4.408466162180716 29.0
4.414753560044887 28.0
4.434338054000867 27.0
4.438981476269037 28.0
4.460956275065599 29.0
4.612966875033916 30.0
4.613975581095207 31.0
4.614400675155422 32.0
4.738833901947314 33.0
4.765797008874494 34.0
4.813420333518959 33.0
4.850938690912703 32.0
4.87403185177276 33.0
4.88264185753898 32.0
4.885730952126877 33.0
4.911375272417378 32.0
4.91795208264112 33.0
4.938298289882332 34.0
4.97149978711644 35.0
4.975740920328661 36.0
4.986781577103086 37.0
5.034505514713647 38.0
5.048971290017144 37.0
5.120568776699451 36.0
5.127500737358116 37.0
5.131857193018056 38.0
5.133511595905364 39.0
5.134573097518221 38.0
5.186660113654588 39.0
5.20601793554645 38.0
5.227006308377824 37.0
5.258924762889864 36.0
5.271332094772235 35.0
5.278480341513079 34.0
5.297695372997646 33.0
5.319691730053641 32.0
5.337342605209625 33.0
5.4260750104169 32.0
5.434176683866921 33.0
5.45016116163383 34.0
5.451217265667598 35.0
5.474694241639057 36.0
5.506813063777116 37.0
5.512842893161785 36.0
5.523694963916978 35.0
5.545604712406675 34.0
5.573739679681067 33.0
5.586249659107086 34.0
5.61035712262081 35.0
5.646087113087173 36.0
5.657287636208332 37.0
5.703974512395122 38.0
5.706426643584097 39.0
5.712447700304766 38.0
5.781473149868494 37.0
5.783522107067252 36.0
5.803754972345552 37.0
5.826253718781809 36.0
5.857627902875515 35.0
5.8656746837534355 34.0
5.867492967807559 35.0
5.9113307117875475 36.0
5.91838719482811 35.0
5.935143952544696 34.0
5.948092204081749 33.0
5.958066687543756 32.0
5.965860855915354 31.0
6.027086629223845 30.0
6.063585377750752 29.0
6.135025828139682 28.0
6.150207888021179 29.0
6.180478047818791 30.0
6.239646443455247 31.0
6.252852292260054 30.0
6.264479276851187 29.0
6.283637194753901 30.0
6.297537877632396 31.0
6.298227628796251 32.0
6.354233897196582 31.0
6.40139920092827 30.0
6.407645448778625 31.0
6.4337521204767345 32.0
6.44270754663308 31.0
6.462475916004936 32.0
6.464855837494782 33.0
6.483687742410433 32.0
6.511983579737581 33.0
6.5405355944188965 32.0
6.540723963739679 33.0
6.549203985436838 34.0
6.554507811785154 33.0
6.558424311990887 32.0
6.5940496613925585 33.0
6.597732026394274 34.0
6.614652158212562 33.0
6.635295467072604 34.0
6.670450465767622 35.0
6.682500307783161 34.0
6.6976517731541865 35.0
6.698610396381575 34.0
6.7038116248705455 35.0
6.717923659452324 36.0
6.754370768225933 37.0
6.756018816805054 38.0
6.756709366016964 37.0
6.759412437584569 36.0
6.762430073955914 37.0
6.766292325222853 38.0
6.783398744204362 39.0
6.832070758117591 38.0
6.837000389089636 37.0
6.8744505526622826 36.0
6.9140189407182016 37.0
6.923220634440785 38.0
6.938851166386139 37.0
6.9711509879181985 36.0
6.989239988490674 37.0
6.9924055698172625 38.0
7.028019158535009 37.0
7.109087978581901 36.0
7.146261815733377 37.0
7.147427230962134 36.0
7.18330895792814 35.0
7.201982479856706 36.0
7.205838629999057 35.0
7.252871142396308 36.0
7.2580188691893985 37.0
7.267643530434702 36.0
7.327456193995718 35.0
7.338362245978618 34.0
7.3468212980560965 33.0
7.359675896335793 34.0
7.363570989685334 33.0
7.3967962121040145 32.0
7.430712023482289 31.0
7.44994578578544 30.0
7.47968761246511 31.0
7.562708746375315 30.0
7.571421743835424 29.0
7.628875380829479 28.0
7.631738800143298 27.0
7.6788620677675805 28.0
7.693987854332797 29.0
7.697258127946582 28.0
7.748678433678726 29.0
7.757762608898176 28.0
7.771942654881572 29.0
7.782507115328507 30.0
7.837261021083349 31.0
7.856757965157966 30.0
7.9078529636941415 31.0
7.946787911867367 30.0
7.979159267405157 31.0
7.993867957601309 30.0
7.995887783405302 31.0
8.056267687969335 30.0
8.05932899833763 31.0
8.073241396737737 32.0
8.073338775077737 33.0
8.083287591065275 32.0
8.13778740652703 33.0
8.146173384309472 34.0
8.23757965377996 33.0
8.240923636779506 34.0
8.24637259286474 33.0
8.24726569577578 34.0
8.338215615399937 35.0
8.432333339374566 36.0
8.469216925353063 35.0
8.497702474124495 36.0
8.497874748277091 35.0
8.511360279980169 36.0
8.52609648120457 35.0
8.541921311229144 34.0
8.587792309989396 33.0
8.591841503250102 34.0
8.604619806343823 35.0
8.666620983538412 36.0
8.67211855107466 37.0
8.675494194861912 36.0
8.70437107197376 35.0
8.746283493077243 34.0
8.74734421214642 33.0
8.8019237982329 34.0
8.802191511696574 33.0
8.8022814362114 34.0
8.832976699626718 35.0
8.84763209706316 36.0
8.91267624047037 37.0
8.929809668245458 36.0
8.929811309457474 35.0
8.946810542560499 34.0
8.996717201644651 33.0
9.007204932237796 32.0
9.014826383190568 31.0
9.078854908829799 32.0
9.099552819619634 31.0
9.109491735002557 32.0
9.124750828902572 33.0
9.185192522475086 32.0
9.185279533254967 33.0
9.193668344922619 32.0
9.207936773912275 33.0
9.262063509609659 34.0
9.290422008746665 35.0
9.320772712876472 36.0
9.411491253517806 35.0
9.423030240465703 34.0
9.426583944358558 33.0
9.508590444821447 34.0
9.522444920566276 35.0
9.53312999681259 34.0
9.568718711244244 33.0
9.575800116173719 32.0
9.657743317842224 31.0
9.687769175790027 32.0
9.70206606654425 33.0
9.703249843750285 32.0
9.731429759692334 33.0
9.797194626324718 34.0
9.820881085661222 33.0
9.855651418489183 32.0
9.858669326487888 33.0
9.963354745660066 32.0
9.987735586839461 31.0
10.033660381206879 32.0
10.034010937030756 31.0
10.040804649268278 30.0
10.070813541236424 29.0
10.092309209346055 28.0
10.100615717814973 27.0
10.134707291342202 26.0
10.165389237805941 25.0
10.17178618052181 26.0
10.191618786649542 25.0
10.19792844260675 24.0
10.220557848992296 25.0
10.227854905006545 24.0
10.25545683152135 25.0
10.279100639689236 26.0
10.286237136188793 25.0
10.379390706592808 24.0
10.38549635076366 25.0
10.386957606552564 26.0
10.534074292311367 25.0
10.558049977760428 26.0
10.584554135970615 27.0
10.60412619115353 26.0
10.609352962586271 25.0
10.65857744270399 26.0
10.761430147594938 25.0
10.811980302427516 24.0
10.832723811862762 23.0
10.835916946777237 24.0
10.86504004864072 23.0
10.87375351141617 24.0
10.876878629101022 25.0
10.884060204523497 24.0
10.909093179292018 23.0
10.914070638775478 22.0
10.947411626917281 21.0
10.971159830796704 22.0
10.972271944387938 21.0
11.001107729025415 20.0
11.009004019143688 21.0
11.0207451238477 22.0
11.03887176097454 21.0
11.040762376486237 22.0
11.044498304249005 23.0
11.062210183300543 22.0
11.078992099407053 23.0
11.081959625243925 24.0
11.137342720753953 25.0
11.142117793249165 26.0
11.160818595733051 27.0
11.160994006198163 28.0
11.194475823168885 29.0
11.199466714860442 30.0
11.320702101644597 29.0
11.342750552214078 30.0
11.349439735405186 29.0
11.381212145277415 28.0
11.384542945509715 27.0
11.404386634456811 28.0
11.40798460835755 27.0
11.440021021394807 28.0
11.442355458220453 27.0
11.452924736516232 26.0
11.453826677210284 25.0
11.462747436307845 26.0
11.500320884994817 25.0
11.527194370170136 26.0
11.53225617928103 25.0
11.542513289557663 26.0
11.556482454199953 27.0
11.612905312244365 28.0
11.640621969462739 27.0
11.644278469490555 28.0
11.65475883496907 27.0
11.695851367982593 28.0
11.740850374945877 29.0
11.764424740228527 28.0
11.76914553743864 27.0
11.78209873994173 26.0
11.80819481466306 25.0
11.825790034934082 24.0
11.858103934570611 25.0
11.888444623401162 26.0
11.901628794875226 27.0
11.924783598269736 26.0
11.927864237242499 27.0
11.979015811640616 28.0
12.03622172393649 29.0
12.081879727197936 30.0
12.108885955658424 29.0
12.224445274235219 30.0
12.321955953623963 29.0
12.393189388755708 28.0
12.39469588162528 27.0
12.407400002392086 26.0
12.414944781875448 27.0
12.48344664453796 26.0
12.511378983247202 25.0
12.521269712382223 26.0
12.527542688152822 27.0
12.546167217372952 28.0
12.583580425736843 27.0
12.59333441166716 28.0
12.66706798746207 27.0
12.676328888702484 28.0
12.683317570516323 27.0
12.706473325160385 28.0
12.720880326268777 29.0
12.733490655952707 28.0
12.738106446818366 29.0
12.755718667061705 28.0
12.759006647534061 27.0
12.788249169391491 28.0
12.79134292780854 29.0
12.807629694719516 30.0
12.895780014556248 29.0
12.898940045616905 28.0
12.901821007741614 27.0
12.912928480516078 26.0
12.924665510780848 25.0
12.938802586244124 24.0
12.967344932541494 25.0
13.081303855768136 26.0
13.116619658576544 25.0
13.127751298464577 24.0
13.140595320880143 25.0
13.14442286750687 26.0
13.15987204253243 25.0
13.170630364080258 24.0
13.208983849942761 23.0
13.23408027640207 24.0
13.24844769736653 23.0
13.249508150458059 24.0
13.26675449880964 23.0
13.330413361896268 24.0
13.374730492311054 23.0
13.383862975327817 22.0
13.39428217000644 21.0
13.408890021313493 22.0
13.421407603171765 23.0
13.43901847583216 24.0
13.446177455140997 25.0
13.489601180902747 24.0
13.503015486916551 23.0
13.508463703458766 22.0
13.523450675829382 23.0
13.538134438061107 22.0
13.554279404180248 21.0
13.570567695314537 22.0
13.58574344809545 21.0
13.71415836936618 22.0
13.723606918323625 23.0
13.76948288267902 22.0
13.785212813762769 23.0
13.791558901839599 24.0
13.818381073090928 23.0
13.902257612735031 24.0
13.92117524644948 25.0
13.95939837913321 26.0
13.985474552766016 27.0
13.988471381214557 26.0
13.999829225579731 25.0
14.064704241493516 26.0
14.073630232187286 27.0
14.118862198030138 26.0
14.158063974984199 25.0
14.183310730060267 26.0
14.190373963413911 27.0
14.192525037014791 28.0
14.195732619747535 27.0
14.200593688050839 28.0
14.215668520230654 27.0
14.23102246268657 26.0
14.410129309569779 25.0
14.419144188939342 26.0
14.454702169829442 27.0
14.466504440486476 26.0
14.486424605271644 27.0
14.510326053156025 28.0
14.536228840210297 27.0
14.536931901205794 26.0
14.559392658316831 27.0
14.5895595889057 28.0
14.597412989286653 29.0
14.610445759233624 28.0
14.656087869234211 29.0
14.66203382309277 30.0
14.702529033084005 31.0
14.805148800055322 30.0
14.847764967439073 31.0
14.918001613402476 30.0
14.938369535152773 31.0
14.939654729169721 30.0
14.98628848264598 29.0
14.996650458209185 30.0
15.021264985486196 29.0
15.075376444984729 28.0
15.14572921624821 29.0
15.15675423296227 28.0
15.198759341974954 27.0
15.204181222760896 28.0
15.282273217557131 29.0
15.300656838246654 28.0
15.30103953282729 29.0
15.320620429996149 28.0
15.332111149097988 27.0
15.342416394780527 26.0
15.396346292795238 25.0
15.408085044459709 26.0
15.436851346858822 25.0
15.48194761909909 24.0
15.490816109249009 23.0
15.525833525782481 22.0
15.538347255028041 23.0
15.54952189533747 24.0
15.558252411907354 23.0
15.584390048791574 22.0
15.633271481549983 23.0
15.645594280567657 22.0
15.69918052847497 21.0
15.700576714835906 20.0
15.709858810613277 19.0
15.756726035901666 18.0
15.768021598880436 19.0
15.78377215402303 20.0
15.802688912788222 19.0
15.876703366430462 20.0
15.879596600394969 21.0
15.889725297744885 20.0
15.890347562539889 19.0
15.987821721368913 20.0
15.998037275413427 21.0
16.041058784934997 22.0
16.06939283671417 21.0
16.192603311627924 20.0
16.274554126307663 19.0
16.336571472502293 18.0
16.337357650838985 17.0
16.3902353639746 18.0
16.42313000326485 19.0
16.429248760488115 20.0
16.434322339984806 19.0
16.48767148520204 20.0
16.57490801505703 21.0
16.577300026465007 20.0
16.611396575382262 19.0
16.675155993963866 20.0
16.687675573176794 21.0
16.688457159324546 20.0
16.69169257350066 21.0
16.782292790092352 22.0
16.809253948274414 21.0
16.815608621984346 22.0
16.819632091213098 23.0
16.822793625967872 24.0
16.823784005798597 25.0
16.876054276623982 26.0
16.951888501411613 27.0
16.995007336819274 26.0
16.99594703747444 25.0
17.012417850613474 26.0
17.03041112990058 27.0
17.05579111401286 26.0
17.072960595054365 27.0
17.107830592090167 28.0
17.18412071129632 27.0
17.193890223732083 28.0
17.25171643171981 29.0
17.28971443152993 30.0
17.300300971060196 29.0
17.315558125910876 28.0
17.360597535691525 27.0
17.428704108210308 26.0
17.431025797889326 25.0
17.451178028730336 26.0
17.47007101843945 27.0
17.487676830806002 26.0
17.48980811783031 27.0
17.509664926819728 28.0
17.515669860351615 27.0
17.541932058233854 26.0
17.58378139135594 25.0
17.599642523991257 24.0
17.62074920125645 25.0
17.694534018163008 26.0
17.70317402821331 27.0
17.710366535424765 28.0
17.716294363353082 27.0
17.73161564288089 26.0
17.76434026323892 27.0
17.81267716440533 26.0
17.84386298412283 25.0
17.882417766597303 26.0
17.8963739259887 25.0
17.903369583636557 24.0
17.907033912796372 23.0
17.92524776258407 22.0
17.92893145891677 21.0
17.98822185473365 22.0
18.028056863733028 21.0
18.028825490069742 22.0
18.03795412994078 21.0
18.04142516970841 20.0
18.10761643646772 19.0
18.120913090996883 20.0
18.140582031330954 19.0
18.156216583364138 20.0
18.166591303624436 19.0
18.201516062766864 18.0
18.29766579738749 19.0
18.30344486147533 18.0
18.31723630075779 19.0
18.321533078154395 18.0
18.334602451721818 17.0
18.401673316659746 18.0
18.484736185806174 19.0
18.48522284571896 20.0
18.517041802414035 19.0
18.650442323544592 18.0
18.654403020771873 19.0
18.682822694445516 20.0
18.70414793619644 21.0
18.806555972923437 22.0
18.83328181821816 21.0
18.89261503474474 20.0
18.900797836402734 19.0
18.90450598696111 18.0
18.90910776771943 17.0
18.921247971754635 16.0
18.947687321766782 15.0
18.96024749949683 16.0
18.98796929598161 17.0
19.069046664504278 16.0
19.0976053108999 15.0
19.154459796068306 16.0
19.18320370718899 17.0
19.20852436987739 18.0
19.212454573257407 17.0
19.231164298791672 16.0
19.243915151734566 17.0
19.273452262520138 16.0
19.300831664490417 17.0
19.315929277109237 16.0
19.32225342840568 15.0
19.528731601465505 16.0
19.639698705511876 15.0
19.69293443831967 14.0
19.699800326637614 15.0
19.926066815384196 14.0
19.927013975047128 13.0
19.929943782030595 14.0
20.00308080109519 15.0
20.025365275267283 14.0
20.034176769187717 13.0
20.050706310595 14.0
20.09414473604729 13.0
20.15564730019684 12.0
20.181528759496405 13.0
20.238067170566303 12.0
20.28858730054963 11.0
20.300903819747553 10.0
20.44210944640899 9.0
20.448411637914933 8.0
20.49220400042 7.0
20.513366321030254 8.0
20.581491823248232 7.0
20.66931618190297 6.0
20.695921678354804 7.0
20.703926338014593 6.0
20.87739441141528 7.0
20.885864145971162 8.0
21.2049625373194 7.0
21.237607945026657 8.0
21.366556492813025 7.0
21.395614361810512 8.0
21.607191893659678 9.0
21.677634153803456 8.0
21.707717262104502 9.0
21.726477774090466 8.0
21.77762220039032 7.0
21.873223662304763 8.0
21.92661747413658 7.0
22.010808430066657 6.0
22.0175013157989 5.0
22.061068422830378 4.0
22.06339931507375 3.0
22.226120488780094 4.0
22.238254058009552 5.0
22.32041265859956 6.0
22.42900557942363 7.0
22.476197858914997 6.0
22.55960238251483 7.0
22.848181018839718 6.0
22.88054315267056 5.0
23.235862297412602 6.0
23.68909186491104 7.0
23.71817895825536 8.0
23.849121574182547 7.0
23.86141737703954 8.0
24.011745534027067 7.0
24.040126938679848 8.0
24.110052889432676 9.0
24.168855572979254 10.0
24.217412405140696 11.0
24.268464051260942 10.0
24.268999904436455 11.0
24.468629158501614 12.0
24.604729906689986 11.0
24.803731112147457 10.0
24.92791208986913 9.0
25.148251661995303 10.0
25.162463127956457 9.0
25.25441259878221 8.0
25.254712550313016 9.0
25.392328996803197 8.0
25.446124645403323 7.0
25.563453982322535 8.0
25.585934853806663 9.0
25.678912059184693 8.0
25.755844485856432 9.0
26.035103056476558 8.0
26.12418321303963 9.0
26.134738428613183 8.0
26.187742588294288 7.0
26.201517803839852 6.0
26.217580206051867 7.0
26.292027647051487 8.0
26.427970194244114 7.0
26.43083891731281 8.0
26.440430266354845 7.0
26.58500371535086 6.0
26.74300024161741 5.0
26.954791435271495 6.0
27.21916303373983 7.0
27.270220235607056 6.0
27.328612491506522 5.0
27.64313854146601 4.0
27.6460711231443 5.0
27.646725661535235 6.0
27.65527426436292 5.0
27.8823617302316 4.0
27.915455385062067 3.0
27.954508506785295 4.0
28.012991134073637 5.0
28.013106584070076 6.0
28.07688364293929 7.0
28.098062891112555 6.0
28.164207420542656 7.0
28.17201116904839 8.0
28.232998461433578 9.0
28.250876295028313 8.0
28.26560069555337 9.0
28.355207363737822 10.0
28.41597736931703 9.0
28.561592110843186 10.0
28.673708780766297 9.0
28.690233503042183 8.0
28.713642127387093 7.0
28.863113062217145 6.0
28.99802463523132 5.0
29.126166975075268 6.0
29.169209457446332 7.0
29.20927919305204 8.0
29.21729369757803 7.0
29.234965346071316 8.0
29.364809556305993 7.0
29.379188604452263 6.0
29.42527874617409 7.0
29.51449850293407 8.0
29.608593851201526 9.0
29.69956524949703 8.0
29.785657438006385 9.0
29.798667531290015 10.0
29.831799688260606 11.0
29.838747789627327 10.0
29.90175492223332 9.0
29.922604301339085 8.0
29.945017872924854 7.0
29.985075270420623 8.0
30.032598871271066 9.0
30.12905359409157 8.0
30.26323142481222 7.0
30.389545620319037 6.0
30.40416389186346 5.0
30.416973648676244 4.0
30.509581462489358 3.0
30.943388024379033 2.0
31.026069487958654 3.0
31.096368263884628 4.0
31.09897641872533 5.0
31.25155736092403 4.0
31.29870233655605 5.0
31.5227793058675 6.0
31.60648058539403 5.0
31.63940845886809 4.0
31.72390113444135 5.0
31.76951639440523 6.0
31.790372406619813 7.0
31.91497077891225 6.0
31.96341338361995 5.0
32.02959993026193 6.0
32.05221098422228 5.0
32.121397677328005 4.0
32.29030579861621 5.0
32.35423831096933 6.0
32.40281347568885 7.0
32.41091160184772 8.0
32.411807365621705 9.0
32.5225787434316 8.0
32.566761564037925 7.0
32.62336344910842 6.0
32.66872520933547 5.0
32.74727043319438 6.0
32.778385629680564 7.0
33.01906800263627 8.0
33.0611386073133 9.0
33.15286699178546 8.0
33.1736244015038 9.0
33.17478169820422 10.0
33.209953882016556 11.0
33.21693132126071 10.0
33.46582155321471 9.0
33.524966422271376 8.0
33.70878578052874 9.0
33.86195379520223 10.0
33.88010932051689 11.0
33.947714886279506 10.0
33.960898354173864 9.0
34.095883141982625 8.0
34.286370275826165 7.0
34.40488154984861 6.0
34.41713337508348 7.0
34.425273410048135 8.0
34.45694774106939 7.0
34.47682148206631 6.0
34.544378451193154 5.0
34.56942388999416 6.0
34.614331109606034 7.0
34.66067454223773 8.0
34.666804333999586 7.0
34.75166985203373 8.0
34.82453879937591 7.0
35.001665498159795 8.0
35.062835781646044 7.0
35.10880753624112 6.0
35.20164770739899 5.0
35.29823224756313 6.0
35.34449764848922 7.0
35.46002439014287 8.0
35.49425874058269 7.0
35.81657562764488 6.0
35.82442108719015 7.0
35.85497669223865 8.0
35.91193391463411 9.0
36.00723212359961 10.0
36.07998654431678 9.0
36.13708312351279 8.0
36.13844569755834 7.0
36.20871563906006 6.0
36.24776117626787 7.0
36.26984935612581 6.0
36.28941715867095 5.0
36.445367926668446 6.0
36.47002337433711 7.0
36.483617385390446 8.0
36.51006580949141 7.0
36.787580801919674 6.0
36.81236058500492 5.0
36.82968223910369 6.0
36.838885304969494 5.0
36.877073643542765 4.0
36.9628490777725 3.0
37.030012388515324 4.0
37.0747013199307 3.0
37.12265261773985 4.0
37.320013287630594 3.0
37.387203444459885 4.0
37.55493509472444 3.0
37.71766518712372 4.0
37.975562527055004 3.0
38.05791913624364 2.0
38.06760287006578 3.0
38.08901895926267 4.0
38.0989217658337 3.0
38.113416534270264 2.0
38.13541819280417 3.0
38.295053961264685 4.0
38.404521571124135 3.0
38.519314537507974 4.0
38.57544856963865 5.0
38.813291302947874 6.0
38.856005449041206 5.0
38.89854190563259 6.0
38.922901717135716 7.0
39.104784761104995 6.0
39.56403252398448 7.0
39.6033660994727 6.0
39.606262766475474 5.0
39.638885052532046 4.0
39.6440972061534 5.0
39.71446427274814 6.0
39.72220405960003 5.0
39.773813625514656 6.0
40.12013952787868 5.0
40.20523135723455 6.0
40.25855306620913 7.0
40.37853808113846 8.0
40.399506313638405 7.0
40.49911717455779 8.0
40.50491437505884 9.0
40.58731103508057 8.0
40.618810231851796 9.0
40.64092891046981 8.0
40.863036838632944 7.0
40.90823570422249 6.0
41.001942825714906 5.0
41.13490990011345 4.0
41.19603160960187 5.0
41.34064663950877 6.0
41.3415491229098 7.0
41.401960802823446 6.0
41.415713743331885 5.0
41.482618622403926 6.0
41.49011404356917 5.0
41.5155749064939 6.0
41.57455782815604 7.0
41.58508402969747 8.0
41.654817974649916 7.0
41.68398106673231 8.0
41.687654093905444 9.0
41.694157938975415 10.0
41.75120253178498 11.0
41.96237999328267 10.0
42.078844794046596 9.0
42.12457890173526 8.0
42.180812492495235 7.0
42.22257268868651 8.0
42.247448869783945 7.0
42.25506906828554 6.0
42.674859421522385 5.0
42.69432966514599 6.0
42.762204294995044 5.0
42.76620058397318 6.0
42.88231974851893 5.0
42.92615250573225 6.0
43.11489160350371 5.0
43.234775821548006 6.0
43.24503438666927 7.0
43.275373430928006 8.0
43.284336069846155 9.0
43.287968567308134 10.0
43.40325338334291 9.0
43.47506735630895 8.0
43.573160707940694 7.0
43.60945110188484 6.0
43.661170259766976 5.0
43.71754995497831 6.0
43.83334339322284 5.0
43.85511970587999 4.0
43.863625811116286 5.0
44.036919092032804 6.0
44.13074809192428 5.0
44.331257504765325 6.0
44.3750392033727 7.0
44.63896752765921 6.0
44.70666295717514 7.0
44.89206805631826 8.0
44.92709806634191 7.0
45.143044368804496 8.0
45.159383881709076 7.0
45.165290520489464 8.0
45.16843226237834 7.0
45.249320369931056 6.0
45.327467864775116 7.0
45.55506471858829 6.0
45.72805664820773 7.0
45.74762599700498 6.0
45.78237556341871 5.0
46.327656373561354 6.0
46.40290041047367 5.0
46.414646879840355 6.0
46.56556825912047 7.0
46.58431288309397 6.0
46.92673003509869 5.0
47.08590297244892 4.0
47.3610947680624 3.0
47.36812795211881 4.0
47.59922345239037 3.0
47.71803381847431 4.0
47.96346690213259 5.0
48.407647053744206 4.0
48.454732707505926 3.0
48.60467021251089 4.0
48.723615955995406 3.0
48.82227032727584 4.0
48.87898661780957 5.0
48.923140809020275 4.0
48.99074619950698 3.0
49.00766297901703 4.0
49.47796382207203 3.0
49.81300201223328 4.0
50.19260630001179 3.0
50.26861575404476 2.0
50.43556156176062 1.0
50.503197845608014 2.0
50.90809765582796 3.0
51.02640776737201 4.0
51.229077339464354 3.0
51.27178891256342 2.0
51.909822904328905 3.0
51.93953350424709 4.0
51.95158136773878 5.0
51.99824134649933 6.0
52.0638355863411 7.0
52.083973067340885 8.0
52.172888791480396 7.0
52.179584013237104 8.0
52.21263229534628 7.0
52.26199742649094 8.0
52.4145248133822 7.0
52.53037871023091 6.0
52.532130832684736 5.0
52.68875811389878 4.0
52.69173232058319 3.0
52.85442855792189 4.0
52.99321966162708 5.0
53.0485399064708 4.0
53.12109711793099 5.0
53.21536652824431 4.0
53.28408034617547 3.0
53.30170246377593 2.0
53.30646060844617 1.0
53.32560571159131 2.0
53.49754090911641 1.0
54.252346781742716 2.0
54.25359670728089 3.0
54.46198148848028 4.0
54.469659013450126 5.0
54.645338336982945 4.0
54.75086020557724 3.0
55.39764398114246 2.0
55.42805420952808 1.0
55.438499286647165 2.0
55.709591240863084 1.0
55.842185277738544 0.0
55.88724729345227 1.0
56.016490310220824 2.0
56.282824518499226 1.0
56.29873820766884 2.0
57.41663049988407 3.0
57.45718842234761 2.0
57.580234662518414 3.0
57.62805111691405 2.0
57.928267839626415 1.0
57.9797645737036 2.0
57.9891506545431 1.0
58.625993363549775 0.0
58.64453102852378 1.0
58.76513069254607 2.0
58.77393461869864 1.0
59.105002833055785 2.0
59.28830114518835 3.0
59.336923747533774 4.0
59.49911314137549 5.0
59.5104571069715 6.0
59.813264992737636 7.0
59.89621468740151 6.0
60.000902600511616 5.0
60.03577183379656 4.0
60.0468089842152 3.0
60.23774098932901 2.0
60.60660693860951 1.0
60.68668923209903 0.0
61.06934417671285 1.0
61.38181434842586 2.0
61.91448038008921 1.0
61.9584365348305 2.0
62.02075761951433 1.0
62.711809502917674 0.0
63.09185740844649 1.0
63.343098948499396 2.0
63.65331865061115 3.0
63.74175321293481 2.0
63.80107997898787 1.0
63.84044010670046 0.0
63.86939514647704 1.0
64.04255843423263 2.0
64.04324060798238 3.0
64.2071465535617 4.0
64.22243075089018 3.0
64.27389965330089 4.0
64.40806002564152 5.0
64.70620586820078 4.0
64.71426996920212 5.0
64.78906710144088 4.0
64.85262970525402 3.0
64.93264714071131 2.0
65.0865796669773 3.0
65.11179075946728 2.0
65.11625244102771 3.0
65.68145731341684 4.0
65.76676800420493 5.0
65.777529692578 6.0
65.78392240121967 7.0
65.78681431288284 6.0
65.80626180550551 7.0
65.8416381573426 8.0
65.91949550099463 7.0
65.94369767344847 6.0
65.9845178586989 7.0
66.2494505080433 6.0
66.43654576185442 5.0
66.50086919325602 6.0
66.5303783903682 7.0
66.53543191222259 6.0
66.55125272744901 5.0
66.66925224918162 4.0
66.69305829099088 5.0
66.75717575847936 6.0
66.86216398175809 5.0
66.89295152910611 6.0
66.9826621685352 7.0
66.98483883564863 8.0
67.01387139225366 9.0
67.04858053954875 8.0
67.13440711280778 7.0
67.13666523547343 8.0
67.56006617002245 7.0
67.63911659189648 6.0
67.65948671137544 7.0
67.78025494107045 8.0
67.7870042698801 9.0
67.79389597662414 8.0
67.88549692953639 9.0
68.12849896975402 8.0
68.15977757785579 9.0
68.19855962218206 8.0
68.22847867004363 9.0
68.22877221610717 8.0
68.23624945101616 7.0
68.30412305727417 8.0
68.3160050089669 7.0
68.33747236657999 6.0
68.39410391661316 5.0
68.39639899098745 4.0
68.46497414435362 5.0
68.47590519848727 6.0
68.50150210930515 7.0
68.60023019668445 6.0
68.70719747507839 7.0
68.7124744255765 8.0
68.8412139034254 7.0
68.87745574475558 6.0
68.96056746755609 5.0
69.0094970799314 4.0
69.02607832662338 5.0
69.09028615214153 6.0
69.14797550966443 5.0
69.30581986774514 4.0
69.4282011865526 3.0
69.44615698761925 4.0
69.52046585098108 3.0
69.64766281326618 2.0
69.84720834385496 1.0
70.10502520647151 0.0
70.25740442051294 1.0
70.26486794614041 2.0
70.39714213600143 3.0
70.54106463381943 4.0
70.69970159419779 3.0
70.69978708009371 2.0
70.91259469015925 1.0
71.0355888280819 2.0
71.26887346020776 3.0
71.30320629248152 2.0
71.35069049060613 1.0
71.71516530234956 2.0
71.79384992313598 3.0
72.15896989873033 4.0
72.27771301446015 5.0
72.31605754081978 4.0
72.45499529673262 3.0
73.01220171112467 2.0
73.03869606345145 3.0
73.28654096062523 4.0
73.40520530519665 3.0
73.7318461312303 4.0
74.08342841252251 5.0
74.0983303617703 6.0
74.18491664878756 5.0
74.19437275632997 4.0
74.21129263893555 5.0
74.27655765546446 4.0