0.0 0.0
0.02640073946175048 1.0
0.03283200838292643 2.0
0.10459733196488463 3.0
0.14142768480117685 4.0
0.15637661428462715 5.0
0.16989322744734975 6.0
0.17613108092975865 7.0
0.17899057616629604 8.0
0.18537030751552666 9.0
0.18771871391837058 10.0
0.23890875421793323 11.0
0.25755409564792076 10.0
0.2584273835330327 9.0
0.2924360996446238 10.0
0.2956466764087831 9.0
0.2976245955117285 10.0
0.3652602111851056 11.0
0.41166453923470875 12.0
0.4150124470921809 13.0
0.42643612337209835 12.0
0.42686345759096567 11.0
0.4298880030392997 12.0
0.45567059391308495 13.0
0.49571345663078265 14.0
0.5010388890974571 13.0
0.5118917445153872 14.0
0.5248273447341685 15.0
0.5336504722945987 14.0
0.5393239944561774 13.0
0.5400427786266451 12.0
0.560572215845508 13.0
0.5647714801893365 14.0
0.5815162986014729 15.0
0.6026295170791235 14.0
0.6066831313584011 15.0
0.6398116902649271 16.0
0.6854585958858784 17.0
0.7102613740937399 18.0
0.7641965405605633 19.0
0.7742728987235388 18.0
0.7793790270761388 19.0
0.8214900852980733 18.0
0.8767918583630974 19.0
0.8952947871182889 20.0
0.9254144364004568 19.0
0.958016382588336 18.0
0.9649490377310341 17.0
0.9699550005247657 16.0
0.9874349740263153 17.0
0.9899362099300596 16.0
0.9938322995194656 15.0
1.0246659260663247 14.0
1.1321073047329828 15.0
1.1347620751206087 14.0
1.1560802141667732 13.0
1.1635448489201703 14.0
1.2208840959138756 13.0
1.2282591964029095 14.0
1.244043541473547 13.0
1.2910945032778736 12.0
1.2966117405991142 13.0
1.2966589393753392 14.0
1.3179145529643388 15.0
1.35666512185569 16.0
1.3668268684535962 17.0
1.38247070980485 18.0
1.444798641993062 19.0
1.4455307718533164 18.0
1.4470020864647113 19.0
1.451116524135595 20.0
1.462383191285538 21.0
1.4839021050227563 20.0
1.5605544552067137 21.0
1.5684702945869178 22.0
1.596534408638617 21.0
1.6057225764459981 20.0
1.6092789159756444 19.0
1.639314564173247 18.0
1.642013729238594 19.0
1.6643793551318637 18.0
1.705626685729398 17.0
1.778594171158421 18.0
1.7833126156248549 17.0
1.7895186532236795 18.0
1.810190040424223 19.0
1.835273715032605 18.0
1.8774455418672582 19.0
1.9061341050772576 18.0
1.9587128064151862 19.0
1.9874945700888598 20.0
1.9987438566106237 19.0
2.00673970840903 20.0
2.044542174000317 19.0
2.05010674401583 20.0
2.0556564158535666 21.0
2.1269211476082166 22.0
2.1322294696864934 21.0
2.1328581626713157 20.0
2.145271441761577 19.0
2.1714811066028634 18.0
2.2156123844506475 19.0
2.2596002044850994 18.0
2.2729480946039073 19.0
2.2749061914424122 18.0
2.27730227150489 17.0
2.3153366150866783 18.0
2.3370256059371712 19.0
2.340946336053431 20.0
2.343448015145425 21.0
2.348228618617038 20.0
2.35012673615898 21.0
2.3702211766908103 22.0
2.4207675903243318 23.0
2.449266491955168 24.0
2.4723430314189283 23.0
2.53029658443338 24.0
2.547509344664991 25.0
2.5600406661702277 24.0
2.5643922520123743 25.0
2.6055662461126468 24.0
2.616416229669934 23.0
2.622960407444327 22.0
2.6271775337439878 23.0
2.6595898443273467 22.0
2.66182027882327 23.0
2.6915697114964634 24.0
2.69417371607849 23.0
2.7722132281712994 24.0
2.8238205523060933 23.0
2.8297317629911194 24.0
2.86201663085354 23.0
2.8634839441706257 24.0
2.8651577954724377 25.0
2.8703496561148167 26.0
2.9251115685797044 25.0
2.9691350480259686 26.0
2.975517337276991 27.0
3.0120314448519703 26.0
3.074974310829824 27.0
3.090036005800486 26.0
3.096973744207166 27.0
3.1404494528995124 26.0
3.1443084029138144 25.0
3.160277128550114 26.0
3.160841032965019 25.0
3.191581616874353 24.0
3.2321534933237768 25.0
3.2752716623854203 24.0
3.3639611571544052 23.0
3.4011964744994936 24.0
3.4164338167501347 25.0
3.462516461226673 26.0
3.4638746869337615 25.0
3.4906384576699683 24.0
3.535465934400622 25.0
3.5411110769368648 24.0
3.556345769420983 23.0
3.617210624694675 24.0
3.6352751674484525 23.0
3.6385550095914447 22.0
3.7162047988059754 21.0
3.7293538946665485 22.0
3.7873926432063088 23.0
3.7945079298714086 22.0
3.8142264525931933 23.0
3.8418283731316145 24.0
3.8643473504092123 25.0
3.8677232376291917 26.0
3.9328038273912727 25.0
4.013493884911185 26.0
4.0555766646584805 27.0
4.059210489821394 26.0
4.113552375622982 25.0
4.17436234607805 26.0
4.210297268491924 25.0
4.219659885392694 26.0
4.260870183760341 27.0
4.315091125289761 26.0
4.373546250321116 27.0
4.385439141204359 28.0
4.411138829227547 29.0
4.42388724779157 28.0
4.4425780521518945 29.0
4.539943086986133 28.0
4.544119375301791 27.0
4.557049353314791 26.0
4.563511239580937 25.0
4.642972919621783 24.0
4.6570347778566985 25.0
4.6596228289083355 26.0
4.662852951530729 25.0
4.6639745603944025 26.0
4.693827321204757 25.0
4.72527037697985 26.0
4.764066837767134 25.0
4.777715452921605 26.0
4.9008879970663095 25.0
4.9059734048820465 26.0
4.91575100294597 27.0
4.990947901920259 28.0
5.02121271244732 27.0
5.022732780515458 26.0
5.030117285182505 25.0
5.034523664296613 26.0
5.169912253652949 25.0
5.210303941949851 24.0
5.250780325394758 23.0
5.254444454720679 22.0
5.305194637056829 23.0
5.307963757559414 22.0
5.36301595091469 23.0
5.410322715452231 22.0
5.427786519075096 21.0
5.446711114918508 22.0
5.447759239448956 21.0
5.488909250308096 20.0
5.492884124322332 19.0
5.55653995915509 18.0
5.6158156633653995 19.0
5.682992634102664 20.0
5.707989851978125 19.0
5.742297042336604 18.0
5.813513860617544 19.0
5.81399555996086 18.0
5.859484605088655 17.0
5.869355245446955 18.0
5.925639002158217 17.0
5.932173382725593 18.0
6.009032207039705 19.0
6.024936860395995 20.0
6.053753893205153 19.0
6.0630522557099455 20.0
6.10061724293952 19.0
6.179683844872799 20.0
6.233856867858696 21.0
6.276344602235987 22.0
6.27832252059706 21.0
6.284086129189076 22.0
6.298695407245 23.0
6.312725103154598 24.0
6.37054536994047 23.0
6.39489894003562 24.0
6.407936221590865 23.0
6.440469982676553 24.0
6.487639770451701 25.0
6.504000854363976 24.0
6.524373529532159 25.0
6.550619831007924 26.0
6.594247857212034 25.0
6.5980899960216846 24.0
6.599050867670401 23.0
6.601026672535543 22.0
6.626408618388246 21.0
6.689554026623363 22.0
6.69710796290639 23.0
6.716256902727286 22.0
6.747153816047204 21.0
6.747583271723323 20.0
6.761245961701929 21.0
6.770525571527881 22.0
6.79841816230686 23.0
6.812242175142457 24.0
6.882528220025131 23.0
6.912795538236412 24.0
6.91458107724476 23.0
6.919375809089141 24.0
6.984101534872861 23.0
6.985762787146531 22.0
6.98595747828079 23.0
7.019675333927725 22.0
7.107406988318693 21.0
7.118717223146225 20.0
7.134476978388366 19.0
7.143328213105932 18.0
7.167289751564954 17.0
7.282293409251198 18.0
7.454814450396462 17.0
7.516446790930076 16.0
7.51838601990563 15.0
7.5981086022646736 16.0
7.697556150459513 17.0
7.7561919721554915 16.0
7.77440372644193 15.0
7.84874927160321 16.0
7.917983861612689 17.0
7.963915132495438 18.0
7.985714239376493 19.0
8.001642689751712 18.0
8.057995369716933 19.0
8.08815148752593 18.0
8.18005594230162 19.0
8.204507890541342 20.0
8.262345707104824 21.0
8.292111088677078 22.0
8.293982911048074 21.0
8.310284887498797 20.0
8.318490306115855 19.0
8.331565017931732 18.0
8.332912370734348 17.0
8.341573726657801 16.0
8.344183442234568 15.0
8.480854158678328 14.0
8.570871494591888 15.0
8.59031467250462 14.0
8.66525743683746 15.0
8.675544811234044 16.0
8.821583148994488 15.0
8.90133099232989 14.0
8.938261504366716 15.0
8.95251347437293 14.0
8.979828653951117 15.0
9.046851752313934 14.0
9.08765204767618 13.0
9.295309180797071 14.0
9.305321404479972 13.0
9.36340018547695 12.0
9.418368292838482 13.0
9.500803398344646 12.0
9.50411255926503 11.0
9.551188082514926 10.0
9.559540555550164 9.0
9.560528236606864 10.0
9.629115778478138 9.0
9.680905305462511 8.0
9.843310637250074 7.0
9.91359178400048 8.0
9.988079928792118 9.0
9.992153522266586 10.0
10.006628558424305 9.0
10.045541787011476 8.0
10.100759298157532 9.0
10.100897286852728 8.0
10.212614370272734 7.0
10.289279765029884 6.0
10.416952720233715 5.0
10.543659189226098 6.0
10.57727006535922 5.0
10.59393748138375 6.0
10.742891197653458 7.0
10.877209740050988 8.0
11.04091225057771 7.0
11.100635675404725 6.0
11.29084249828618 7.0
11.31429099251789 6.0
11.394128706182489 5.0
11.440416331255198 6.0
11.687131216631407 5.0
11.691474440031305 6.0
11.89988482870704 7.0
11.946887837943127 6.0
12.025411957540491 7.0
12.043934530963595 6.0
12.186440794051094 5.0
12.219540388389023 4.0
12.622186758274346 5.0
12.639351854340758 4.0
12.759634458757617 3.0
12.857673125073898 4.0
12.92563985871981 3.0
12.93756538432208 4.0
13.01796566433865 5.0
13.07306713473592 4.0
13.193676887587314 5.0
13.228727810803095 6.0
13.32969980171678 5.0
13.595286787341275 4.0
13.847002454289836 3.0
13.92404971403129 4.0
14.030464586095553 3.0
14.201354229911837 4.0
14.237788222397871 5.0
14.26194529255223 4.0
14.30124326444216 5.0
14.554492396258055 4.0
14.926943735782379 5.0
15.079557795646357 4.0
15.205464940304708 3.0
15.348048722216632 2.0
15.437260949758407 3.0
15.494137081824775 2.0
15.520688792405577 3.0
15.569045236540974 4.0
15.602560484258833 5.0
15.641114523890343 4.0
15.889987080281466 5.0
15.931750984245308 4.0
16.038697641377347 3.0
16.205633743719293 4.0
16.22139016198603 3.0
16.257609586009902 4.0
16.536475478925837 5.0
16.752405828563912 4.0
17.023037550659488 3.0
17.12126263799798 4.0
17.143524543829074 3.0
17.171117381458853 2.0
17.273647536333197 1.0
17.76381210143316 2.0
17.902825084045944 3.0
17.932154438770077 4.0
17.933145769215045 5.0
18.22628564864362 4.0
18.560319651006395 3.0
18.745501457791505 4.0
19.037927686094317 3.0
19.03912490682587 2.0
19.2185346586041 3.0
19.334667204103923 4.0
19.393459616441326 3.0
19.413683706454496 4.0
19.570911583414393 5.0
19.926454907997083 4.0
20.019844413109944 3.0
20.211546748133266 4.0
20.25182162135942 3.0
20.670669104336024 2.0
20.82753661026148 3.0
21.045084527755655 2.0
21.104842896196384 3.0
21.191274982347547 2.0
21.380435027509456 1.0
21.794673675697812 2.0
21.919184313148662 1.0
21.9811559265746 0.0
22.09528302792004 1.0
22.272284896909884 2.0
22.60140944837276 3.0
22.775879644603354 4.0
23.09644629138866 3.0
23.153745137977527 4.0
23.34364136596273 5.0
23.39440113923992 6.0
23.429170827008768 7.0
23.502910381013976 8.0
23.544124987593673 9.0
23.62449514352583 8.0
23.67692832863864 9.0
23.76297438699393 8.0
23.776919664036015 9.0
23.786171629668686 8.0
24.015683714639536 9.0
24.199874031768807 8.0
24.325627433186067 9.0
24.434227311144006 8.0
24.478767797103348 7.0
24.48782781165834 8.0
24.532001922858647 9.0
24.65093724614095 8.0
24.65968252796581 9.0
24.682556511102938 10.0
24.685874168370955 11.0
24.690828430828073 10.0
24.829262445446346 9.0
24.859844865613784 8.0
24.869031995130445 7.0
24.889130640169135 6.0
24.905450493392273 5.0
25.034123320093425 6.0
25.12099292988012 7.0
25.127869072231952 6.0
25.19749602988735 5.0
25.239904045775692 6.0
25.267667179834543 7.0
25.404362070962097 6.0
25.498745445976734 7.0
25.598494871233008 8.0
25.628687170128686 9.0
25.657353691795464 10.0
25.711068124089152 9.0
25.858082986604423 10.0
25.9496885052847 11.0
25.99843494569105 10.0
26.013950973933316 9.0
26.066629304227703 8.0
26.22575550559319 9.0
26.32913353261395 10.0
26.450796714708453 9.0
26.471256296301462 8.0
26.495506447135707 9.0
26.547297152829277 10.0
26.5665319305702 9.0
26.703015768076998 8.0
26.786087038508022 9.0
26.969717894335744 10.0
26.973232213160934 11.0
27.00601923468255 10.0
27.039413497377407 11.0
27.1296236176764 10.0
27.156725680085824 9.0
27.17258955543581 8.0
27.173628847834276 7.0
27.177621924994067 6.0
27.245191258397455 7.0
27.315333376088365 6.0
27.32003127677129 7.0
27.44890347289235 6.0
27.49852169665568 5.0
27.70786719655062 4.0
27.73480220079535 5.0
27.813807556144944 6.0
27.982857073525818 7.0
28.044141622571807 6.0
28.1464968114998 5.0
28.281300203293082 6.0
28.318566649644122 5.0
28.529936191489725 4.0
28.658039401318113 3.0
28.84455283791101 2.0
28.930557001583743 3.0
29.088573734121912 2.0
29.172199722898682 3.0
29.515157275603578 4.0
29.60928123392539 5.0
29.62432036357989 4.0
29.78154638170315 3.0
29.88033823349852 4.0
30.079828684986094 5.0
30.1365773048998 4.0
30.14673921613241 5.0
30.27718832136445 4.0
30.662471039554394 5.0
30.72957107959158 4.0
30.91721571823038 5.0
30.98424596341989 4.0
31.238310841163415 3.0
31.363421809402144 4.0
31.522977409899532 5.0
31.622907574264577 6.0
31.627408911726597 7.0
31.703808556598766 8.0
31.745739685190177 9.0
31.923568228245927 10.0
31.999739795852072 9.0
32.02987180665818 10.0
32.038673792424 9.0
32.06381320077052 10.0
32.064451606421876 9.0
32.09170762659221 8.0
32.71002172429754 9.0
32.96383889392506 8.0
33.08823202619428 7.0
33.20233252456158 6.0
33.28309739782387 5.0
33.539862581086325 4.0
33.58106975240725 5.0
33.6106094474622 6.0
33.80211245298211 5.0
33.80808081179758 6.0
33.86739527409664 7.0
33.96804999752023 8.0
34.217187775329315 7.0
34.2281644458952 6.0
34.23712273461089 7.0
34.256414369674566 8.0
34.27931996308613 7.0
34.344529395207964 8.0
34.36393154959048 7.0
34.37041793842012 8.0
34.424363169130395 9.0
34.468368617966824 8.0
34.49327424570265 9.0
34.809547133975805 10.0
35.027415291474014 11.0
35.061751077753534 10.0
35.12453755456379 9.0
35.13906068655119 8.0
35.158588763759305 7.0
35.21339218419352 6.0
35.239294486829 7.0
35.29544392951326 8.0
35.32556183521155 7.0
35.33712376969719 8.0
35.447994547929795 9.0
35.53978016705931 10.0
35.5432694032454 9.0
35.57447758456611 10.0
35.59160782604647 9.0
35.687718171807106 10.0
35.69869567806926 9.0
35.77040417218786 8.0
35.77525239533393 9.0
35.85265519474228 10.0
35.88696985922715 9.0
35.93367963012227 10.0
35.9678032975461 11.0
36.05998635184859 12.0
36.087247900749304 11.0
36.12240402523267 10.0
36.184299194873034 9.0
36.342277533967284 8.0
36.38775837656989 7.0
36.6221000067166 6.0
36.71936814398907 5.0
36.86703991451758 4.0
36.96984125563582 5.0
37.08451389821549 6.0
37.15313459277135 7.0
37.203711589672125 6.0
37.367016227902305 5.0
37.66090998974967 4.0
37.69358877288476 5.0
37.70987200455152 4.0
37.84489390465902 5.0
38.06835719347544 4.0
38.20179686552053 5.0
38.29222094265443 4.0
38.5297237131842 3.0
38.73967350674854 4.0
38.83187128914536 3.0
38.864367796546105 4.0
38.90990724914236 5.0
39.03710285848123 4.0
39.094588244906056 5.0
39.19964735168857 4.0
39.307100155962026 5.0
39.33641412732589 4.0
39.37199328280706 3.0
39.52219379671007 2.0
39.716575971989364 1.0
39.79931826246982 2.0
39.89057870310786 3.0
40.00300120547827 2.0
40.011611699865675 1.0
40.0538078449265 2.0
40.25824042515678 3.0
40.266508386995575 4.0
40.399991891771826 3.0
40.49532427633225 4.0
40.56099587823974 5.0
40.5892532929306 4.0
40.632030866894645 5.0
40.79558049562701 4.0
40.82743457956575 3.0
40.851191162884 4.0
40.95685398018364 5.0
41.06392352187877 6.0
41.12392586165168 5.0
41.193628265336386 6.0
41.50267074182728 7.0
41.616329068464744 6.0
41.749511664201194 5.0
41.946053381303216 6.0
42.074810552466914 7.0
42.18332347346418 6.0
42.42109552033561 7.0
42.58884436828382 6.0
42.620052805893245 5.0
42.6369323272548 4.0
42.730505986425314 5.0
42.98652650652216 6.0
43.020695620916165 5.0
43.061186818558895 6.0
43.125541762188504 5.0
43.150985573578495 6.0
43.308302447685435 7.0
43.30991509365706 8.0
43.408776976282965 7.0
43.45582037557678 6.0
43.56894064188826 5.0
43.569367143459196 4.0
43.58997092825089 3.0
43.60417640089618 2.0
43.76574392150294 3.0
43.79793741454248 2.0
43.89771555516962 3.0
43.93050342225677 4.0
43.93361931376537 5.0
43.954403916545516 6.0
44.131230475310346 7.0
44.2057243281962 6.0
44.24461744577479 5.0
44.24611432039139 6.0
44.32572403361778 5.0
44.36430005383122 6.0
44.52738280114958 7.0
44.767781431372086 8.0
44.79625340077356 7.0
44.808400136289286 6.0
44.91368655234478 5.0
45.04931083208014 6.0
45.19650487668378 7.0
45.257139847256 6.0
45.33663004212543 5.0
45.37706441441935 4.0
45.52360240841148 5.0
45.54024592266297 4.0
45.5711559607825 3.0
45.600525750867924 4.0
45.69228024577769 5.0
45.77227003551847 6.0
45.9291138478672 7.0
45.96277912833976 6.0
46.09092118998802 7.0
46.12288872906618 8.0
46.191222299000415 9.0
46.19563960822339 8.0
46.2413198631069 9.0
46.26214631115661 8.0
46.29251219533854 7.0
46.30773755281004 6.0
46.34520779818627 7.0
46.389801090432 8.0
46.3929881465229 7.0
46.43897664340906 6.0
46.444362285734876 5.0
46.64804157214781 6.0
46.76285105396894 5.0
46.87227075866815 4.0
47.13226753120985 5.0
47.165562903182085 6.0
47.252865918716786 5.0
47.475446782059876 4.0
47.6747372200641 5.0
47.81996023958432 6.0
47.84408406146816 5.0
48.1841926831122 6.0
48.237015400768286 7.0
48.254592708542205 6.0
48.43904696159463 7.0
48.478180713444424 6.0
48.48851460534956 5.0
48.642299468378106 4.0
48.70367685246766 3.0
49.06756164951408 4.0
49.40776659911122 3.0
49.434763731029044 4.0
49.59603121829062 5.0
49.74689464698174 4.0
50.26875513092716 3.0
50.36678977026306 4.0
50.36722456874687 3.0
50.407980280382105 4.0
50.66586733286619 5.0
50.679078029724025 4.0
50.876304241752955 3.0
51.157527670654396 4.0
51.169726505206796 5.0
51.19826504433244 6.0
51.24184680297417 5.0
51.4374232372581 4.0
51.45487094825147 5.0
51.48540453118575 4.0
51.75756246911542 3.0
51.876650058771766 4.0
51.967151215550366 3.0
52.087787846884346 4.0
52.09109718688513 5.0
52.14123375911331 4.0
52.20586068582423 3.0
52.50304346401493 2.0
52.63073967774609 3.0
52.737239336361554 2.0
52.765121369165165 3.0
52.97467117271587 4.0
53.14502620005156 5.0
53.4172871774071 4.0
53.43921887786571 5.0
53.511267325793135 6.0
53.53974978760119 5.0
53.54957777130734 6.0
53.821073050827664 7.0
53.85520196142851 6.0
53.96918211380295 5.0
54.096566657174776 6.0
54.31286246775519 7.0
54.60296744841194 8.0
54.619502348925444 9.0
54.764982787894105 8.0
54.84556831241948 7.0
54.8594522149773 6.0
54.870359880685264 7.0
54.876882322925645 8.0
54.99842876287878 9.0
55.13744588417057 10.0
55.28150217796822 9.0
55.295436875730275 8.0
55.320561849393414 7.0
55.34671539499975 6.0
55.3469166039481 7.0
55.367217038630464 8.0
55.52306054697775 7.0
55.55704086921959 8.0
55.6312296895586 9.0
55.6788513516672 10.0
55.71055786267969 9.0
55.9251368760147 8.0
55.97383765770374 9.0
56.03226877721963 8.0
56.126772535440566 9.0
56.14172249968533 10.0
56.19612883431642 9.0
56.27344986128323 8.0
56.42492297330409 9.0
56.46373547413418 8.0
56.483387758229945 7.0
56.665266379146196 8.0
56.694444274205686 9.0
56.82336025384664 8.0
56.86825061022511 7.0
57.18563943927779 8.0
57.24682504925596 7.0
57.464696889963946 6.0
57.491095853378575 5.0
57.61095996254288 4.0
57.73563053969407 3.0
57.7357966414829 4.0
57.97388335584576 5.0
58.00105891607041 4.0
58.06104245955869 3.0
58.14930868436257 4.0
58.15937889650838 5.0
58.310278907900155 4.0
58.42226917461501 5.0
58.45434245185579 4.0
58.487486770207624 5.0
58.55650226028682 6.0
58.628918186086636 5.0
58.64238361353458 4.0
58.64863081909273 3.0
58.761974432063234 2.0
58.791777786473176 1.0
58.83125811897698 2.0
59.17003850425303 3.0
59.47145780314338 4.0
59.58197334544844 5.0
59.59731616156314 4.0
59.61531355574192 5.0
59.65482663094391 6.0
59.676098232266796 7.0
59.733678310140164 8.0
59.768663596782694 9.0
59.786730372207785 8.0
59.829889136853 7.0
59.93225357190551 6.0
60.36783194472143 5.0
60.41414418720444 4.0
60.542398073361795 5.0
60.556707494960605 4.0
60.61519522548786 5.0
60.63805195566234 6.0
60.68822597692197 5.0
60.69869924136279 4.0
60.71680860970126 3.0
60.78479086200185 4.0
60.84122597723015 5.0
60.93067534235365 4.0
61.03614930153395 3.0
61.05229158084645 2.0
61.26671196809727 3.0
61.30398592930578 2.0
61.58846995610085 1.0
61.89051406702912 2.0
62.18685124471554 3.0
62.282651240588464 4.0
62.467583579194255 5.0
62.88165112433863 4.0
63.066202612343965 5.0
63.08015994193772 6.0
63.08600735525389 7.0
63.14567617266416 6.0
63.406541917040556 5.0
63.70509937377115 6.0
63.714891883105714 7.0
63.75467642008574 6.0
63.81567189594276 7.0
63.94084354197225 8.0
63.975943858272586 9.0
63.9890240656098 8.0
64.06923747183474 7.0
64.15353104113845 6.0
64.26277322782065 7.0
64.33603336427954 8.0
64.37965444005192 7.0
64.38199409903572 6.0
64.5978838107896 5.0
64.60166510775176 4.0
64.6678621678928 5.0
64.82076338669347 6.0
64.84060419505015 7.0
64.87980453101653 6.0
64.92515320880506 5.0
65.11413645130615 4.0
65.13627606675092 3.0
65.19721227226661 2.0
65.26977116009856 1.0
65.30626814278136 2.0
65.4316662797267 1.0
65.69146774907396 2.0
65.72897088596885 3.0
65.83545155917106 4.0
65.8670411614008 5.0
65.87095987637728 6.0
66.18171406385582 7.0
66.20110973243504 6.0
66.25361479059633 7.0
66.31617996139347 8.0
66.39747690832338 9.0
66.41606815917359 8.0
66.42309864430354 7.0
66.47101708625237 6.0
66.80540526589589 7.0
66.82036623031627 6.0
67.13348437128376 5.0
67.20571309924344 6.0
67.28816340177386 7.0
67.30371097074254 8.0
67.39163291603572 7.0
67.42078775264434 6.0
67.48457036503001 7.0
67.49108218768424 8.0
67.58453344703636 7.0
67.5949019637503 8.0
67.64398932101685 7.0
67.64652112843143 8.0
67.75752125790426 7.0
67.94018782951441 8.0
67.99280307861659 9.0
68.07047826592202 8.0
68.087040657363 7.0
68.14677215220286 8.0
68.33510341983933 7.0
68.39819535627562 6.0
68.49379034249118 5.0
68.50545692679704 6.0
68.61805019590838 7.0
68.63341068810927 6.0
68.6482263988133 7.0
68.686450245632 8.0
68.70847679009559 7.0
68.7292873462269 8.0
68.82153570708039 7.0
68.97364160730324 8.0
68.98676946570644 9.0
69.01245228574226 8.0
69.03590603773269 7.0
69.0512642379568 8.0
69.15583260951033 9.0
69.21582746032618 8.0
69.26621763424465 7.0
69.28387449248136 8.0
69.43591038950078 9.0
69.46289721516759 10.0
69.470639391848 11.0
69.5583087483702 12.0
69.57740918780719 11.0
69.62616397402623 12.0
69.62831552442093 11.0
69.65887772707703 10.0
69.67643626515927 9.0
69.71716496823254 10.0
69.7741872441529 11.0
69.77909763352963 10.0
69.78956539405117 11.0
69.842235478033 10.0
69.94964976673134 9.0
70.16666010691095 10.0
70.21395773383597 9.0
70.25843687781693 8.0
70.3040825661839 9.0
70.3914147529295 10.0
70.3972869027809 11.0
70.42785335664105 10.0
70.43078982828045 9.0
70.63261365251832 10.0
70.64166377525618 9.0
70.7178808651979 8.0
70.73110190301803 7.0
70.74352747938927 6.0
70.7758181206098 5.0
70.92737405262496 6.0
71.10974545311814 5.0
71.20133729289408 6.0
71.23241150922935 5.0
71.67827536966718 6.0
71.79720358367467 5.0
71.83919751522026 4.0
72.07703772459446 3.0
72.16383875713802 4.0
72.17272831323824 5.0
72.21711591974845 4.0
72.39392420695599 3.0
72.46360639741445 4.0
72.4681878465069 5.0
72.56525648319203 6.0
72.60092779138401 5.0
72.89346451812894 6.0
73.00832719919035 5.0
73.02629826554438 4.0
73.11174614817403 3.0
73.21506292027256 4.0
73.28174861643488 5.0
73.40841136245521 6.0
73.43598237501784 5.0
73.4537113625485 6.0
73.56709556853292 7.0
73.64424578548646 8.0
73.68927087050743 9.0
73.72734688137515 10.0
73.88956047616794 9.0
74.01033906158432 8.0