0.0 0.0
0.01179446832570073 1.0
0.03302969315183718 2.0
0.053901767569641004 3.0
0.09325140728263975 4.0
0.14927052729167012 5.0
0.3025041381250126 6.0
0.31443552699417254 7.0
0.3337139927838579 8.0
0.3743560133544054 9.0
0.4197577187300567 10.0
0.4275806896505285 11.0
0.43563991205069785 12.0
0.4614888005957667 13.0
0.48356545551395963 14.0
0.5350476368537225 13.0
0.5574770908382717 14.0
0.6091666206255012 15.0
0.6096764647288502 14.0
0.636961472443178 13.0
0.6509132001007585 12.0
0.6904307273840387 11.0
0.7250079972628292 10.0
0.7752103362837989 11.0
0.7789902483692569 10.0
0.8054619409275579 9.0
0.8532160247070727 10.0
0.874585449957845 9.0
0.9390106742983405 10.0
0.9537364392548736 11.0
0.9873128817404941 12.0
1.0421413723997783 13.0
1.1505904151274418 12.0
1.1752352191877096 13.0
1.1993715648270837 14.0
1.2046144229823295 13.0
1.2229166933023532 14.0
1.2900809556276058 15.0
1.320882908666439 16.0
1.3335180429205256 17.0
1.3559920196075452 16.0
1.377086130612588 17.0
1.3806471602726564 18.0
1.4213954023631779 17.0
1.4347566287167628 16.0
1.4970474485813452 17.0
1.5045734542126203 16.0
1.534512674047693 17.0
1.5371185557989264 16.0
1.5616368588810436 17.0
1.5743877716125845 18.0
1.627217224699533 19.0
1.6725044388929085 20.0
1.6761998322048695 21.0
1.69001209134379 22.0
1.6913937698085855 21.0
1.7005278745728056 20.0
1.7191647944272777 19.0
1.8012743235349091 20.0
1.8174373047791819 21.0
1.8960668765730775 20.0
2.0301146886784536 21.0
2.0420637106517012 20.0
2.093433638526697 19.0
2.122004386249723 20.0
2.1415439070778124 21.0
2.218943321052887 22.0
2.237207610442129 21.0
2.2405670066158567 20.0
2.2528630064346684 19.0
2.2690568745062794 18.0
2.271977455628662 19.0
2.346663086793249 18.0
2.3552947527156256 17.0
2.432659550039792 18.0
2.4450119028533375 17.0
2.4621912648380557 18.0
2.5274822051271073 17.0
2.608775432880948 16.0
2.637658671904119 15.0
2.6712702364338314 14.0
2.6931245355249214 13.0
2.7220700214964295 14.0
2.7601102308655268 15.0
2.8867072695614384 16.0
2.926576555763587 17.0
2.9561418171283718 18.0
2.958100305956669 17.0
2.9983268978821145 16.0
3.0139220491299032 15.0
3.0271132358809654 14.0
3.0623636979197273 13.0
3.1040544718680287 14.0
3.1444231167438113 15.0
3.1555938588708154 16.0
3.1605715109435515 15.0
3.313728285887253 14.0
3.4712776626250186 15.0
3.4757482805120374 16.0
3.512552674350506 17.0
3.5700970489664443 16.0
3.5717903509906153 17.0
3.5834011993672603 18.0
3.611930363406385 19.0
3.638555757259352 18.0
3.666602117557647 17.0
3.6910119086674618 16.0
3.7308918989582005 17.0
3.734070259990386 16.0
3.737025191091681 17.0
3.8142717801309316 16.0
4.042262326585395 17.0
4.087231150807809 16.0
4.09486505662736 15.0
4.120189478761864 14.0
4.178436698256187 13.0
4.187805007628891 14.0
4.240082253782908 13.0
4.253499424195107 14.0
4.261104260161962 13.0
4.296969902750283 12.0
4.301457508486486 13.0
4.307840062602833 12.0
4.332921513263912 13.0
4.34747657072705 14.0
4.396238824202443 13.0
4.404954697280145 14.0
4.485700595665551 15.0
4.507351635816005 14.0
4.510216230457184 13.0
4.561131126222543 14.0
4.566170131220989 13.0
4.715685559683698 14.0
4.723065198771312 13.0
4.743451221902817 14.0
4.769373672008427 13.0
4.817219256084921 14.0
4.819599751859281 13.0
4.843140644289773 14.0
4.849278125814811 13.0
4.863535098302567 14.0
4.942561392792542 15.0
4.951558510820949 16.0
4.979542933231237 17.0
5.044315525696519 16.0
5.074863460729646 17.0
5.077845841123465 18.0
5.104857734539095 19.0
5.136942433104867 18.0
5.147530801076503 17.0
5.213483199409146 16.0
5.243116360616112 15.0
5.255966005569618 14.0
5.334575432906921 13.0
5.4064756773386655 12.0
5.4665868840886755 13.0
5.517244444722488 14.0
5.55483837997963 15.0
5.589069835225115 16.0
5.59494605100402 17.0
5.611776463636815 18.0
5.616472231196733 17.0
5.64479428192915 16.0
5.676711497795799 17.0
5.719077170039869 18.0
5.746578792153606 17.0
5.757842814236419 16.0
5.770218799226684 15.0
5.7864945864694395 14.0
5.792866145467452 15.0
5.826585388990471 16.0
5.849360115582975 15.0
5.86333308660267 16.0
5.863733095081911 15.0
5.934617153076913 14.0
5.977637192996669 15.0
5.987541114574086 16.0
5.999692342738273 15.0
6.0226265243233215 16.0
6.040251041241427 17.0
6.053554579488335 18.0
6.059039780681505 19.0
6.129939987911837 20.0
6.1679805260233 21.0
6.170687613325146 20.0
6.253615551645984 21.0
6.258687584200896 20.0
6.290688272048587 19.0
6.349425146252604 18.0
6.385874421424083 19.0
6.48270969101469 20.0
6.544850539825273 21.0
6.58549796928579 20.0
6.645542131490549 21.0
6.683862637917346 22.0
6.75099371523043 23.0
6.792460331328776 22.0
6.8102697751163666 21.0
6.868184024618224 20.0
6.890610156103372 21.0
6.893960131811121 22.0
6.928280919913107 21.0
6.932083508675676 20.0
6.948298968692293 21.0
7.014254294404258 20.0
7.029474291224603 21.0
7.091994867265935 20.0
7.131167132806064 19.0
7.14273591360923 18.0
7.182754773033216 17.0
7.196862321303186 16.0
7.292609974583918 15.0
7.426995530122856 14.0
7.434575777129079 13.0
7.478179980057234 14.0
7.4786704345568955 15.0
7.517739382571113 16.0
7.523714392343365 15.0
7.5320047550988125 14.0
7.582900278698455 13.0
7.604791696830043 14.0
7.623639781557872 13.0
7.681250417219222 14.0
7.692790127615839 13.0
7.777153669755669 14.0
7.825354404138947 15.0
7.880545672834037 14.0
7.909893587127658 13.0
7.947726330710214 14.0
7.954017167223931 13.0
7.997764447315116 14.0
8.019453540648719 15.0
8.042141902881683 16.0
8.053798066131792 15.0
8.103426669612602 14.0
8.116625306606043 13.0
8.131108790150337 12.0
8.159457753820014 11.0
8.175793984269333 12.0
8.258104640558152 13.0
8.28021734167078 14.0
8.289683654882948 13.0
8.370940178671928 14.0
8.382485522462364 13.0
8.417413436165953 14.0
8.44878301524297 13.0
8.467171056018874 14.0
8.537567249776696 13.0
8.54739266432888 12.0
8.776639791253574 11.0
8.883102839846234 12.0
8.928325421938506 13.0
9.006603403627183 14.0
9.052360798927836 13.0
9.055109892879608 14.0
9.161679555606167 13.0
9.17660651705632 12.0
9.34148089684564 13.0
9.35303775564048 12.0
9.402744838316337 13.0
9.412318280985264 14.0
9.541376245883125 13.0
9.562837138176594 14.0
9.569004302918836 15.0
9.572150459170883 16.0
9.615478896862571 15.0
9.61620977966613 14.0
9.618831968778279 15.0
9.619422050603019 14.0
9.657085558543908 13.0
9.658574874126481 14.0
9.712296964234342 15.0
9.750432896542298 16.0
9.767137235481476 17.0
9.775094001069611 16.0
9.837298014685352 15.0
9.912644054933585 16.0
9.94412512870685 17.0
10.037528276570752 18.0
10.084270615218502 17.0
10.120627645482715 16.0
10.1919933714192 15.0
10.192508198180157 16.0
10.193448553088317 15.0
10.239477477349407 14.0
10.241879186476288 15.0
10.247358103765233 14.0
10.249572857547335 13.0
10.25752106611718 12.0
10.362462258779134 11.0
10.378646731596278 12.0
10.410238302582803 11.0
10.427728655177205 10.0
10.447920206833045 9.0
10.476813285704408 10.0
10.52490085364591 11.0
10.585489055773737 10.0
10.644535787412485 11.0
10.66023761638082 12.0
10.685255380298978 13.0
10.692850863127497 14.0
10.751239676089979 15.0
10.752093265781093 16.0
10.761413274551279 17.0
10.769760072868277 16.0
10.965917959819528 15.0
10.973023405987876 16.0
11.046566898167942 15.0
11.05321014061022 14.0
11.06117516332775 13.0
11.076016813280264 14.0
11.083206852816964 13.0
11.10537508107282 14.0
11.168007970140343 13.0
11.170578586376445 12.0
11.177341615423574 13.0
11.18094933517953 14.0
11.200668776196222 15.0
11.299735379141577 14.0
11.310608321380997 15.0
11.370642986912014 14.0
11.423607805840591 15.0
11.43195645990616 14.0
11.520039722989518 13.0
11.53193038960642 14.0
11.534156575439333 13.0
11.564668410321339 12.0
11.564859086038757 13.0
11.619189683804613 14.0
11.644692163876545 13.0
11.648332218868264 14.0
11.807573410523178 15.0
11.81604877290404 14.0
11.894752673694118 15.0
11.899505548186326 16.0
11.925922373303829 17.0
11.933947333310385 16.0
11.945185980894667 15.0
12.016787682356314 16.0
12.030265614248057 15.0
12.103521246039243 16.0
12.174063899081974 17.0
12.248225342320191 16.0
12.270013691167835 17.0
12.281782220735158 16.0
12.297369157247305 17.0
12.367286931913535 18.0
12.36834506533963 17.0
12.484821441828165 18.0
12.533248747582244 17.0
12.540285912210102 18.0
12.549546451691405 19.0
12.594801299196899 18.0
12.60136305231044 17.0
12.610911097230959 18.0
12.613941021494027 17.0
12.661226666067943 16.0
12.675521352007117 17.0
12.70082322211616 16.0
12.726276798575773 15.0
12.777188001278379 14.0
12.800999275255878 15.0
12.897096588727026 16.0
12.914551045357523 17.0
12.96802650132029 16.0
12.974400504796169 15.0
13.119284107654996 16.0
13.165449734048654 17.0
13.188243738164303 16.0
13.193200987213604 15.0
13.218282472921878 14.0
13.230250562402261 15.0
13.249716970714733 16.0
13.250373668203093 15.0
13.257753867804198 16.0
13.260066105730175 15.0
13.317443436261783 16.0
13.409341740469136 15.0
13.427172331623071 16.0
13.469041626806977 15.0
13.471495868131267 14.0
13.521080609445981 15.0
13.546665679400224 16.0
13.56595898890456 15.0
13.64242809365421 14.0
13.64468863205956 15.0
13.648955735140836 14.0
13.670826391662269 13.0
13.67690607716072 14.0
13.773226494501294 15.0
13.822320310294648 16.0
13.872784834325834 17.0
13.879712016287913 18.0
13.924353765165977 19.0
13.986322260666903 18.0
14.006836295526266 17.0
14.00830542407006 16.0
14.128649658085125 17.0
14.140231622582826 16.0
14.168792842575787 17.0
14.24014880580683 16.0
14.242716838572466 15.0
14.294440433879748 16.0
14.351245321634392 17.0
14.3774715523803 16.0
14.452908373940865 15.0
14.475758542978658 16.0
14.503760587715284 17.0
14.60948781841461 16.0
14.652681119656469 17.0
14.65823989295268 16.0
14.829453333136373 17.0
14.838835976514563 16.0
14.865297434389536 15.0
14.901649159256701 14.0
14.93825870698039 13.0
14.997283421832826 14.0
15.003713742693012 13.0
15.165248476899377 12.0
15.167893012888955 11.0
15.22872923550864 12.0
15.269098972943295 13.0
15.280369430977812 12.0
15.283996535102851 13.0
15.296453682978955 12.0
15.301805092815496 11.0
15.31163084117102 12.0
15.338488965732124 13.0
15.395204436482883 12.0
15.408609898300158 11.0
15.46812215147961 10.0
15.534031164552498 11.0
15.548275307477503 10.0
15.59793250081206 11.0
15.659363854706756 10.0
15.677355069107 9.0
15.687741252942386 10.0
15.796367496499913 11.0
15.827118373755477 10.0
15.954924938720875 11.0
15.958090525113983 12.0
15.961229851034748 13.0
15.967220705172263 14.0
15.97956197542574 13.0
16.001384787769716 14.0
16.007823522168774 15.0
16.033482733110432 14.0
16.084590762112857 13.0
16.128634445778843 14.0
16.171580013841407 15.0
16.211759140570194 16.0
16.231715490532945 15.0
16.311067750169155 16.0
16.42344240306686 15.0
16.495337759402105 16.0
16.512316075960936 15.0
16.527790181677762 14.0
16.547472813844532 13.0
16.56204781880069 12.0
16.57454191030035 13.0
16.59939015317135 14.0
16.627617042908593 15.0
16.665677247354502 14.0
16.680177894654665 15.0
16.68309529557824 16.0
16.710589472339343 17.0
16.74027612902383 16.0
16.800702097115717 15.0
16.8106705724489 16.0
16.872003536802634 17.0
16.87855621545724 16.0
16.93802817346492 17.0
16.943975443887297 18.0
16.97596321083835 19.0
16.983755975234647 20.0
17.108903775484684 21.0
17.109314599237518 20.0
17.13309797091758 21.0
17.151304443290112 20.0
17.1618790830588 21.0
17.194181399979897 22.0
17.289985254100056 21.0
17.32506198484422 22.0
17.40738169703242 23.0
17.45429488234419 22.0
17.492257190775447 23.0
17.49867479364793 22.0
17.51973014298348 23.0
17.564832472919182 22.0
17.582345691351378 21.0
17.99130327126175 20.0
18.00613293839515 21.0
18.036063465227336 20.0
18.20496573687532 21.0
18.221093691551047 22.0
18.232774787875307 23.0
18.301515372790828 24.0
18.317290682915893 25.0
18.36118725023823 24.0
18.396407327816807 25.0
18.463522143609854 26.0
18.502353194389837 25.0
18.50297851121372 24.0
18.516549190090245 25.0
18.57462273210874 24.0
18.58258983205021 25.0
18.685683656947848 24.0
18.69696290615361 23.0
18.76049015622753 24.0
18.79191911432341 25.0
18.80038276755191 24.0
18.804448907285195 25.0
18.83938195542637 24.0
18.84301169487613 23.0
18.8619591677191 22.0
18.908687567326567 21.0
18.909771472808693 22.0
18.940944073026866 23.0
18.941888125355845 24.0
18.943645712956258 23.0
18.950345395933986 22.0
18.951242968265664 23.0
18.96315557842145 24.0
19.06417705054824 23.0
19.099848894188714 22.0
19.16331149109775 23.0
19.172382028831066 24.0
19.180216344073372 25.0
19.277718933447616 24.0
19.2922729809863 23.0
19.296485003086286 22.0
19.298023593761656 23.0
19.313203442180527 22.0
19.318826223616377 23.0
19.319166407620514 22.0
19.346804046262516 21.0
19.382624288745735 22.0
19.39940863256762 21.0
19.405871534449076 20.0
19.469587778466213 21.0
19.486775825190115 20.0
19.52516772092352 19.0
19.552913660919053 18.0
19.561929782991477 17.0
19.56481566279487 16.0
19.621025014962346 17.0
19.656361976838934 18.0
19.674632202234196 17.0
19.750866682334436 18.0
19.760732535290472 19.0
19.781707673624286 18.0
19.794246475523764 17.0
19.873332128805025 18.0
19.935005152909145 17.0
19.94323385189804 16.0
19.971291751222832 17.0
19.990034797999996 18.0
20.007210495178658 19.0
20.01372913751918 20.0
20.028412923197873 21.0
20.044341164372923 20.0
20.0544326330673 19.0
20.094979179607808 18.0
20.108311229212006 17.0
20.215815439903263 16.0
20.2736061576918 15.0
20.287712483526803 16.0
20.321765575036725 15.0
20.330074714964436 14.0
20.347596538763288 15.0
20.403505868189203 16.0
20.419031376212324 17.0
20.546298579881164 16.0
20.56875307144392 15.0
20.621487977697225 16.0
20.62762140135217 15.0
20.656229953308248 14.0
20.701191824464537 15.0
20.704264681739836 16.0
20.72235356975157 17.0
20.843863373111304 16.0
20.864375712107726 15.0
20.925943486700955 14.0
20.94236879962309 15.0
20.983053619008203 14.0
21.012477571764673 15.0
21.017733178317282 16.0
21.043561083664198 17.0
21.04563430237303 18.0
21.04654375447197 19.0
21.050652307353776 20.0
21.074414612343038 19.0
21.077976218226397 20.0
21.09501946526686 21.0
21.135482807017933 20.0
21.163691873761135 21.0
21.16792225181046 20.0
21.23364384076964 19.0
21.26861506836777 18.0
21.30677888378791 17.0
21.322505335969293 18.0
21.32886803272152 17.0
21.333909032346845 18.0
21.346418999489206 17.0
21.429289654228445 16.0
21.43398475803916 17.0
21.449527850246117 18.0
21.510777697080172 19.0
21.51578182841016 20.0
21.53156885035731 19.0
21.532730234430208 18.0
21.605881632085858 17.0
21.656716254726934 18.0
21.76183818775715 17.0
21.766197937462618 18.0
21.773239499556034 19.0
21.77760448748828 20.0
21.881853264473154 21.0
21.95764580697834 20.0
22.01539027713015 19.0
22.027395684227066 18.0
22.079956784098204 19.0
22.081577669906 18.0
22.112157120398088 19.0
22.11864118083267 18.0
22.122363595075107 17.0
22.19645798264617 16.0
22.21190661022584 17.0
22.245220229142955 18.0
22.30197816892082 19.0
22.310364039768714 18.0
22.324627533378223 17.0
22.334154543051724 18.0
22.413587482125386 19.0
22.414796996640927 20.0
22.440296479467808 19.0
22.470968679633245 18.0
22.514438661077282 17.0
22.592736637085824 16.0
22.595755338017966 17.0
22.626871952733318 16.0
22.66367022402986 15.0
22.675745516557654 16.0
22.687615908416763 17.0
22.722461888174344 16.0
22.730385587700916 17.0
22.730466473139494 18.0
22.732624802219302 19.0
22.780583949231257 18.0
22.793659606477238 19.0
22.861728049098094 20.0
22.892948804216218 19.0
22.917916880826642 18.0
23.00453663105964 19.0
23.013410910004662 20.0
23.02782926983316 21.0
23.089823733209002 20.0
23.116387272544873 21.0
23.153909186021686 22.0
23.175130718617112 21.0
23.21645291346841 22.0
23.221492847774503 23.0
23.227541566835395 24.0
23.253042650153372 23.0
23.278830098443294 24.0
23.31754962214788 23.0
23.317982190058192 24.0
23.399671615775123 25.0
23.44161898472877 26.0
23.521924498472423 25.0
23.53439071058291 24.0
23.555704784754926 25.0
23.575353982144588 24.0
23.603095022972997 23.0
23.618485959548156 24.0
23.62018464501328 25.0
23.620344436745633 24.0
23.69803686267761 23.0
23.698525991593904 24.0
23.714886449541833 25.0
23.720931088959457 24.0
23.72805463629814 23.0
23.73624808406546 24.0
23.816191861691447 23.0
23.945957811914354 22.0
23.98941742102782 21.0
24.001059703588403 22.0
24.113047945232946 21.0
24.15526431069421 22.0
24.162220021805677 23.0
24.170348738402314 22.0
24.186914153338485 21.0
24.198493617632145 22.0
24.307577264769858 23.0
24.331671613698422 22.0
24.4530433281148 23.0
24.48143867518335 22.0
24.487367729628513 21.0
24.506902144901957 20.0
24.50959159264834 19.0
24.527265772354188 20.0
24.5685921473764 21.0
24.733256471250215 20.0
24.78019622694353 19.0
24.787691098196152 18.0
24.84637731172454 17.0
24.88357743237106 18.0
24.89254796737646 19.0
24.92466141167764 18.0
24.96456668397101 19.0
25.007742046485724 20.0
25.014535405472863 21.0
25.02416185254486 20.0
25.02532543277962 19.0
25.02649272502882 20.0
25.040862164495486 19.0
25.23821606621437 20.0
25.23884061901715 21.0
25.258780450478174 20.0
25.31117473837924 19.0
25.42194798777684 18.0
25.460868940799493 17.0
25.50224359549189 16.0
25.50602453414024 17.0
25.510012871212428 16.0
25.545534397745524 17.0
25.560022139970716 16.0
25.71229473082956 15.0
25.73797417300804 14.0
25.749150665061812 15.0
25.783102599243904 14.0
25.78328185736825 13.0
25.801835022413126 14.0
25.947192485077945 15.0
25.947632490926658 14.0
25.987587046015285 13.0
26.01206573235747 12.0
26.041260405875562 13.0
26.07390755256628 14.0
26.078786778543595 15.0
26.099799646590686 16.0
26.157098047237316 17.0
26.212555201062766 16.0
26.29723360612199 15.0
26.30750438349526 16.0
26.380786490418753 17.0
26.404239705496718 16.0
26.444144345618103 17.0
26.445225369087797 16.0
26.58057769525818 17.0
26.61275644229104 16.0
26.68330785235306 17.0
26.70602416236873 18.0
26.718437769579598 17.0
26.73360208175345 16.0
26.77953794336944 15.0
26.850254053839297 14.0
26.87192325440721 13.0
26.8738665895213 14.0
26.875615703659435 15.0
26.90406675907667 16.0
26.959220585223264 15.0
26.961619578505033 14.0
27.004795769567146 13.0
27.012976174483107 12.0
27.025799683983273 13.0
27.033962144106667 14.0
27.068186715877857 15.0
27.077111632168915 14.0
27.185166025423126 13.0
27.24661116941723 12.0
27.247313303137563 13.0
27.2533901756209 12.0
27.307669272051363 13.0
27.322522972219243 14.0
27.322776883926892 13.0
27.32340560890356 14.0
27.41460816572194 13.0
27.509148031704978 12.0
27.53738727956121 13.0
27.61177913314338 12.0
27.64865958958397 11.0
27.678859252412387 12.0
27.72888226523908 13.0
27.8336450530871 14.0
27.886306451011965 13.0
27.93117157686322 14.0
27.933931764382102 13.0
27.949054831411956 14.0
27.961867523322457 15.0
27.982711413245696 14.0
28.006412123112636 15.0
28.113120020348983 16.0
28.114244378527584 17.0
28.146530675979637 16.0
28.20570889064949 15.0
28.213315936797386 16.0
28.230311035633267 15.0
28.24509169150904 16.0
28.25125682485372 15.0
28.294523663359346 16.0
28.37106372849983 17.0
28.382038582532854 18.0
28.432128805492773 17.0
28.43310245515209 18.0
28.43361035695713 19.0
28.512632717800443 18.0
28.54574556630501 17.0
28.54927526852244 16.0
28.56101686445484 17.0
28.565921159144022 18.0
28.567983742500402 19.0
28.62483126175465 18.0
28.658920745004107 19.0
28.664588639733722 20.0
28.665718747443826 19.0
28.669504246818768 18.0
28.728505471509546 19.0
28.773454336468756 20.0
28.794005646274172 19.0
28.83017495541442 18.0
28.843157263917615 19.0
28.909557979961725 18.0
28.913340701675363 17.0
28.927215345324186 16.0
28.956523658902054 17.0
28.978588139841218 18.0
28.99424397220092 19.0
29.057479159422844 20.0
29.137435189887317 19.0
29.151169681481278 20.0
29.219202272136904 19.0
29.28427859518955 20.0
29.316825530689314 19.0
29.336304099023646 20.0
29.356072497869157 19.0
29.364991752933946 20.0
29.391384861084862 21.0
29.428562860809492 22.0
29.43342117706663 21.0
29.513738390740308 22.0
29.54328385395578 23.0
29.560598984463557 24.0
29.587291534385468 23.0
29.63216614894703 22.0
29.68287617555933 21.0
29.698584087637826 20.0
29.701291004278268 21.0
29.761813350373153 22.0
29.823469052284633 21.0
29.896166486180377 20.0
29.90113309542018 19.0
29.91084694115161 20.0
29.93337782985112 21.0
29.946870872654053 20.0
30.027517374075167 21.0
30.06737220795019 20.0
30.110832266711085 19.0
30.136383140068176 18.0
30.149779110718377 19.0
30.20228624727308 20.0
30.203890129620582 19.0
30.215635776442394 18.0
30.26563858560984 17.0
30.276485502224016 18.0
30.29092844428719 19.0
30.30796563064085 18.0
30.308642860122607 17.0
30.387847410250647 16.0
30.412687532312514 17.0
30.445301595586898 18.0
30.446130459460193 19.0
30.518758768420454 18.0
30.550736531144015 17.0
30.594287469462305 16.0
30.596439449822398 15.0
30.61353295666497 16.0
30.68104246666812 15.0
30.709453084118664 16.0
30.745239732505983 15.0
30.758265697457436 16.0
30.792120051496386 15.0
30.814623389697193 16.0
30.825178426401315 17.0
30.8370579780019 16.0
30.85520057009762 17.0
30.92168913236426 18.0
30.961712194041823 17.0
31.003242738562705 16.0
31.021834935745975 17.0
31.042680631918138 16.0
31.058030141291315 15.0
31.061354405296907 14.0
31.07455764028515 13.0
31.13736999209558 12.0
31.14586796106681 13.0
31.17395177151517 14.0
31.175424229643337 13.0
31.178568389961505 14.0
31.183123236102574 15.0
31.19966482143868 16.0
31.20106175100591 15.0
31.243527219255288 16.0
31.26044788598868 17.0
31.298712780613013 16.0
31.44574138761862 15.0
31.531901653615257 14.0
31.541911311839407 15.0
31.56306460190391 16.0
31.5690457773823 17.0
31.596853526080647 18.0
31.621465868268054 17.0
31.630212506613223 18.0
31.716438903922857 17.0
31.75162469853003 16.0
31.762072474939202 17.0
31.7949553300467 18.0
31.861745057834145 17.0
31.879680211735963 16.0
31.921508244024267 17.0
31.970698684839665 18.0
32.01288451818561 17.0
32.069553409570815 16.0
32.08657474499865 17.0
32.10328624102466 18.0
32.215785064918336 19.0
32.21758380267319 20.0
32.23652287516866 21.0
32.246047866321916 22.0
32.40196212185707 23.0
32.42260235636667 24.0
32.4466188526473 25.0
32.45923028804198 24.0
32.516746530209026 23.0
32.64285585304005 24.0
32.669380171168925 23.0
32.67754775336692 22.0
32.76183564535235 21.0
32.83205576248995 20.0
32.88482676801283 19.0
32.925330197692865 18.0
32.932163959403745 17.0
32.99161660106049 18.0
32.99816440251522 17.0
33.07129256029876 16.0
33.07712263621448 15.0
33.10375253658093 16.0
33.139548650723405 17.0
33.225728701847096 16.0
33.24874535040166 15.0
33.25369583510146 14.0
33.267719138922615 13.0
33.2749523281431 14.0
33.29720573487916 13.0
33.30776490370193 14.0
33.321521207931745 13.0
33.40087332764794 12.0
33.476180554967506 13.0
33.55512609038083 12.0
33.55954394099762 13.0
33.56688453542057 12.0
33.58861279106221 11.0
33.612179254090684 12.0
33.66787332959028 11.0
33.7315270478885 12.0
33.763951898108424 13.0
33.82407627435097 14.0
33.88646418430617 15.0
33.886848372620676 14.0
33.923572109478236 13.0
33.95605390786423 14.0
33.96175869404898 13.0
33.96795774086843 14.0
33.97980956133808 15.0
34.02177592850693 14.0
34.05363355181927 15.0
34.06946151939319 14.0
34.072605857246316 13.0
34.104300189801165 12.0
34.137667197364685 11.0
34.139107645960046 12.0
34.16113479006122 13.0
34.195801707982625 14.0
34.24758125901621 15.0
34.26689617817999 16.0
34.26861053327538 15.0
34.31517333971314 14.0
34.355093752600716 15.0
34.40613383439228 14.0
34.40781997463761 13.0
34.40933616024244 14.0
34.41990406810161 15.0
34.44713519888066 16.0
34.457542929460665 15.0
34.47937910004903 14.0
34.48474835154677 15.0
34.52595411190272 14.0
34.528488113244144 13.0
34.62143495686648 12.0
34.628610397789394 13.0
34.63721693318876 12.0
34.647948131892555 11.0
34.66726030469965 12.0
34.681596253547276 13.0
34.6980806517841 14.0
34.71187242216648 13.0
34.73043065996834 12.0
34.763037940833534 13.0
34.80482462725205 12.0
34.82543280674634 11.0
34.85326677819355 12.0
34.89577706111378 13.0
34.89588811880944 14.0
34.90020597146317 15.0
34.964571650352056 16.0
34.9982050779273 15.0
35.000389640983826 16.0
35.15103409192366 15.0
35.17670823089103 16.0
35.18504778001542 17.0
35.18869205452514 18.0
35.20632923812319 17.0
35.22273860676018 16.0
35.25773951228119 15.0
35.37677646199481 16.0
35.41596489395546 15.0
35.42214825873876 14.0
35.54292084446205 15.0
35.564956920144084 14.0
35.58849574777483 15.0
35.63036871496096 14.0
35.69497361919987 13.0
35.7432010822349 12.0
35.75912891959166 13.0
35.76482695602477 14.0
35.77969012767779 15.0
35.794933559083596 16.0
35.81009253722859 17.0
35.82674413751936 16.0
35.889225253757495 15.0
35.8894453826316 14.0
35.91678250774871 13.0
35.95789056415646 12.0
35.984512455664074 11.0
35.99257464506063 12.0
36.036267123479796 11.0
36.06326868892126 12.0
36.09639628661426 13.0
36.10348946121297 14.0
36.13371015675253 13.0
36.15790073103505 12.0
36.20021470481386 11.0
36.209283409184195 10.0
36.220167454541226 11.0
36.2889180382053 12.0
36.31630204002322 13.0
36.392459247992754 12.0
36.45291588507613 11.0
36.54917856604854 12.0
36.571304889948046 13.0
36.60806677390447 12.0
36.6122530972798 13.0
36.61780645869721 14.0
36.69397629384576 13.0
36.71677404243226 12.0
36.74911625101549 11.0
36.759818525363485 10.0
36.88834056154759 11.0
36.971049346311034 12.0
36.979889899695415 13.0
36.98962245412949 14.0
36.99694345594894 15.0
37.0441430353166 16.0
37.171576802557134 15.0
37.25674627824743 14.0
37.2685719429247 13.0
37.29321655399701 14.0
37.35230420600919 13.0
37.35700759049496 14.0
37.36201078483328 15.0
37.375179620901285 16.0
37.398409751799605 15.0
37.40571310970807 16.0
37.419858550325884 17.0
37.460181103638746 18.0
37.46614971351352 19.0
37.52627556662949 18.0
37.54493789858932 17.0
37.56498057872062 18.0
37.584872159410835 19.0
37.645994252701755 20.0
37.657025129645035 19.0
37.71614851152769 18.0
37.722601818466636 17.0
37.7348335713093 18.0
37.735869148962905 19.0
37.75715635574988 18.0
37.77698105740725 19.0
37.89247305076745 20.0
37.91349658493135 19.0
37.9577103796853 20.0
37.97014368487928 19.0
37.9741372321108 18.0
38.00851393254276 19.0
38.04469373875119 20.0
38.06146079807218 19.0
38.0631588400485 18.0
38.09501733965016 17.0
38.12073215621154 16.0
38.13467870261664 15.0
38.141703576732354 16.0
38.14671142460067 17.0
38.19521735444353 18.0
38.22866611113906 19.0
38.23197602119707 20.0
38.277627989711675 21.0
38.30750535468809 22.0
38.32911905897236 23.0
38.33627113306583 24.0
38.36780587075117 25.0
38.43466003783515 24.0
38.46685881493773 23.0
38.53539853203948 22.0
38.54786610007118 23.0
38.62170199814582 22.0
38.6336938140177 21.0
38.63936112163679 20.0
38.64890923344975 19.0
38.88971151542026 20.0
38.941454022403924 21.0
38.96307401714509 22.0
38.96417214688972 23.0
38.99039153798835 24.0
38.99293311066563 23.0
39.03169196238443 22.0
39.07230161311883 23.0
39.076116331299694 22.0
39.15246313554546 21.0
39.21580590761271 20.0
39.34883229630763 21.0
39.38882006709712 22.0
39.45742138541019 23.0
39.46854116326172 24.0
39.49347555160286 25.0
39.526481619146324 24.0
39.55455353525328 23.0
39.59148001018433 24.0
39.60323581672367 25.0
39.6339868122358 26.0
39.7422927256591 25.0
39.76507832824899 24.0
39.82659909073571 23.0
39.84853226206845 22.0
39.85907928568322 21.0
39.86198197981699 20.0
39.86943249295973 19.0
39.87314296065944 20.0
39.883177898806935 19.0
39.98681414350842 20.0
40.00073521488304 19.0
40.06989707406521 18.0
40.101523718141266 19.0
40.10204990510929 18.0
40.148396659989764 19.0
40.15977773478041 18.0
40.22246027167778 17.0
40.23735143048612 18.0
40.24780020811554 19.0
40.25675428235069 18.0
40.34484093413776 17.0
40.350850136842766 16.0
40.38677696090734 15.0
40.40574306082674 14.0
40.43079983651435 13.0
40.443572789036914 12.0
40.5302746941401 11.0
40.53188198024172 10.0
40.546131746353566 9.0
40.572548560470985 8.0
40.73162694167668 9.0
40.73951205327422 10.0
40.77218695312572 9.0
40.77411618821474 10.0
40.77438314282091 9.0
40.86392892494383 10.0
40.97303538927854 9.0
41.02779864726255 8.0
41.03040429105841 9.0
41.0458063902798 8.0
41.08129390386838 9.0
41.09333582565557 10.0
41.13438384716004 11.0
41.149895053582846 12.0
41.18337508377393 13.0
41.19073113551769 14.0
41.27313770595787 15.0
41.28403096770026 14.0
41.29697468937497 13.0
41.31979943377599 14.0
41.32646362261324 13.0
41.450532260848625 14.0
41.50734718499772 15.0
41.51567460217804 14.0
41.51642100003141 13.0
41.52813053538162 14.0
41.54943597671553 13.0
41.58130320803443 14.0
41.59690017086966 15.0
41.61386877567992 16.0
41.85794695332786 15.0
41.89404041077766 16.0
41.894645391416375 15.0
41.95533080476406 16.0
41.95673219721263 15.0
41.96758408790009 14.0
42.034254077503164 13.0
42.046403996732856 12.0
42.06779781503168 13.0
42.097999087671944 12.0
42.105386384530036 11.0
42.11191119737793 12.0
42.12910577817182 13.0
42.13939572394917 14.0
42.20897687387541 15.0
42.23799592130668 14.0
42.33558811352065 13.0
42.423922484218615 14.0
42.54433810575072 15.0
42.557833395935425 14.0
42.573177562062156 13.0
42.594229717374105 14.0
42.67382837813732 15.0
42.69006948297477 16.0
42.70908576273525 15.0
42.74653548327628 14.0
42.78027612152517 13.0
42.78677831511443 14.0
42.8283067529928 15.0
42.830357014976435 16.0
42.91124310097026 15.0
42.920270632033656 16.0
42.94088558765856 15.0
42.965599227714584 16.0
42.98641900706135 17.0
43.09329032142712 16.0
43.117641490226156 17.0
43.148524813437426 16.0
43.16959560465562 17.0
43.18267142582961 18.0
43.20153665257725 17.0
43.23941428907945 18.0
43.269506046257014 17.0
43.27129244911973 18.0
43.310297234078845 19.0
43.348373251766205 18.0
43.36226034997503 17.0
43.384571234917715 18.0
43.43812614470685 19.0
43.48375993556407 18.0
43.48471416618412 19.0
43.56779993658932 20.0
43.59651697709129 19.0
43.66389224839036 20.0
43.66854648826959 21.0
43.699735329090224 20.0
43.77032061185069 19.0
43.811629818192216 18.0
43.82802732619948 17.0
43.8467036173784 18.0
43.87854790428899 17.0
43.8975953565605 18.0
43.90914951782067 17.0
43.954066759146336 18.0
44.01284586402976 19.0
44.02125850811638 18.0
44.07889998446066 17.0
44.0956806251533 16.0
44.101565837681555 17.0
44.153783868293814 16.0
44.15560378418238 17.0
44.17730609616256 18.0
44.17969194035946 17.0
44.25792777187429 18.0
44.29659917012943 19.0
44.32144927150751 20.0
44.33525019354919 19.0
44.33920558415543 18.0
44.340281980154614 17.0
44.34489453942891 18.0
44.34554398771022 17.0
44.41788541872381 16.0
44.44629508539258 15.0
44.46310062694701 14.0
44.59120306488443 15.0
44.63320068256608 16.0
44.66214973423165 17.0
44.67065515130077 16.0
44.676972294501645 17.0
44.694484261975866 16.0
44.732622144759624 15.0
44.86243569142606 16.0
44.90427858768443 15.0
44.91436368098013 16.0
44.94744694197502 17.0
44.98225400513309 16.0
44.999654548450565 17.0
45.04498280383667 18.0
45.117465212704424 19.0
45.12815185080117 18.0
45.12927092727378 17.0
45.13166810873101 16.0
45.172309878500705 15.0
45.17827166739172 14.0
45.24600531406638 13.0
45.48560880296855 14.0
45.48697084002052 13.0
45.49633138173609 14.0
45.5344310554683 15.0
45.5436325897027 16.0
45.54824134111842 17.0
45.60589880622181 18.0
45.70378966789951 19.0
45.72738098966335 18.0
45.85659245601227 17.0
45.857537602401436 16.0
45.902237722530614 15.0
45.92462175909451 14.0
45.944358423750764 15.0
45.95740631024733 16.0
46.02025627717287 15.0
46.06111791812751 14.0
46.10114901760442 15.0
46.1342934748589 14.0
46.142191103257 13.0
46.150833137962834 12.0
46.26149318116963 11.0
46.28637654607017 10.0
46.29059124479275 11.0
46.3723052529132 12.0
46.381478067945004 13.0
46.39661060377007 14.0
46.423091315291074 15.0
46.43581235433671 16.0
46.48213013247166 17.0
46.56246237173409 16.0
46.56357538459433 15.0
46.606052025754295 16.0
46.764033040916935 15.0
46.77589547905455 16.0
46.928497751932454 17.0
46.97970251072258 16.0
47.008444324906066 17.0
47.01337511922733 16.0
47.074234979250406 17.0
47.12326033987215 16.0
47.1436362106089 15.0
47.157439054629045 14.0
47.1916574561406 13.0
47.20773974086227 12.0
47.21643787891448 11.0
47.24832736841452 12.0
47.27909293216997 13.0
47.31051695053821 14.0
47.31880223189048 13.0
47.43132196105996 14.0
47.48072562599217 13.0
47.48881742344859 14.0
47.49166597870398 15.0
47.55666019350596 14.0
47.56872774097203 15.0
47.616672363426815 14.0
47.71346137941378 15.0
47.71616887122991 14.0
47.718623016267436 15.0
47.72041028358994 16.0
47.761090098850836 15.0
47.78050202228015 14.0
47.80088466731535 15.0
47.86510041973529 16.0
47.873818308403095 17.0
47.88323722985617 18.0
47.90183036247751 19.0
47.95342743061377 18.0
48.005190599226175 19.0
48.01673428882257 20.0
48.05262264597257 21.0
48.053191225221056 22.0
48.06889163701339 21.0
48.25707150156388 22.0
48.33966834256163 23.0
48.35795622113474 24.0
48.37167712647158 25.0
48.40259567475956 24.0
48.50977535469493 23.0
48.52464761178302 24.0
48.53663933721774 23.0
48.592519573012524 22.0
48.59294853508299 23.0
48.61552860332433 24.0
48.616737181424575 23.0
48.62755941392236 24.0
48.63642191669348 23.0
48.6624933691599 24.0
48.67092009995149 23.0
48.726582246178424 22.0
48.793664885950086 21.0
48.856536085776206 20.0
48.9053236235183 19.0
48.97376956841762 20.0
48.9745325291944 21.0
49.00689241096112 22.0
49.03019976706444 23.0
49.0435283205412 24.0
49.059447856693886 23.0
49.10858041624812 22.0
49.124100227911256 21.0
49.127560562216665 20.0
49.17139864472391 19.0
49.17209014186266 20.0
49.17827199297264 21.0
49.18932350406669 20.0
49.26097786132282 21.0
49.29593500308588 22.0
49.33811213559338 21.0
49.400747988258544 22.0
49.402148334733916 21.0
49.43627426069186 22.0
49.499422014920086 21.0
49.5037511817415 20.0
49.5218200436685 21.0
49.58420726597361 20.0
49.6546184011839 19.0
49.69340235017838 18.0
49.778763007506434 17.0
49.88982792341175 16.0
49.89295380867345 17.0
49.96640724538372 16.0
49.98625052444518 17.0
49.995320049786386 16.0
50.02300375775677 17.0
50.10578702826565 16.0
50.14219311364273 15.0
50.18044545635619 16.0
50.19178664574249 15.0
50.22454272522278 14.0
50.24078225451472 13.0
50.30985437500521 14.0
50.35559418321012 13.0
50.367629889052495 12.0
50.38376684594714 11.0
50.53778611245467 10.0
50.619367921855414 9.0
50.734209138825676 10.0
50.75934976486735 11.0
50.76767358401988 12.0
50.793013514188566 11.0
50.91543321439788 10.0
50.91758201325015 11.0
50.9516416863993 12.0
50.96455482063659 11.0
50.97949986004208 12.0
51.01945496664179 13.0
51.071303162792674 12.0
51.07982456609694 11.0
51.09402659519935 10.0
51.13254807447016 9.0
51.147520454022725 8.0
51.14817981008188 9.0
51.21995204518076 10.0
51.235598956654336 11.0
51.23661680921357 12.0
51.27562625954429 11.0
51.37349990249251 12.0
51.400841347635804 13.0
51.410369598661305 12.0
51.429640518515825 13.0
51.43230135871073 14.0
51.46191177768768 13.0
51.55829142565265 12.0
51.59824800025532 13.0
51.62458757254941 12.0
51.65088438444359 11.0
51.710708676008004 12.0
51.77948273689332 11.0
51.816346728564824 10.0
51.819439448207675 11.0
51.85430155899735 12.0
51.90132259972555 13.0
51.992568229191455 14.0
51.99388602264576 15.0
51.99982814391452 14.0
52.01358633418489 15.0
52.03043915364541 16.0
52.06003332531191 17.0
52.091652071942725 16.0
52.09168232177597 17.0
52.09527326376603 18.0
52.13817237481062 17.0
52.17822195815522 18.0
52.21304409321051 19.0
52.25043633366524 18.0
52.32999571286054 17.0
52.35300915606441 16.0
52.37503459081356 15.0
52.38435737514379 14.0
52.39123142583454 13.0
52.4117098945116 12.0
52.47088101673632 11.0
52.58356443006058 12.0
52.61040145783453 11.0
52.677602496884816 12.0
52.68408425683647 11.0
52.722691876354126 12.0
52.74604103034026 13.0
52.75295129172852 14.0
52.767207488394966 13.0
52.828894650004045 12.0
52.82968928199826 13.0
52.89068882985554 12.0
52.99670855753284 13.0
52.99929538580721 12.0
53.025371462631405 13.0
53.027670936545675 14.0
53.04833396004209 15.0
53.145554925190694 14.0
53.1769258521549 15.0
53.21628086795981 16.0
53.221820269269045 17.0
53.25730775956478 18.0
53.41764347657831 17.0
53.49956664371181 18.0
53.5085284180321 17.0
53.546316940400864 16.0
53.58594015677148 17.0
53.596282391988325 16.0
53.62972130225999 15.0
53.631717062936836 16.0
53.69143257554518 17.0
53.69990279057179 16.0
53.841687130456634 15.0
53.88355297243066 16.0
53.93732962261472 17.0
53.959500196855394 16.0
54.057184227475666 15.0
54.12095508903995 14.0
54.14207040541781 15.0
54.20022943315197 14.0
54.20695273012421 15.0
54.20955269687192 14.0
54.224564890516604 13.0
54.24080535167087 12.0
54.32291621273877 11.0
54.34242163628922 12.0
54.34501717210844 13.0
54.34843982316643 14.0
54.38715505000433 15.0
54.41584808360077 16.0
54.44064500703562 17.0
54.46478240680768 16.0
54.46805761497133 17.0
54.48584638413876 16.0
54.53737153149297 17.0
54.53782210689059 18.0
54.57421563012974 19.0
54.66729888774833 18.0
54.67845383509717 17.0
54.744102698712084 18.0
54.80219818091374 17.0
54.88212664482632 16.0
54.887141845650845 15.0
54.929138500982745 16.0
55.00706481256988 17.0
55.013756785773076 16.0
55.04272522631833 15.0
55.14708200911025 14.0
55.1515449853884 13.0
55.19612056039306 14.0
55.20913716510174 13.0
55.234939297174854 12.0
55.26312985012402 13.0
55.27431592603065 12.0
55.29131857432917 13.0
55.327267606635864 14.0
55.33211314373331 13.0
55.37058734160309 14.0
55.377937298002124 13.0
55.385086368380385 14.0
55.391769500736984 13.0
55.44608320029585 14.0
55.44991398907479 15.0
55.52941776236547 16.0
55.56137790173234 15.0
55.657913318261464 16.0
55.66297779031528 17.0
55.672129905165775 16.0
55.72077298657806 15.0
55.73815999556286 14.0
55.87069404919127 15.0
55.899871367923744 14.0
55.92079216905195 13.0
55.94994517739825 14.0
56.06746404202381 13.0
56.07447899228975 14.0
56.09379876189847 15.0
56.19366985870165 16.0
56.209854233151 17.0
56.274611688583306 16.0
56.37179911683659 15.0
56.39638687072546 14.0
56.4025603372514 13.0
56.420163923002164 14.0
56.44013815478811 15.0
56.47332888805137 14.0
56.495306844404986 13.0
56.57187176169006 14.0
56.620003284963616 15.0
56.64121083205977 16.0
56.68618706603025 17.0
56.71956792164945 18.0
56.71982630518941 19.0
56.73572085520959 18.0
56.80348718374083 17.0
56.80845377286884 16.0
56.81693776596343 15.0
56.95115737213204 14.0
57.03368980607901 15.0
57.0358904281101 16.0
57.039278294085804 15.0
57.10126919227375 14.0
57.117435233948314 15.0
57.15411882052221 14.0
57.15796737266889 13.0
57.16783217957287 14.0
57.24215219494146 15.0
57.26270001432738 16.0
57.26438314946562 17.0
57.27357377833499 16.0
57.317849232870735 17.0
57.32471515851363 18.0
57.33923124945702 19.0
57.347711738459274 20.0
57.35063412186509 19.0
57.488096384142096 18.0
57.50929054161142 19.0
57.569333050340774 18.0
57.59895909489662 17.0
57.623275721729016 18.0
57.69779662507527 19.0
57.72258615903585 18.0
57.7534093503781 19.0
57.756180439327814 18.0
57.79915435995905 19.0
57.8167507604458 18.0
57.83738391442368 17.0
57.843353719312994 16.0
57.85106624602945 17.0
57.8891198960058 18.0
57.89047006489326 17.0
57.927823778741576 16.0
57.979689627405115 15.0
57.98848837795813 14.0
58.08261438977984 15.0
58.11569298707617 14.0
58.14397472158827 13.0
58.24906110959916 12.0
58.31653144861952 11.0
58.364776869800465 10.0
58.416698324793714 9.0
58.42711264637703 10.0
58.473022842536736 9.0
58.53482144346112 8.0
58.575616038866336 9.0
58.65003430844839 10.0
58.70206700508277 9.0
58.72904419211387 8.0
58.749928364205346 9.0
58.76926560829935 10.0
58.87629257944567 9.0
58.878477234724876 10.0
58.91412359717241 11.0
58.9693682020016 12.0
58.99742720517149 11.0
58.998922764700474 10.0
59.06889176598209 11.0
59.09156278413505 10.0
59.12606838734833 11.0
59.168781558719026 12.0
59.28306410518231 11.0
59.31322808225894 12.0
59.34393069057905 11.0
59.39139665366117 12.0
59.445493398851355 13.0
59.5193498835706 14.0
59.5951803032088 13.0
59.60492226388064 12.0
59.74835688747442 13.0
59.767725051392404 12.0
59.90111876753389 13.0
59.905055870052195 14.0
59.91700634645041 13.0
59.92717485982015 12.0
59.988979636450885 11.0
60.00482663077377 10.0
60.0176045184684 11.0
60.040352770683484 10.0
60.17992967497529 11.0
60.24028483281031 12.0
60.241347754046735 11.0
60.284261089733604 12.0
60.35451267985387 13.0
60.39346635619023 14.0
60.41012397942691 13.0
60.4378525251963 14.0
60.47567666533634 15.0
60.51688153056579 16.0
60.584275183158724 17.0
60.63223137905385 18.0
60.6644014595127 17.0
60.67637818654616 16.0
60.72773762796786 17.0
60.8213256814721 18.0
60.90304649971564 17.0
60.97639564634344 16.0
61.04958244471668 17.0
61.06937327505767 18.0
61.10459862568775 17.0
61.16936026595451 18.0
61.17060575834541 19.0
61.18277932916448 18.0
61.1865049101737 19.0
61.20966075552711 20.0
61.213516713990735 21.0
61.257268245010366 20.0
61.27303599929761 21.0
61.29633357448771 22.0
61.31099242196073 23.0
61.32357772954682 24.0
61.36006115232412 23.0
61.407623074424876 24.0
61.43778446374498 25.0
61.4379350398024 26.0
61.44146425703355 25.0
61.49981870368215 24.0
61.553135813780784 23.0
61.59316172942124 22.0
61.598777981599234 23.0
61.60269487126427 22.0
61.639609183282396 23.0
61.653062487068944 22.0
61.654766532151534 21.0
61.708281952228816 22.0
61.728667554806705 21.0
61.823822560083364 20.0
61.89177260388788 21.0
61.93751327381864 20.0
61.94612442766845 19.0
61.95438992015315 18.0
61.98551462879309 17.0
61.99902532863902 16.0
62.008422663449224 15.0
62.028259566736466 14.0
62.04906591342677 15.0
62.10028749898179 16.0
62.2250934248189 15.0
62.25128661455229 14.0
62.26655685078505 15.0
62.26887528508394 16.0
62.28047376558977 17.0
62.28485424699574 18.0
62.287009533954134 17.0
62.2957645010362 18.0
62.31646817895443 19.0
62.410088807014695 20.0
62.467873170834785 19.0
62.53464339095557 18.0
62.543356569294154 19.0
62.59503223595667 20.0
62.7024271713827 21.0
62.73701829818644 20.0
62.74587389941189 21.0
62.75342815480555 20.0
62.778407452049805 19.0
62.78367223947728 20.0
63.01721495759949 21.0
63.05664178339616 20.0
63.05765555773772 21.0
63.057851976700576 20.0
63.175695663488575 21.0
63.18707985390398 22.0
63.23235070204814 21.0
63.25019836676057 20.0
63.29395814393572 21.0
63.37086595172797 20.0
63.380935507581455 19.0
63.383419600797055 18.0
63.41274744258823 17.0
63.41571038989059 18.0
63.55898700196058 17.0
63.571762491266206 16.0
63.60317386775229 15.0
63.60986003646331 14.0
63.6740160337588 13.0
63.69063424822928 12.0
63.784750886122495 13.0
63.796871950930985 14.0
63.90857715090873 15.0
63.99744622204607 16.0
64.02098222379063 15.0
64.0271066569962 16.0
64.04177287557621 17.0
64.08576939614703 16.0
64.09938123319711 15.0
64.12255234022342 14.0
64.26311279436207 15.0
64.31737717024983 16.0
64.33123659639598 17.0
64.34405661488071 16.0
64.38031500394528 17.0
64.4378715761074 16.0
64.52800800431316 15.0
64.55631373969554 14.0
64.56505214400548 15.0
64.60818267518101 16.0
64.66342077192567 17.0
64.6690646166207 18.0
64.69235321050031 19.0
64.76508193367333 18.0
64.76629268499101 17.0
64.7920006338409 18.0
64.81081794478744 17.0
64.87099874049416 18.0
64.88683790845306 19.0
64.90672442998273 18.0
64.92153857853862 17.0
64.96134441615123 16.0
65.01903161838302 17.0
65.03669822764131 16.0
65.04258980637762 15.0
65.05072787538566 14.0
65.07036384401268 15.0
65.0820617064399 16.0
65.1143371941561 17.0
65.12637694034913 16.0
65.12903518945701 15.0
65.1554352486898 14.0
65.23188282971911 15.0
65.26777699166404 14.0
65.31233549446272 13.0
65.33013860362354 12.0
65.44438123563847 11.0
65.47279591725113 10.0
65.48261811354054 11.0
65.48353680885718 12.0
65.49336409085308 11.0
65.66850684461535 12.0
65.72950259476795 11.0
65.7445539704776 12.0
65.76853843540518 11.0
65.77284535602966 12.0
65.93305032935518 13.0
65.98638515766984 14.0
66.00096406572759 15.0
66.10757167096438 16.0
66.11208454221375 15.0
66.16226301992455 14.0
66.19495487864971 13.0
66.20243680598269 14.0
66.20291869643953 13.0
66.21362747299919 12.0
66.22340890257364 13.0
66.2272704675797 12.0
66.27321083964179 13.0
66.31788290972284 12.0
66.37228146013835 11.0
66.46977837447722 12.0
66.5270818320002 13.0
66.53511982700495 14.0
66.55519326096963 13.0
66.57649385046801 14.0
66.6222070728191 15.0
66.71269742369434 14.0
66.72557250505432 15.0
66.74508335099775 16.0
66.7481129713929 15.0
66.9435545401271 14.0
66.9667816364548 15.0
66.98194063061182 14.0
67.0224796223389 15.0
67.03411592389318 14.0
67.06865148877496 15.0
67.08855353011455 14.0
67.14579291734428 13.0
67.20835569894368 14.0
67.24870385464769 15.0
67.3096067559618 16.0
67.32348167727899 17.0
67.32394539349906 18.0
67.36882406132138 17.0
67.40753101114316 18.0
67.42269041623292 19.0
67.4599000969092 18.0
67.54118354299489 17.0
67.55473111508968 18.0
67.57023034233154 19.0
67.58224838349206 18.0
67.59011579427379 17.0
67.65999783629223 16.0
67.6782909917723 17.0
67.7595616991585 18.0
67.7769238568811 19.0
67.82713270291455 18.0
67.86393986599685 19.0
67.8857544175987 18.0
67.90167190126114 17.0
67.91434511024252 18.0
67.9243054103126 19.0
67.92613993693479 18.0
67.98736543426051 19.0
67.99376316514604 18.0
68.0152183311706 19.0
68.0573162869219 18.0
68.14021574169553 17.0
68.14970584923013 18.0
68.1691879819716 19.0
68.23065514367505 18.0
68.24130046850304 19.0
68.26553257752381 18.0
68.26792181305602 19.0
68.28097615734293 20.0
68.32565847584065 19.0
68.36829841892639 20.0
68.36911553532397 21.0
68.38277958189401 22.0
68.40237178126124 23.0
68.40456263845066 22.0
68.42589301842523 21.0
68.4451915808359 22.0
68.45586876581689 21.0
68.46519058915044 20.0
68.47774814803098 21.0
68.53335449325 20.0
68.58927388162819 19.0
68.5973341694823 20.0
68.61032226492296 19.0
68.626297962442 18.0
68.62806789518945 17.0
68.6289092250504 18.0
68.69057869659738 19.0
68.70549767299364 18.0
68.70754692271592 17.0
68.73152624651212 16.0
68.73657528651206 17.0
68.75272125425934 16.0
68.79619690858414 17.0
68.89188400103475 16.0
68.89301106305972 15.0
68.90200666766869 16.0
68.92277094342757 15.0
68.92877251289518 16.0
68.97959431820006 17.0
68.98015284928533 18.0
68.98181833629904 17.0
69.05667587891946 18.0
69.07626182085643 17.0
69.07994271661556 16.0
69.0908109671333 15.0
69.09896080848867 14.0
69.15658846554653 15.0
69.15911114529104 14.0
69.27471368408928 15.0
69.28398388380634 16.0
69.35793893700288 17.0
69.44575660868612 18.0
69.46995451087936 19.0
69.50022043454608 18.0
69.53407024997816 17.0
69.6100789541694 16.0
69.6133598635411 15.0
69.63907093878856 16.0
69.70804959636449 17.0
69.75054786755017 18.0
69.77560150243464 19.0
69.77705595778276 18.0
69.78691406129519 19.0
69.79808048392472 18.0
69.81343692960753 19.0
69.81471017914231 20.0
69.8583417624442 19.0
69.97188122622757 18.0
70.02250555767013 19.0
70.0335833864823 18.0
70.08308079758285 19.0
70.08568706435449 18.0
70.10252169604435 17.0
70.23487939901598 18.0
70.27762824474797 19.0
70.28202576376613 18.0
70.33240347947707 19.0
70.35207933164241 20.0
70.38149976529259 21.0
70.38222551155786 20.0