0.0 45.0
0.0073671165168225534 44.0
0.009443678946455631 44.0
0.04111513165114085 44.0
0.0514141400232057 44.0
0.06532893824893843 44.0
0.07051943941698952 43.0
0.09071793632749467 42.0
0.13363510448757243 41.0
0.15079085643473958 40.0
0.16435375640485725 40.0
0.16462715365172653 39.0
0.1803978097756329 39.0
0.18411500134931366 39.0
0.20848826957116712 38.0
0.2168706094956389 37.0
0.22119088778697205 36.0
0.263405343634224 35.0
0.2828443950902968 34.0
0.28946439008601693 35.0
0.33918929410240733 34.0
0.3690746398154723 34.0
0.37324248317267733 34.0
0.40040899215563286 34.0
0.4062424051647314 33.0
0.4408962198348433 32.0
0.44844492814471393 32.0
0.47074281803445617 32.0
0.4849161665189722 32.0
0.48761063629194995 31.0
0.5032756194036053 31.0
0.5337745635414375 31.0
0.5411920401229156 30.0
0.5552509307245725 30.0
0.5903284631278927 30.0
0.6252921352785662 31.0
0.6398821522694256 31.0
0.6728409596627122 31.0
0.6827815326342923 30.0
0.6918663092986248 29.0
0.7709331349996839 30.0
0.7891440530923444 30.0
0.8257176048097585 31.0
0.8455497405968906 31.0
0.8468286897766324 30.0
0.8622434574931022 31.0
0.8728321368426927 30.0
0.890259069123885 29.0
0.9128676460524134 29.0
0.9246579873646452 29.0
0.9261021945192467 28.0
0.9414847544853727 28.0
0.9935808921094402 28.0
1.0100736708825715 28.0
1.044018043497679 29.0
1.0772349626316633 28.0
1.1200182192314667 27.0
1.1511464364286523 28.0
1.1829861216608402 27.0
1.1871458060159281 27.0
1.1975222273705013 28.0
1.208898411367877 27.0
1.212576250436091 26.0
1.225954438002614 26.0
1.2686957098030882 26.0
1.2821841357865111 27.0
1.2898368742386674 26.0
1.3320148267351826 26.0
1.3604626200198493 26.0
1.3693377381675298 27.0
1.4443515900146862 27.0
1.465242876086615 26.0
1.4675003062527205 26.0
1.5262324612537663 26.0
1.5277432065251622 27.0
1.5636789677891931 27.0
1.5968501457938635 27.0
1.6022634218387075 26.0
1.605309739999935 27.0
1.7049406557091278 27.0
1.7395130069190736 27.0
1.761994787162191 27.0
1.7841568813982878 28.0
1.809165107614417 28.0
1.8381863082091936 27.0
1.8426995041322187 27.0
1.8500610403178486 26.0
1.8542264307620602 26.0
1.8667481966203876 25.0
1.867551054101958 26.0
1.8872881619544877 26.0
1.943520754464851 27.0
1.9536169013662643 28.0
1.991530013000786 27.0
1.9962389252224164 27.0
2.059127968186838 27.0
2.070675533265721 28.0
2.1225533434516604 29.0
2.1257254576591946 28.0
2.215882150929909 28.0
2.225880993944478 28.0
2.261093549490143 27.0
2.3046754740576496 28.0
2.353487058761005 29.0
2.379122380261511 28.0
2.4260649844377284 28.0
2.4379291597412873 29.0
2.4685277926539966 30.0
2.4714025291084973 30.0
2.4821875281379935 31.0
2.507564124341286 31.0
2.515696253818144 32.0
2.524911930265128 32.0
2.537417489595502 32.0
2.5397210581916982 32.0
2.5571254268431702 31.0
2.580232389099144 32.0
2.586763155485988 33.0
2.5975099410805753 32.0
2.6005852991830007 31.0
2.611495277277807 32.0
2.6173887289390083 32.0
2.6229889380578495 32.0
2.6445325371418575 31.0
2.685280973562239 30.0
2.6879066130785216 30.0
2.6881830312683404 30.0
2.6961263009705023 31.0
2.704224817363998 32.0
2.7295675156832377 32.0
2.7308111341255326 31.0
2.732815651704573 31.0
2.850812280594879 31.0
2.8774007860220867 31.0
2.900229229608504 31.0
2.901719284426385 30.0
2.962262697551058 29.0
3.025358096824384 29.0
3.029023331691296 29.0
3.0352602451966795 29.0
3.0638368967935325 29.0
3.084104697910481 29.0
3.0869092348400295 29.0
3.135427724552974 29.0
3.137962774740798 29.0
3.143811227158954 29.0
3.1665484548207576 29.0
3.181585394425589 28.0
3.2186052837389227 28.0
3.231671228328351 27.0
3.258095017850623 27.0
3.259993354717651 26.0
3.278835038683453 26.0
3.295533555701003 26.0
3.309921279562627 26.0
3.329049441829918 26.0
3.3707377171946358 27.0
3.4253158470456455 27.0
3.4402917364965755 27.0
3.4448460274421304 26.0
3.4650321967126683 26.0
3.477188924546587 26.0
3.479457463393056 26.0
3.4932223669124727 26.0
3.516467945847801 26.0
3.5183389958259155 26.0
3.5747084481392988 25.0
3.575707747846274 25.0
3.5767737954445704 26.0
3.6003317025302493 25.0
3.6007283542417197 25.0
3.6155562630638443 26.0
3.6240744616180227 25.0
3.646181090347575 25.0
3.6477846044253184 24.0
3.667689940783326 24.0
3.6705595623575675 24.0
3.6906129919989548 23.0
3.720333862348198 22.0
3.7239062206040736 22.0
3.7339248858851075 21.0
3.741346289011398 21.0
3.780946043988381 21.0
3.789562992143742 21.0
3.7968601339210535 21.0
3.808195274583468 21.0
3.824562527516656 21.0
3.83052273222196 21.0
3.8350364094045837 21.0
3.8437425545774313 20.0
3.940531401838499 19.0
3.959776926250577 19.0
3.961221662567058 19.0
3.9671443437270812 19.0
4.0039995067844885 19.0
4.019499769296844 20.0
4.062774592857214 20.0
4.067179990987113 20.0
4.07983520609896 21.0
4.091978185182066 21.0
4.100533685752485 21.0
4.103036391643303 20.0
4.109644008006235 21.0
4.132438737586222 20.0
4.133813989822343 20.0
4.135036352786123 20.0
4.174046975672464 19.0
4.1831920776210945 19.0
4.221095063329066 19.0
4.259958617940421 19.0
4.273029319499458 19.0
4.274979289688635 20.0
4.295072348293519 20.0
4.333635893774928 20.0
4.35536014516981 20.0
4.375965500985979 20.0
4.393357811710305 20.0
4.4005921444398055 20.0
4.402544058760726 20.0
4.457941759656211 21.0
4.481194070347089 21.0
4.501344206320137 21.0
4.530439599724867 20.0
4.536279375159543 20.0
4.555505866240767 20.0
4.564677558540139 21.0
4.570471129672651 21.0
4.578282689404807 21.0
4.630347014437652 20.0
4.722016969953294 19.0
4.723823345064984 19.0
4.887326751278672 18.0
4.892843956367085 18.0
4.928463366813505 18.0
4.957932568328511 19.0
4.9751045162896395 19.0
5.000401326342882 18.0
5.000538792254147 18.0
5.012117327862304 19.0
5.050548265526308 19.0
5.051851769062586 19.0
5.0791768918646865 20.0
5.096024897302849 19.0
5.111027789220086 18.0
5.112226557527259 18.0
5.117812430910483 18.0
5.123265237345233 18.0
5.16737372934695 18.0
5.170721532253224 18.0
5.177056022155697 18.0
5.2160524855611845 18.0
5.228739083162049 18.0
5.2291373051252155 18.0
5.266085622604133 19.0
5.291938212762942 20.0
5.317513371917835 20.0
5.377526231699288 20.0
5.407259955092532 19.0
5.418792631465463 19.0
5.433982130385268 18.0
5.615245589302199 18.0
5.616234113333104 18.0
5.627615318530273 18.0
5.667790006884802 17.0
5.698573634437729 16.0
5.7764143223850475 17.0
5.778803654014285 17.0
5.788485792553201 17.0
5.801235524881562 16.0
5.835090156220521 16.0
5.883631393793004 17.0
5.8861412502356245 18.0
5.909559910235461 18.0
5.911415437657748 18.0
5.934552719273938 17.0
5.960380076703634 17.0
6.02110757616585 17.0
6.039219109135916 18.0
6.049919800115315 17.0
6.098304048667367 17.0
6.176794715194645 18.0
6.200076445375933 17.0
6.200890902396403 17.0
6.2294305924914095 17.0
6.248759726972179 17.0
6.266173211702247 16.0
6.339829146870448 17.0
6.357943637065367 17.0
6.3709458803912185 17.0
6.414755357913599 17.0
6.418077808636357 17.0
6.443636928915621 17.0
6.458631268864661 18.0
6.458973923211058 18.0
6.467135973581037 18.0
6.476611451910892 19.0
6.485590824185942 19.0
6.512523018029511 20.0
6.516807881809435 20.0
6.5229574113436675 20.0
6.541322789787027 20.0
6.548548112700222 21.0
6.5618222821276975 21.0
6.574746599341918 21.0
6.645869399629937 20.0
6.674232893436945 20.0
6.686966502148523 20.0
6.752032914325011 20.0
6.797032116537315 20.0
6.802220300298156 21.0
6.814718051251721 21.0
6.869665849135857 21.0
6.954992546534989 20.0
6.980966854626162 20.0
6.991609556410711 19.0
7.0092350727821 19.0
7.038319402043219 20.0
7.05248614484293 20.0
7.109089748805012 20.0
7.120427378768871 19.0
7.144813027250704 19.0
7.150286576300087 19.0
7.1658172092512755 19.0
7.170196094341793 18.0
7.197347440393132 18.0
7.2087010332939085 18.0
7.230568437200239 18.0
7.244408575192624 17.0
7.251740556196596 17.0
7.253965338974976 17.0
7.2887725650422235 16.0
7.288901542020987 16.0
7.29514990370507 17.0
7.297659666069584 17.0
7.318265185813555 16.0
7.3423298677054065 15.0
7.367918254463964 15.0
7.388686391921316 15.0
7.424274579792738 15.0
7.429011552675866 14.0
7.4397249133028165 14.0
7.490304220398729 15.0
7.511031756664628 15.0
7.521837336179353 15.0
7.537761353679487 15.0
7.543420352915538 14.0
7.55932160138551 14.0
7.562614214495109 14.0
7.58754586645064 14.0
7.5894999979638715 13.0
7.5948512278150915 13.0
7.605922195248252 13.0
7.650392637168824 13.0
7.653134153171316 13.0
7.679773479079451 12.0
7.721866333802195 13.0
7.7384096117150944 13.0
7.841281959698634 13.0
7.908956760929966 13.0
7.9825106724110455 13.0
8.01159424762917 13.0
8.023560211219111 12.0
8.121189502088638 12.0
8.16160691014103 12.0
8.206983313405278 11.0
8.266741747876951 11.0
8.271164734358956 11.0
8.343861419528583 11.0
8.35456052260945 11.0
8.400064169513387 10.0
8.444939045831287 10.0
8.459245973429194 11.0
8.506535660379235 11.0
8.56218310799038 11.0
8.643869896237138 11.0
8.65584710011022 10.0
8.659903720933235 10.0
8.670538717248952 10.0
8.68646555926271 10.0
8.745258703744783 10.0
8.749089079984834 10.0
8.76094868509008 10.0
8.860597435112389 10.0
8.897641772152694 10.0
8.967874164950189 10.0
8.974037752340417 9.0
8.982722632449102 9.0
8.991163470726299 8.0
8.996674935115994 7.0
9.065156742784742 7.0
9.065584018032206 7.0
9.076057663646182 7.0
9.109037592153546 7.0
9.113768923676483 7.0
9.132725596493527 8.0
9.15570097881759 8.0
9.23545628735718 7.0
9.380534065929133 6.0
9.421590153871502 6.0
9.457875370874042 7.0
9.460001428980203 7.0
9.471787474827165 8.0
9.479412607271282 8.0
9.50183416267964 8.0
9.554110304751294 8.0
9.555400314168196 8.0
9.634301783241426 8.0
9.65988839231727 8.0
9.675191356637724 8.0
9.77863994376474 8.0
9.862003258887333 8.0
9.938022384984885 8.0
10.080791619168847 8.0
10.090503819771834 7.0
10.09560589147694 7.0
10.138252552190748 8.0
10.197707805976737 8.0
10.205779914871172 8.0
10.237529994380983 7.0
10.238743528164472 7.0
10.299641439627871 7.0
10.377067742966515 7.0
10.440757232528396 7.0
10.44925134694423 7.0
10.484432685076765 6.0
10.502114819316219 7.0
10.520410289021052 7.0
10.62010606771406 7.0
10.664014584864558 7.0
10.675329943286963 7.0
10.703137696663514 7.0
10.767488222732435 6.0
10.786411591900666 6.0
10.802379137253952 6.0
10.819201758033449 6.0
10.934378312114555 5.0
10.938287252399242 4.0
10.952876713466404 4.0
10.95472335049166 4.0
10.997907056413842 4.0
11.011580243502115 4.0
11.05455538418053 4.0
11.065694013421083 4.0
11.123495118189487 4.0
11.24545677405155 4.0
11.282855670346157 4.0
11.302540268662488 4.0
11.45890478578857 4.0
11.48673785108731 4.0
11.525620514273905 3.0
11.565835055123129 3.0
11.69869013164103 3.0
11.709594291920308 3.0
11.715907097653094 3.0
11.75804083613359 3.0
11.775028261568115 2.0
11.785514207455677 1.0
11.86700581530922 1.0
11.936230131631904 1.0
12.057179051763836 1.0
12.151497582253814 1.0
12.202829790288204 1.0
12.2794968489581 1.0
12.347057343754997 1.0
12.380277774183037 1.0
12.390764694521467 1.0
12.413713913236585 1.0
12.438720490860122 1.0
12.559169557773545 1.0
12.582130175773704 1.0
12.614573790157591 1.0
12.624370851313943 1.0
12.799165397888355 1.0
12.808228503901994 1.0
12.869064277110564 1.0
12.878615138904603 1.0
12.878639042131539 1.0
12.940983957460176 1.0
12.972579404129169 0.0
13.008522094126636 0.0
13.010153136517255 0.0
13.02084283188846 0.0
13.026358341727342 0.0
13.154360124112221 0.0
13.17315572483869 0.0
13.400588975283881 0.0
13.419383934140479 0.0
13.547414118444522 0.0
13.619987929291625 0.0
13.735371996670201 0.0
13.778306606414782 0.0
13.799628110204555 0.0
13.954354821491561 0.0
14.055032403156085 0.0
14.144381680248857 0.0
14.225757329657354 0.0
14.236748093584808 1.0
14.359941958144631 1.0
14.377819413322818 1.0
14.384997744125458 1.0
14.57320319638097 1.0
14.585612440682215 1.0
14.672758006660825 1.0
14.877091653090392 1.0
14.932629995458287 1.0
15.225398895642032 1.0
15.230301386279674 1.0
15.275535953321034 2.0
15.323316768471624 2.0
15.382707639086991 2.0
15.682650631162904 2.0
15.77041566906646 2.0
16.100415681135182 1.0
16.195853112353415 2.0
16.381787418715728 2.0
16.389173235768432 1.0
16.501969554802294 1.0
16.536919829048195 1.0
16.557389702687416 1.0
16.586197490576673 1.0
16.724532584912097 1.0
16.86426202574429 1.0
16.901818651130384 1.0
16.93741708855783 1.0
16.95212399645111 1.0
17.00884516681746 1.0
17.072707125018333 1.0
17.133306187044838 1.0
17.172568612830997 1.0
17.239257736525875 0.0
17.2567120435394 0.0
17.267278370933436 0.0
17.328023933105005 0.0
17.474544393611026 0.0
17.48242161137761 0.0
17.678712454881968 0.0
17.695696483439875 0.0
17.712577857383376 0.0
17.71324349721815 0.0
17.7482838428173 0.0
17.75665332523647 0.0
17.780417448612106 0.0
17.804921073857187 0.0
18.165329017344956 0.0
18.21091119381053 0.0
18.359080686491286 0.0
18.381267248109175 0.0
18.458838075296303 0.0
18.468517240202946 0.0
18.556984489860735 0.0
18.702547230546813 0.0
19.09518131224324 0.0
19.123900105801855 0.0
19.143472713867002 0.0
19.285386859877118 0.0
19.477089903439367 0.0
19.506727291645067 1.0
19.52719269611947 1.0
19.577995708437623 1.0
19.69045414676796 1.0
19.705009069545458 1.0
19.844479821664027 1.0
19.95340179129079 1.0
20.01460073760212 1.0
20.04514947596207 1.0
20.079150266641864 1.0
20.09883917810437 1.0
20.281952031529872 1.0
20.68133264901455 1.0
20.702662610695135 1.0
20.708936078959 1.0
20.990005943404206 1.0
21.04309661185119 1.0
21.07718461097322 1.0
21.266501738540605 1.0
21.357076490524864 1.0
21.363662561124723 1.0
21.396493624712043 1.0
21.431769631071763 1.0
21.43714836073137 1.0
21.43791381964875 1.0
21.490402363483334 1.0
21.561567932305653 1.0
21.76754278026806 1.0
21.927075252844872 1.0
22.137944966543312 1.0
22.180680743934122 1.0
22.232072214827117 1.0
22.234900140545218 1.0
22.321271097596725 1.0
22.43169154675664 2.0
22.51064881006853 2.0
22.660453523976738 2.0
22.76136001103148 2.0
22.921600520564883 1.0
22.943469879431003 1.0
22.997957512196507 1.0
23.1661471668361 1.0
23.206573083281857 1.0
23.399196105049388 0.0
23.411684591523414 0.0
23.417261742265815 0.0
23.4644479864852 0.0
23.621643042357885 0.0
24.096466787619107 0.0
24.115610566638026 0.0
24.120384025446977 0.0
24.35258225000326 0.0
24.45431465351904 0.0
24.46404815732443 0.0
24.50879670733267 0.0
24.830088610667293 0.0
25.034935685588593 0.0
25.28056593249493 0.0
25.546808643720347 0.0
25.568069359027575 0.0
25.599496911486344 0.0
25.858325881560045 0.0
25.87507080669145 0.0
26.130415482272195 0.0
26.2276213751139 0.0
26.494622890759512 0.0
26.5574150932041 0.0
26.93449579548648 0.0
27.715116790984318 0.0
27.79096272097442 0.0
28.159676776607817 0.0
28.261358589693952 0.0
28.4604695944331 0.0
28.59975877129857 0.0
28.6216646732494 0.0
29.102608753717583 0.0
29.23004903355892 0.0
29.277094741414235 0.0
29.386729945152084 0.0
29.497984305550922 0.0
29.65679251309161 0.0
29.79032009396929 0.0
29.899267326682587 0.0
30.180419246827853 0.0
30.226676917715523 0.0
30.309977630694302 0.0
30.40618958276485 0.0
30.598440899899106 0.0
30.676324052847665 0.0
30.699408568351313 0.0
30.7747201088078 0.0
30.94957319832611 0.0
31.053427829063995 0.0
31.555211987175348 0.0
32.1872778881416 0.0
32.30454118337566 0.0
32.37189404443177 0.0
32.39521368459437 0.0
32.43292754340705 0.0
32.669221892854615 0.0
32.95761573016353 0.0
32.99167676675385 0.0
33.019575489184334 0.0
33.164658634083 0.0
33.29400458983008 0.0
33.35262065662161 0.0
33.445579208264675 0.0
33.44567493201204 0.0
33.49009804668958 0.0
33.63066423486506 0.0
33.65024814106426 0.0
33.72620812292782 0.0
33.76379906855461 0.0
33.817862735594396 0.0
33.90285584738551 0.0
34.08097182281668 0.0
34.11008000400537 0.0
34.21003074305658 0.0
34.3142431341566 0.0
34.37701193106565 0.0
34.404776962367265 0.0
34.429341225799696 0.0
34.592953723714565 0.0
34.62648478297985 0.0
34.661523453017224 0.0
34.73683550246702 0.0
34.87051544114592 0.0
35.08080555105071 0.0
35.14858650853076 0.0
35.2470065721985 0.0
35.34873730829559 0.0
35.49299228358658 0.0
35.62747688044704 1.0
35.68182954923879 1.0
35.90498044601783 1.0
35.940093043722875 1.0
35.95707594452482 1.0
36.11448129263173 1.0
36.15117414916256 1.0
36.16619346165219 1.0
36.20627501891092 2.0
36.393417847319135 2.0
36.50883731661459 2.0
36.54602916354545 1.0
36.59398057182923 1.0
36.91978990011667 1.0
37.15183892939143 1.0
37.34375097820401 1.0
37.37819939754511 1.0
37.381470019525466 1.0
37.64644412521757 1.0
38.017941656232345 1.0
38.020229273417215 1.0
38.02186619184417 1.0
38.093927935518956 0.0
38.12641047791608 0.0
38.17479349318441 0.0
38.30244727908358 0.0
38.417072862583225 0.0
38.57713217861635 0.0
38.61493860995242 0.0
38.77857838491188 0.0
38.93622480812965 0.0
39.05798860570082 0.0
39.35498861699117 0.0
39.52163753282128 0.0
39.5255597964122 0.0
39.63573159123804 0.0
40.0717395803952 0.0
40.27668269109475 0.0
40.36668756203072 0.0
40.45982560280994 0.0
40.56595279180397 0.0
40.69350739771515 0.0
40.80821760191774 0.0
41.0486970796078 0.0
41.06319989976121 0.0
41.10451546697417 0.0
41.25612669238515 0.0
41.90214755642092 0.0
41.910747746796716 0.0
41.92906581317583 0.0
42.15726121748972 0.0
42.361939304435936 0.0
42.39045703672656 0.0
42.40529488779015 0.0
42.49570814611668 0.0
42.56055083979069 0.0
42.56710082041425 0.0
42.589969150850166 0.0
42.62093737932008 0.0
42.80088049009701 0.0
43.126252646264504 0.0
43.21962158222257 0.0
43.55042398652643 0.0
43.588510146732176 0.0
43.80880567266796 0.0
44.18527121309239 0.0
44.20519986541919 0.0
44.38189081521281 0.0
44.395065801845604 0.0
44.49448960470082 0.0
44.56174602825839 0.0
44.57997625256797 0.0
44.6684962728264 0.0
44.70584826545633 0.0
44.84927524429578 0.0
44.88029555184928 0.0
44.92510760932722 0.0
45.331122835360574 0.0
45.51675587010299 0.0
45.52819122086093 0.0
45.63794315204872 0.0
45.811658250600054 0.0
45.88098723796842 0.0
45.995278781221764 0.0
46.11357334184332 0.0
46.12100338852437 0.0
46.19176278750646 0.0
46.45103176427617 0.0
46.67716186217581 0.0
46.725457735290924 0.0
46.78645485640026 0.0
46.81277580748469 0.0
46.91831375365166 0.0
47.023924364996645 0.0
47.11935858495043 0.0
47.13508828166655 0.0
47.22261953274504 0.0
47.31652305042971 0.0
47.75907891199488 0.0
48.03693760269629 0.0
48.092002637954955 0.0
48.12523428739246 0.0
48.147475658035155 0.0
48.148861314981936 0.0
48.189885931446184 0.0
48.32150028531256 0.0
48.36417129729471 0.0
48.372551847806484 0.0
48.437720033268945 0.0
48.474162594961896 0.0
48.5021970275445 0.0
48.73401538173391 0.0
48.931974723566285 0.0
48.97504297781445 0.0
49.07279147146859 0.0
49.07776639258406 0.0
49.14027500440026 0.0
49.48511027972972 0.0
49.65897269277618 0.0
49.77986205150897 0.0
49.89406368163155 0.0
49.89479360479067 0.0
50.13284651118016 0.0
50.157018188522706 0.0
50.175209768628065 0.0
50.175809799935074 0.0
50.235832959247524 0.0
50.41029603622538 0.0
50.47664941571694 0.0
50.58838845160528 0.0
50.75969978908727 0.0
51.23414894245192 0.0
51.46652740248276 0.0
51.84216202723513 0.0
52.13350366488014 0.0
52.166707058736776 0.0
52.18151445089914 0.0
52.52982083610656 0.0
52.53067615546475 0.0
52.592362049933655 0.0
52.61170355283955 1.0
52.71207482987947 1.0
52.98406709857818 1.0
53.07981555584111 1.0
53.242529752031224 1.0
53.26259727763189 1.0
53.345583602972894 1.0
53.3995497196928 1.0
53.5258887753805 1.0
53.55244265608935 1.0
53.64492377935287 1.0
53.78634266848046 1.0
53.87108267842353 1.0
53.956221893867074 1.0
53.95678223443365 1.0
54.184325071488445 2.0
54.39337048251685 2.0
54.557719462454564 2.0
54.59850104166806 2.0
54.657429379427604 2.0
54.69614016379902 2.0
54.70848439517004 2.0
54.77245897087752 2.0
54.97107520090929 2.0
55.05746132758688 2.0
55.13838240613387 3.0
55.176625438358386 3.0
55.278739197115144 3.0
55.34177631876776 3.0
55.400691980428974 3.0
55.428309426148 2.0
55.636548100946236 2.0
55.722084197776 2.0
55.82745355481493 2.0
55.86819390666229 2.0
56.0397861894469 2.0
56.039944618823306 3.0
56.10409093666114 3.0
56.1785854362316 3.0
56.275461908398626 4.0
56.29522410575282 4.0
56.32478693682342 4.0
56.35313323986237 3.0
56.48493818923191 2.0
56.498720852999405 1.0
56.51245236490921 1.0
56.73739872297005 1.0
56.799961019739925 1.0
57.04083749094691 0.0
57.28634560468187 0.0
57.75215838464662 0.0
57.79063206371028 0.0
57.832962195940866 0.0
58.00307252036095 0.0
58.01023460181228 0.0
58.05549577203149 0.0
58.16335076205715 0.0
58.200895622847035 0.0
58.29446020229667 0.0
58.355339920397654 0.0
58.732767455908544 0.0
58.87610910718389 0.0
59.00468290453514 0.0
59.08225339512808 0.0
59.40791465194915 0.0
59.457488904435436 0.0
59.58935562789094 0.0
59.59649580469345 0.0
59.59690674603677 0.0
59.60408241682801 0.0
59.67635622676073 0.0
59.79429701645757 0.0
60.07324226521215 0.0
60.100382223069325 0.0
60.22943289183814 0.0
60.25373142592296 1.0
60.27750407074498 1.0
60.35954472656703 1.0
60.52248100232322 1.0
60.59114277517691 1.0
60.92219035363933 1.0
60.94421657258437 1.0
60.99884067345095 1.0
61.21306464147165 1.0
61.29440654660585 1.0
61.31526029767344 0.0
61.331058950610775 0.0
61.36234194032339 0.0
61.36449543555121 0.0
61.37667068757783 0.0
61.44066771354869 0.0
61.496738102294174 0.0
61.61539839913403 0.0
61.76899890907975 0.0
61.80085711893581 0.0
61.97634234935411 0.0
62.92941437217051 0.0
62.963729851741405 0.0
63.04597468998695 0.0
63.067421118859926 0.0
63.12972176413971 0.0
63.215850348839794 0.0
63.43782097933343 0.0
63.94313272597315 0.0
64.0942854173964 0.0
64.1176969933659 0.0
64.17134811956268 0.0
64.22708584927379 0.0
64.31303374522858 0.0
64.41144103349566 0.0
64.57973579741162 0.0
64.61740227329129 0.0
64.77630694003456 0.0
64.90002486932599 0.0
64.95705390478793 0.0
65.11259546873798 0.0
65.27208658298571 0.0
65.29415177263797 0.0
65.45965675453677 0.0
65.58843677569502 0.0
65.91521223592812 0.0
66.04802469667888 0.0
66.09267492108378 0.0
66.13104705775682 0.0
66.22105024594954 0.0
66.28624918287795 0.0
66.51808681711714 0.0
66.65521685561761 0.0
66.82679689653992 0.0
66.96358869902107 0.0
66.98652893144369 0.0
67.03297598398477 0.0
67.03374006273937 0.0
67.22194864756722 0.0
67.2556343350074 0.0
67.29017511006914 0.0
67.30055589911007 0.0
67.34517464146181 0.0
67.60599743738871 0.0
67.6124130851146 0.0
67.7247003578766 0.0
67.75503205469825 0.0
67.78228210126525 0.0
67.84186402890877 0.0
67.87961051260424 0.0
68.04916831200917 0.0
68.1686522538165 0.0
68.31574396359395 0.0
68.34273287769639 0.0
68.50703020509849 0.0
68.5080548167193 0.0
68.52712132379713 0.0
68.55406350159934 0.0
68.71644546882989 0.0
68.84599453784304 0.0
69.01278356857918 1.0
69.09226210412896 1.0
69.23832486612262 1.0
69.25778768850853 1.0
69.28444455138761 1.0
69.29326552223984 1.0
69.33242390446259 1.0
69.37885236090264 1.0
69.43156602900655 1.0
69.43420775070959 1.0
69.44549271544035 0.0
69.45683939894516 0.0
69.57539387890932 0.0
69.7338466375449 0.0
69.80207046041603 0.0
69.93958711121063 0.0
69.95867586503499 0.0
69.96435963441638 0.0
70.0776690641871 0.0
70.10201826789441 0.0
70.18664093125487 0.0
70.25978687158114 0.0
70.29035231787859 0.0
70.57252906611801 0.0
70.66224655704579 0.0
70.68144193094757 0.0
70.76379206640158 0.0
70.90431066781318 0.0
71.12661745782792 0.0
71.13424593337828 0.0
71.19708719940728 0.0
71.25777742422058 0.0
71.58330573968875 0.0
71.70076577878105 1.0
71.83318738455401 1.0
72.04943812937215 0.0
72.13605998137021 0.0
72.2751799285537 0.0
72.32420615779594 0.0
72.50442858532087 0.0
72.77157110100322 0.0
72.78698777153735 0.0
73.52273618228593 0.0
73.55325720664112 0.0
73.78785882158871 0.0
73.91301840034217 0.0
74.11927855209065 0.0
74.32801379137847 0.0
74.38573815202959 0.0
74.48441655299101 0.0
74.63931254470562 0.0
74.65263788704189 0.0
74.7621099407499 0.0
74.78951607239074 1.0
75.02403024838046 1.0
75.07816654806379 1.0
75.08685092080492 1.0
75.2670867660544 1.0
75.44555600897294 1.0
75.48196243035116 1.0
75.66283751673572 2.0
75.75945547170905 2.0
75.96728317424143 2.0
75.97419466903061 1.0
76.33223624652399 1.0
76.34528483996156 1.0
76.46351335280673 1.0
76.65003074924451 1.0
76.78243378271155 1.0
76.8883280950039 1.0
76.91323014426487 0.0
76.95779646879963 0.0
77.07152253334468 0.0
77.07160889216162 0.0
77.07479660681238 0.0
77.21466663362197 0.0
77.22958625022544 0.0
77.26471321854686 0.0
77.43111800081095 0.0
77.53640617638385 0.0
77.59363030946103 0.0
77.59522878005113 0.0
77.65650525669729 0.0
77.67175564193403 0.0
77.6940513833727 0.0
77.75936727719184 0.0
77.91637772000426 0.0
77.96034371528931 0.0
78.05997939295005 0.0
78.08109345140285 0.0
78.10386821292136 0.0
78.21637446328015 0.0
78.29125008362777 0.0
78.37086027086379 0.0
78.46146320058232 0.0
78.8370090283818 0.0
78.88748290182234 0.0
78.93765705408056 0.0
78.94414201786823 0.0
79.39127374701944 0.0
79.3953179281961 0.0
79.46453676322275 0.0
79.66161172558823 0.0
79.69346704233723 0.0
79.83935287705134 0.0
79.96418779049935 0.0
80.12929669551477 0.0
80.16737971817005 0.0
80.32657551886925 0.0
80.41818514609798 0.0
80.44533849975149 0.0
80.49323279221437 0.0
80.66835629974973 0.0
80.67869729833104 0.0
80.70472596954977 0.0
80.79043476869249 0.0
80.83665784925068 0.0
80.88485476293344 0.0
80.96124368037351 0.0
81.25103172361145 0.0
81.30762085496738 0.0
81.31216463280195 0.0
81.45887616747997 0.0
81.46841490018389 0.0
81.4800823508816 0.0
81.48301865451725 0.0
81.51100397070732 0.0
81.51446360608604 0.0
81.66160704129837 0.0
81.85793784902006 0.0
81.92292601642434 0.0
81.93820803125475 0.0
82.06235018014254 0.0
82.14647338422577 0.0
82.18343330551161 0.0
82.29407721676726 0.0
82.301787774339 0.0
82.34732045685828 0.0
82.38065940681162 0.0
82.38081025931527 0.0
82.42314404175427 0.0
82.52564759741044 0.0
82.62169553693737 0.0
82.79999838748647 0.0
83.1139737907504 0.0
83.29614007717284 0.0
83.40567548355969 0.0
83.42159243560506 0.0
83.62224013931429 0.0
83.68311650166913 0.0
83.70193113202362 0.0
83.74887568086282 0.0
83.81672896456732 0.0
84.1391841331078 0.0
84.16172623911277 0.0
84.21628651720616 0.0
84.2583980523927 0.0
84.47332329595675 0.0
84.59693061744436 0.0
84.76560176047268 0.0
84.77315555676446 0.0
84.78927475469438 0.0
84.89894350718053 0.0
84.94748225175654 0.0
85.18740036059808 0.0
85.25833840312721 0.0
85.3060752101069 0.0
85.35919913620532 0.0
85.68505554557875 0.0
85.69293817346055 0.0
85.91481408475391 0.0
86.0014398763362 0.0
86.05653889223863 0.0
86.06864776977152 0.0
86.15752304645677 0.0
86.79852512932139 0.0
86.81799760406552 0.0
86.8376338678157 0.0
87.11744741255036 0.0
87.22011674457028 0.0
87.33589680490137 0.0
87.51636155806155 0.0
87.65465875509655 0.0
87.74168175930548 0.0
87.90357553320612 0.0
88.0277471902924 0.0
88.21553381802855 0.0
88.2430596206657 0.0
88.49084047313482 0.0
88.68520379955311 0.0
89.48841987562231 0.0
89.70570445505012 0.0
89.81913590345515 0.0
89.86311578903361 0.0
90.00652139211911 0.0
90.20118480213029 0.0
90.2487067141731 0.0
90.53221842203354 0.0
90.53948736050592 0.0
90.54596095584188 0.0
90.95882973041138 0.0
90.96099522142998 0.0
90.9780891354966 0.0
91.01901263780553 1.0
91.16853362425391 1.0
92.00974029762776 1.0
92.14274934431268 1.0
92.74551640724658 1.0
92.83448702929691 1.0
93.1046696123455 1.0
93.10665683830993 1.0
93.16501685062298 1.0
93.28892352970108 1.0
93.34909667921046 1.0
93.67835360230093 1.0
93.76481739390226 1.0
93.87858885887611 1.0
93.89532178684544 1.0