0.0 35.0
0.044338327392782026 34.0
0.24070641866158332 33.0
0.3118175431545056 32.0
0.35412951822614286 32.0
0.3757105774295163 32.0
0.4111921212743707 31.0
0.4168896255087011 30.0
0.44168365989331476 30.0
0.45969842968583474 29.0
0.48381908706952925 28.0
0.5173741421915674 29.0
0.5750613321833359 30.0
0.5781560935693748 31.0
0.5943649059859606 32.0
0.6033118401068905 32.0
0.6239801925250607 32.0
0.6374446844420137 32.0
0.6399120352735609 32.0
0.6433482856845344 31.0
0.6581416855005182 30.0
0.6882278855381391 30.0
0.6945939992939969 29.0
0.71664821409365 28.0
0.7520937055451217 27.0
0.7526361965355339 27.0
0.7528739361822429 26.0
0.7623162124777347 25.0
0.802714450224093 26.0
0.8124213680962107 25.0
0.8183951288650696 25.0
0.8377667103594854 25.0
0.9610871088640927 25.0
1.0226011539053959 25.0
1.0647917641822695 25.0
1.0866402037122078 26.0
1.1025747822477547 26.0
1.1061389608869707 26.0
1.1072653579613712 27.0
1.1091932518282792 28.0
1.1695385917487735 27.0
1.2007394200872572 26.0
1.219573720869183 27.0
1.2862153288543061 27.0
1.3013849558492954 26.0
1.3205194884397773 26.0
1.3590568421482752 26.0
1.4541180600444892 25.0
1.4578935018215613 25.0
1.461244695679382 25.0
1.4898888978750766 25.0
1.5686764162245233 25.0
1.5761770997115405 25.0
1.5832104138603804 25.0
1.6499939165829007 26.0
1.6801834678016467 27.0
1.7325929104407918 27.0
1.7358374912072643 27.0
1.7508295184527662 27.0
1.7652543356855344 27.0
1.76777293791608 27.0
1.7727869618021066 27.0
1.8020508053905138 26.0
1.8151047569676753 26.0
1.8252383830330168 26.0
1.8480321318299224 27.0
1.9531910405045512 26.0
1.9624363469237753 26.0
1.995849443783857 26.0
2.058868756320219 26.0
2.125286756577484 25.0
2.1598205165291553 25.0
2.1770328328595894 26.0
2.190104161259149 25.0
2.2011391809324192 25.0
2.2297022519952927 26.0
2.2395179888872705 27.0
2.279465425026596 27.0
2.2973296319414835 27.0
2.310991932651411 26.0
2.418375461053213 25.0
2.426165137035969 25.0
2.4301138453436297 25.0
2.4770163064026285 25.0
2.484428488453905 24.0
2.5596501176398667 25.0
2.5685811155849767 26.0
2.5889432294261705 25.0
2.5924969395301147 24.0
2.617680683786622 24.0
2.6215677842291627 25.0
2.6373807694102505 25.0
2.6780327547655607 25.0
2.742557756059622 26.0
2.7606097204558577 27.0
2.906303750115866 27.0
2.907092012358352 27.0
2.9152088710763255 27.0
2.9365380314772263 27.0
2.9834928991319223 27.0
3.003179039302505 26.0
3.0972976681277955 26.0
3.1489077633562705 27.0
3.1683694280765655 26.0
3.2501010844109546 25.0
3.2632732903816293 25.0
3.361782236620468 24.0
3.3664750752293218 24.0
3.5120093376670156 25.0
3.5174361462968995 26.0
3.5793926359822077 27.0
3.6020024396546595 28.0
3.647841628964177 27.0
3.648566879636997 27.0
3.666074550354478 27.0
3.669364185477935 26.0
3.75703993385484 26.0
3.764135753438778 26.0
3.773775363208016 26.0
3.7792221650531626 25.0
3.8163320841536077 25.0
3.8166876845030293 26.0
3.884074037215217 26.0
3.889125286446976 27.0
3.920654872814089 28.0
3.967588138993249 29.0
3.969726838622202 29.0
3.9989388156744394 28.0
4.092839175910395 28.0
4.108299639240791 27.0
4.134766394408933 27.0
4.147810716683117 26.0
4.1494489354990405 27.0
4.149629945078828 27.0
4.152591113049835 28.0
4.204799962852227 27.0
4.233441430644129 28.0
4.247134591327087 29.0
4.258291830364849 30.0
4.335239830999921 31.0
4.381611219259697 30.0
4.381806009394054 29.0
4.392460500955595 29.0
4.4230673726130085 28.0
4.423866748768084 29.0
4.444734342406936 30.0
4.456697209687755 29.0
4.459856067335778 29.0
4.470003363891249 28.0
4.545464799491949 29.0
4.55463995907012 29.0
4.5563346184977584 30.0
4.5839317599133365 30.0
4.613904545623795 31.0
4.6167283619411466 30.0
4.701325522588837 30.0
4.72557860825955 30.0
4.7267860738748215 30.0
4.744145233314606 29.0
4.747895020118265 28.0
4.781021468752165 28.0
4.786461043038582 28.0
4.826822714018301 29.0
4.842791976219547 29.0
4.9565977020363405 30.0
5.029106306839625 30.0
5.080574408435187 30.0
5.1295955145519185 31.0
5.159410159747278 32.0
5.191498289671425 32.0
5.209333271428914 32.0
5.221574147010057 33.0
5.360839263432613 32.0
5.365809626419331 32.0
5.373927675240127 32.0
5.414757747120629 31.0
5.4859143820478815 30.0
5.495522048333378 30.0
5.512380337547516 30.0
5.539243389556923 30.0
5.570129061953624 31.0
5.65450620304857 31.0
5.655275521101096 31.0
5.679354263682384 32.0
5.706785480051179 33.0
5.712901241576066 33.0
5.754652276179824 32.0
5.766487485165491 32.0
5.774924599295923 32.0
5.780632298205197 32.0
5.795794430230619 32.0
5.809260994262068 31.0
5.845740820205751 31.0
5.913031248804743 31.0
5.914803652492436 31.0
5.925992775165852 31.0
5.944541829980086 31.0
5.964723882718118 31.0
5.973883802403729 31.0
6.028760154458742 32.0
6.030623734964371 33.0
6.068910743623921 33.0
6.112758118731903 33.0
6.12359091224865 33.0
6.192512346958522 33.0
6.246510638716445 34.0
6.2683838956661875 34.0
6.2823668537262725 33.0
6.3234435736284675 34.0
6.449370951344635 33.0
6.472335838726125 34.0
6.502984660275674 34.0
6.505607432031318 34.0
6.565076542526596 34.0
6.65126005919924 33.0
6.697167249145194 34.0
6.7224452569114295 35.0
6.7342346537878885 35.0
6.809616844057363 34.0
6.851139826780913 34.0
6.885347996449864 34.0
6.977680078291353 34.0
7.005890160485641 33.0
7.011790684949081 33.0
7.041453344355582 33.0
7.144003912845083 34.0
7.15306254341058 34.0
7.223147183735934 34.0
7.241224114198887 33.0
7.24380682313594 32.0
7.291706403709536 32.0
7.30305167936799 32.0
7.305061194207734 32.0
7.375246855512894 33.0
7.379685842037224 32.0
7.450950703272061 33.0
7.4572536327370385 32.0
7.46447628496763 31.0
7.484155084648918 31.0
7.49108212128713 31.0
7.491227375511266 31.0
7.4934967738571885 31.0
7.527559460571466 31.0
7.530857198443115 30.0
7.546129299546479 29.0
7.5783705988655825 30.0
7.58682600758886 30.0
7.590563345704012 30.0
7.616152740237591 30.0
7.635531092825176 31.0
7.661307868800923 30.0
7.666081776201477 29.0
7.673208457029036 29.0
7.734303435707696 28.0
7.791399410309236 29.0
7.838163038641405 29.0
7.8483303849989925 30.0
7.8604257984371975 29.0
7.860634070768537 30.0
7.868894647577463 31.0
7.91158615107989 31.0
7.917347487634559 32.0
7.9256239896932845 32.0
7.935807609099535 33.0
7.940608259631953 33.0
7.943666368684332 32.0
7.94518462856994 32.0
7.948831257103362 32.0
8.021184851046002 32.0
8.023107015024932 31.0
8.027940522094859 31.0
8.067795608691513 32.0
8.082795138141666 31.0
8.100332705090576 31.0
8.1127266949679 30.0
8.125563336675992 30.0
8.144079998612394 30.0
8.156772197713979 29.0
8.159753085166356 30.0
8.227405269429424 30.0
8.229772004093796 31.0
8.24669009092704 32.0
8.248002814439186 32.0
8.277624818688873 33.0
8.309652731441917 33.0
8.377016252695741 33.0
8.381470838384272 34.0
8.41145868516763 35.0
8.48498278486792 35.0
8.494414585119094 35.0
8.557728275284038 36.0
8.565605755951001 35.0
8.57416972394262 36.0
8.579940965795993 36.0
8.6440343519939 35.0
8.647171268596667 34.0
8.65523287282231 34.0
8.668198666520649 33.0
8.714905065498574 34.0
8.728372832901547 35.0
8.76465011593392 35.0
8.779415458218924 36.0
8.789276045803597 35.0
8.873012515169368 34.0
8.879900882143572 34.0
8.883880410136403 33.0
8.907331601685156 32.0
9.008592263527088 33.0
9.014631223826685 32.0
9.039350287101389 32.0
9.075962258600743 32.0
9.080111435922008 32.0
9.207856914146166 32.0
9.304496290888721 32.0
9.367385886979532 32.0
9.372958331809395 32.0
9.3941067922066 32.0
9.395540095490734 33.0
9.447742746319165 33.0
9.504434128670196 32.0
9.514019688160785 31.0
9.58450465511929 31.0
9.615860515439328 31.0
9.624078154241124 31.0
9.710210495161558 30.0
9.795396570288286 29.0
9.829478042226178 28.0
9.830485296425376 28.0
9.88316543452264 28.0
9.909269846575086 28.0
9.937899524578542 27.0
9.947838172757217 27.0
10.037989937300036 26.0
10.044031879300379 27.0
10.076113467834526 27.0
10.135574676838408 28.0
10.145575922450965 28.0
10.198558132144136 27.0
10.201906968540214 26.0
10.213411684060029 27.0
10.257181673211402 27.0
10.269776867108998 27.0
10.297680742183397 26.0
10.30012788347621 26.0
10.378744657385596 25.0
10.39846722381884 24.0
10.407637951795534 23.0
10.414369219147442 23.0
10.417354604281266 23.0
10.4209960293129 22.0
10.485128584129352 22.0
10.488405079245961 21.0
10.55427583405018 21.0
10.555148440600481 21.0
10.57203393946116 21.0
10.625745142557722 22.0
10.635349713291406 22.0
10.658103415668046 21.0
10.678043169172199 21.0
10.678386423805817 20.0
10.68551016326198 21.0
10.692989243016756 21.0
10.756533975024734 21.0
10.76776377661483 22.0
10.842463639334733 21.0
10.945896215461916 21.0
10.952312172082188 20.0
10.966673718340065 20.0
10.977612243126345 21.0
11.019048295012833 21.0
11.051339805779616 20.0
11.062124377898023 20.0
11.129554854911332 19.0
11.163997378405343 20.0
11.202267651628063 20.0
11.298702742379207 20.0
11.312357072259703 19.0
11.364899785275835 19.0
11.366254194644913 18.0
11.37820932209286 17.0
11.410636273730061 18.0
11.421563589014177 18.0
11.511568517205625 17.0
11.515389432789382 18.0
11.519691603972015 17.0
11.546571380612995 18.0
11.590525171991631 19.0
11.604925863728061 18.0
11.610909144001997 18.0
11.668351579029185 17.0
11.672026020998103 18.0
11.678832320661467 19.0
11.701669301535077 19.0
11.74967268261224 19.0
11.755807007256394 19.0
11.770028664463611 20.0
11.860995528765477 20.0
11.88222122498901 20.0
11.883779083040567 20.0
11.9292744807304 21.0
11.992932138458256 21.0
11.997049167566566 22.0
11.99705801990917 21.0
12.07464720817185 21.0
12.119033103935694 21.0
12.127532682253182 20.0
12.149573448571104 19.0
12.175056486392485 18.0
12.214498373852834 18.0
12.252315717397407 18.0
12.30856072132064 18.0
12.405578944567324 19.0
12.436474532403004 19.0
12.501845742256416 19.0
12.522163405805024 19.0
12.536827325547192 19.0
12.550624873449062 20.0
12.572351494255697 20.0
12.62798533919681 21.0
12.663584823322315 22.0
12.671351467978567 22.0
12.67870862555895 21.0
12.697494806462515 22.0
12.735160526378882 23.0
12.737076956178473 23.0
12.772319634250525 24.0
12.79443030229119 25.0
12.815595102801172 25.0
12.83951847352602 24.0
12.859743545130817 25.0
12.90894390251315 24.0
12.926050419912212 24.0
12.963049334057253 25.0
13.02709226063355 26.0
13.169913716702824 26.0
13.36110029988128 27.0
13.376622831978965 27.0
13.5278483640455 27.0
13.535596409216957 28.0
13.53636487854834 27.0
13.562917900845228 27.0
13.587190623983334 27.0
13.600810735756054 27.0
13.68209972088998 28.0
13.721820354835222 27.0
13.77530084255913 27.0
13.777400571024152 27.0
13.834095806373957 26.0
13.840785119221305 27.0
13.849123025146167 27.0
13.877991424470283 27.0
13.918891462990363 28.0
13.975427819973874 28.0
13.979499136178116 29.0
14.037014731696942 30.0
14.046395616491957 30.0
14.053285597534721 30.0
14.095630786465442 29.0
14.1184986264132 28.0
14.143357816939073 29.0
14.175510159246898 29.0
14.180149504757273 30.0
14.21762729143704 29.0
14.236928357120592 29.0
14.282751883279222 29.0
14.296932468331375 30.0
14.385629643032205 30.0
14.426220245013784 29.0
14.459812231717375 30.0
14.509167538164105 30.0
14.584840148875825 29.0
14.59255983268784 28.0
14.644899381027736 27.0
14.64674212007903 26.0
14.662792495770807 26.0
14.671042049571238 26.0
14.673796190141289 26.0
14.694952935309294 26.0
14.705534496435506 25.0
14.72477346196317 25.0
14.745241391415023 25.0
14.759946252818503 24.0
14.760900794674415 24.0
14.769679793045572 24.0
14.786575551607456 25.0
14.839103028697547 26.0
14.940756141120461 25.0
14.980434426817519 26.0
15.028880958651598 26.0
15.109725844730553 25.0
15.130965913071082 26.0
15.17981810162213 25.0
15.211728467909316 26.0
15.264618462388421 25.0
15.298895620442904 25.0
15.314340706350459 25.0
15.332700619001837 26.0
15.473552107454141 26.0
15.507326571645416 26.0
15.53298487134614 25.0
15.555185196374724 26.0
15.564964639354852 25.0
15.60252026649996 24.0
15.643560535163829 23.0
15.684066501954696 22.0
15.733630417209309 22.0
15.737367930890064 22.0
15.76628975952154 22.0
15.781189557221332 22.0
15.79229640166064 21.0
15.800381147532608 21.0
15.800828134012294 21.0
15.835957680226997 21.0
15.855933108607486 21.0
15.857046943381482 21.0
15.871302433749912 21.0
15.893025835646668 20.0
15.89566560373394 19.0
15.89978137528097 19.0
16.01747556485952 19.0
16.02560750175861 19.0
16.11722266910657 18.0
16.15019400833687 18.0
16.17888505572207 18.0
16.21046739808192 18.0
16.272284444594234 18.0
16.298474375485764 18.0
16.34827139576117 18.0
16.38451845570908 18.0
16.42501586107939 19.0
16.459040552070878 20.0
16.487520651665907 20.0
16.4915289945285 19.0
16.498199210587277 19.0
16.607699700177605 20.0
16.62063143042614 19.0
16.630700426318167 19.0
16.63410230625785 20.0
16.63518503112256 21.0
16.644122492728883 20.0
16.649669087686103 20.0
16.660078768882933 20.0
16.672284674243123 20.0
16.693393268581794 19.0
16.74295681153295 20.0
16.767382468117187 21.0
16.835352970541976 20.0
16.850185180243322 19.0
16.931986777919615 19.0
16.964548712722817 19.0
16.98161824456493 18.0
16.992964888540506 18.0
17.015053699170526 19.0
17.16288423150607 19.0
17.171665334211205 19.0
17.176362257004175 20.0
17.200439081580345 19.0
17.20216135499117 19.0
17.213781583778697 18.0
17.21385652646243 19.0
17.22039687974247 19.0
17.22357506046471 19.0
17.23285473913699 19.0
17.24892100181469 18.0
17.381340256746324 18.0
17.392372866508406 19.0
17.40372569030177 18.0
17.436340577829377 18.0
17.441165795657692 18.0
17.457328845758774 18.0
17.470866075945676 18.0
17.486560813792153 17.0
17.534815521952318 16.0
17.605702718163815 16.0
17.646670912293477 15.0
17.652383173814265 15.0
17.689560184388995 15.0
17.742461886618152 15.0
17.753372281519333 15.0
17.764576565247275 15.0
17.852014181147926 14.0
17.85893744245169 14.0
17.9499682080365 13.0
17.963178533197585 13.0
17.988905386414704 13.0
17.999706642571887 13.0
18.03709085301228 13.0
18.11488813585358 14.0
18.12556856179979 15.0
18.13736158360389 15.0
18.138431671370853 14.0
18.166057533222865 14.0
18.186025839734047 14.0
18.20344381497126 13.0
18.242128200779334 13.0
18.27028932466349 14.0
18.275943128364794 15.0
18.367316089827668 16.0
18.464000562480283 17.0
18.52406603559927 17.0
18.609849697007796 17.0
18.616779296873023 17.0
18.62059751840312 18.0
18.623395420922733 18.0
18.666246350334855 17.0
18.689967364508345 17.0
18.70411245260673 17.0
18.752341963734498 17.0
18.75911303120186 17.0
18.770355276536044 17.0
18.788864483683252 17.0
18.81149399994088 17.0
18.82793677114154 17.0
18.85959991980613 17.0
18.900562074380577 16.0
18.921795007323166 16.0
18.93089568612876 16.0
18.9997371617994 15.0
19.05360351948205 15.0
19.079147248112324 16.0
19.15249938631263 16.0
19.17299584532451 16.0
19.1796388674504 16.0
19.191878875949715 17.0
19.197987751178054 16.0
19.256885969625333 16.0
19.277235733259836 17.0
19.300406244548704 16.0
19.316854054169784 15.0
19.351528496970726 15.0
19.38907450210352 14.0
19.400277785226887 15.0
19.414166409845226 15.0
19.432206035480608 16.0
19.438076783069793 17.0
19.471080949904955 17.0
19.511856147129485 17.0
19.523792027905838 17.0
19.52735424444081 17.0
19.556349436917106 17.0
19.56343712587161 16.0
19.58767722497364 16.0
19.599595809507907 15.0
19.623502674665975 15.0
19.62473441164022 15.0
19.628430132610536 16.0
19.635336298667497 17.0
19.675542253350226 16.0
19.705260041930465 16.0
19.711830700920075 17.0
19.793287597875743 17.0
19.81082506614014 17.0
19.853721074009684 17.0
19.90992980877363 17.0
19.968679252910327 18.0
19.992947626402973 18.0
19.99554045034862 17.0
20.03638472427887 18.0
20.04789305139635 18.0
20.181224403567896 18.0
20.192962356527214 18.0
20.19298592774978 18.0
20.201632436364978 18.0
20.20831236716573 19.0
20.22171729485349 19.0
20.236453435075152 20.0
20.25939298040371 20.0
20.288400622222586 20.0
20.33537303970539 20.0
20.363470664845114 20.0
20.4341287802093 19.0
20.487517044498393 18.0
20.57087713422349 18.0
20.578518958137593 18.0
20.61572658359456 19.0
20.638776539019066 19.0
20.650083001371797 19.0
20.6628450993105 19.0
20.664737694378168 19.0
20.670582485606424 19.0
20.67213913892192 19.0
20.703367398516544 19.0
20.836549583054936 19.0
20.84568794499453 18.0
20.877795064099693 18.0
20.92502530035815 18.0
20.96497281100504 18.0
20.965057310812522 17.0
20.97668437399909 17.0
20.99610455067586 16.0
21.01174401166039 15.0
21.050873902715086 15.0
21.069640931944967 16.0
21.1407926716869 17.0
21.14750281961013 17.0
21.156153594995327 17.0
21.164637525569898 17.0
21.169573594550847 16.0
21.187789879740755 16.0
21.191770809034562 16.0
21.214436609907565 17.0
21.260666337954802 16.0
21.26152210700958 16.0
21.272825835991508 15.0
21.273505140808822 14.0
21.32276513269696 14.0
21.343233541205635 14.0
21.34635859861026 15.0
21.423421905554473 14.0
21.448388967292683 14.0
21.477361316741234 13.0
21.523030101576353 13.0
21.53552658772724 12.0
21.555773755443973 11.0
21.603890587143596 12.0
21.654391650828824 12.0
21.656178325635032 12.0
21.682368403159934 12.0
21.6979453409493 12.0
21.71088785574375 12.0
21.737295896493112 12.0
21.739101258561245 12.0
21.764130780717615 13.0
21.774362055528677 13.0
21.799420044561572 14.0
21.832407749182526 15.0
21.844124078026546 15.0
21.856694374824354 15.0
21.923882827351537 15.0
21.93911780708773 15.0
21.96432143037122 15.0
21.99831539697159 15.0
22.006587106464806 15.0
22.060873760778385 16.0
22.064725832437283 16.0
22.073726776971853 16.0
22.106398653013226 16.0
22.113934493875878 17.0
22.149115427409967 17.0
22.195507670938728 16.0
22.231111694866463 15.0
22.32739740068665 16.0
22.391711670590958 16.0
22.507836125204726 15.0
22.591423665606623 14.0
22.5984993966214 14.0
22.601900097409914 14.0
22.623233530406768 14.0
22.626901822778642 14.0
22.682612654735106 15.0
22.697067801905607 15.0
22.792938100499143 16.0
22.797722445176067 15.0
22.83859065777275 15.0
22.85098489945577 16.0
22.871654284136042 15.0
22.902619056308158 15.0
22.916303544719256 14.0
22.948636498308552 14.0
22.95316735292269 13.0
23.012534178571023 12.0
23.14229140794953 13.0
23.14422305985933 13.0
23.20088787272334 14.0
23.202695176456093 14.0
23.203677506435948 13.0
23.220642226603303 12.0
23.2792787059684 12.0
23.33659796212703 12.0
23.35972819269259 12.0
23.398976903326446 13.0
23.47821426534843 13.0
23.549871397224713 13.0
23.567877500882357 13.0
23.608503681568642 13.0
23.62255294650244 13.0
23.625685420660215 13.0
23.642878140784774 13.0
23.700881355616556 13.0
23.707345321291047 12.0
23.813590165756978 11.0
23.828694344976704 12.0
23.844505458140112 12.0
23.865775711437987 12.0
23.871862312551006 11.0
23.91964794976856 11.0
23.928730359340772 10.0
23.93808651459035 10.0
23.946250966361397 10.0
23.979351793266527 10.0
24.017693398970053 10.0
24.06936392543105 11.0
24.096546859342617 11.0
24.127944906500257 11.0
24.186217303155217 10.0
24.248497348492382 10.0
24.25273766896452 11.0
24.27895693435161 11.0
24.36330026323876 12.0
24.43711299445863 12.0
24.45352007069733 12.0
24.478047064288646 12.0
24.497426059146758 12.0
24.50156568212881 12.0
24.514092933677972 12.0
24.525536785361208 12.0
24.528483435802137 13.0
24.54166993042396 13.0
24.6589899931725 12.0
24.676217454324984 12.0
24.68443130147786 11.0
24.718252951994817 11.0
24.771221851296854 11.0
24.81553471791597 11.0
24.836003698351877 11.0
24.865050742446286 11.0
24.912815486229025 12.0
24.91338918074549 12.0
24.979457434913137 12.0
24.98291852782288 11.0
25.000590117273013 11.0
25.013870701061155 11.0
25.03967386210096 11.0
25.071228822118716 11.0
25.094152863250603 12.0
25.12228060932215 12.0
25.160529287428226 12.0
25.171090279564424 11.0
25.21383868864031 11.0
25.224155167267497 11.0
25.24451190646473 11.0
25.26800016710098 11.0
25.278584437345025 11.0
25.302196650861465 11.0
25.322866821418096 12.0
25.323406079936603 12.0
25.34379805583384 13.0
25.395520506065463 13.0
25.395592591438735 13.0
25.44009471640752 13.0
25.497387310050055 12.0
25.549958372748083 12.0
25.621079815708246 12.0
25.6384718717724 12.0
25.64279388866345 12.0
25.7400523776743 12.0
25.744380682102335 12.0
25.76920495021895 12.0
25.77766042633352 13.0
25.799228177210306 14.0
25.800898564080068 13.0
25.87705625503501 13.0
25.88312456037011 13.0
25.886381510240685 13.0
25.88916584897506 13.0
25.927681403931103 12.0
25.938770702900495 13.0
25.949084037300405 12.0
25.96904215786496 12.0
26.006071159768023 12.0
26.03175046583351 12.0
26.039349346779762 12.0
26.224668556071386 12.0
26.27301597556428 12.0
26.30100589295973 11.0
26.353530965273926 11.0
26.358583154306825 11.0
26.425358674245064 10.0
26.464378591260974 10.0
26.54084518862566 10.0
26.608134751748707 10.0
26.634351954325 10.0
26.641864680301854 10.0
26.648397719917014 11.0
26.651425683533617 11.0
26.660727762877958 11.0
26.698938919900854 11.0
26.897269123192874 11.0
26.91406439060696 11.0
26.963611948959404 12.0
26.964855689793062 12.0
26.972875428931683 12.0
27.06408416393353 12.0
27.087107585952428 12.0
27.096752734243214 12.0
27.097990346725048 13.0
27.098286890724555 12.0
27.11976774276302 11.0
27.17520518887295 11.0
27.242696508187237 11.0
27.245524325640126 12.0
27.254932269494965 12.0
27.286270292645586 11.0
27.29842726692793 12.0
27.32370754370816 13.0
27.33535827696826 13.0
27.384018675029616 12.0
27.40118302050857 12.0
27.446213346791424 13.0
27.457221897504954 12.0
27.470010249496674 12.0
27.526583370469957 12.0
27.557033754138484 12.0
27.576797122793177 12.0
27.833907525177057 11.0
27.88556809633927 11.0
27.939026963938712 11.0
28.025395503492966 11.0
28.126999711540215 11.0
28.162416533162183 11.0
28.171773629970218 10.0
28.231484247838424 10.0
28.23804676053045 11.0
28.283323768366486 11.0
28.295900817994276 11.0
28.314680231026788 11.0
28.346292928478213 11.0
28.365490351021833 12.0
28.371241222258742 12.0
28.40282093871881 12.0
28.428984169370935 13.0
28.433685604579324 13.0
28.502093092591394 13.0
28.52393355409966 13.0
28.561028251056953 14.0
28.56565463618883 14.0
28.596813448530412 15.0
28.59844982224985 15.0
28.682223995099815 16.0
28.74226191058649 15.0
28.79474877785661 15.0
28.85208910551391 15.0
28.93188828999806 16.0
28.988653084866495 16.0
29.03504985207094 16.0
29.065135858252702 16.0
29.098683270538775 16.0
29.107407344114215 16.0
29.108116050154834 17.0
29.16756140324162 18.0
29.275984594721802 17.0
29.282517683294838 18.0
29.301455119611198 17.0
29.34167159408813 16.0
29.351027322798682 16.0
29.419869302545244 15.0
29.453298059358065 16.0
29.47271686569951 16.0
29.49144844469347 16.0
29.510511996629514 15.0
29.53947220641564 15.0
29.55900315693899 15.0
29.585835281233543 15.0
29.651260932582282 14.0
29.688365096836268 14.0
29.761868087529074 14.0
29.771533992350598 14.0
29.787422815283236 13.0
29.795616353498318 13.0
29.84753329636478 13.0
29.88389464808603 13.0
29.91504184312603 12.0
29.917644639310463 13.0
29.955891842541416 14.0
29.967680013802674 14.0
30.01955640404048 14.0
30.057673283035676 13.0
30.068447111670086 12.0
30.08745324814093 12.0
30.089578730028073 13.0
30.123845063904483 12.0
30.165196849526886 13.0
30.201703234903682 12.0
30.245619379931178 13.0
30.398515009014265 13.0
30.442988492490507 13.0
30.472548404556886 13.0
30.482892290486014 13.0
30.49349086456287 13.0
30.506743511308056 13.0
30.518748009677203 13.0
30.549339395557393 13.0
30.59868244786793 13.0
30.645671047660674 13.0
30.688237865542124 13.0
30.732312798054107 13.0
30.732743761707674 12.0
30.756466858926412 12.0
30.803758699449077 12.0
30.847680130050726 12.0
30.962553136605504 12.0
30.964178111773954 12.0
30.99359670396021 12.0
31.126009868272586 12.0
31.162436339801594 13.0
31.176196053328994 13.0
31.236253772503996 13.0
31.31299192686948 14.0
31.352050785296417 14.0
31.368796744898173 15.0
31.385782214211382 14.0
31.40092629077819 14.0
31.40230306105661 15.0
31.409469886234813 14.0
31.41402975514277 14.0
31.425762890931544 15.0
31.522127933404548 15.0
31.526296445578247 16.0
31.547890489996053 16.0
31.55222109959582 15.0
31.574868122461325 15.0
31.591470576914272 15.0
31.60424635873382 14.0
31.634523157100997 14.0
31.669844194262133 14.0
31.685667554140927 15.0
31.753397328756684 16.0
31.817874624464288 15.0
31.819910751145063 15.0
31.86429567839161 14.0
31.913858737610813 14.0
31.92724851148032 14.0
31.939460326283346 14.0
31.95308834659452 14.0
31.960520040097986 14.0
31.97946717857201 14.0
31.998756283554734 14.0
32.00518438427463 15.0
32.026080064744505 15.0
32.03433649895681 14.0
32.042073814184334 13.0
32.05620242546061 13.0
32.09058604895571 13.0
32.12525901881541 13.0
32.16182668412323 13.0
32.18263840526011 13.0
32.19897282669999 12.0
32.2042205751568 12.0
32.29907853895931 12.0
32.32357295990682 11.0
32.33297693269521 10.0
32.386013306226474 10.0
32.45726086519774 10.0
32.468652877101825 10.0
32.482757517387476 11.0
32.555286777941745 11.0
32.636389977839734 11.0
32.69931823493212 11.0
32.77715379272971 12.0
32.79332528061947 12.0
32.79673548978408 12.0
32.85629114591203 12.0
32.85956625058039 12.0
32.881475411777494 12.0
32.92462018622165 12.0
32.93504898691104 12.0
32.940275834859705 13.0
32.97658455459386 12.0
33.06088570745229 12.0
33.06734015946236 12.0
33.06802613660585 12.0
33.089111256982285 11.0
33.16357312406636 10.0
33.18843087346857 10.0
33.21025101858535 10.0
33.22140285941239 10.0
33.27538150122344 11.0
33.27897880260563 12.0
33.2802593582478 12.0
33.30637793336254 12.0
33.30989870890962 12.0
33.31074600309768 13.0
33.32729471610969 13.0
33.35435676406788 14.0
33.36264678765248 13.0
33.38599606589771 13.0
33.3896053093493 13.0
33.40237354908546 13.0
33.403768124892444 13.0
33.40808429732031 13.0
33.409575781129305 13.0
33.42203386195241 13.0
33.443066285288324 12.0
33.48022056057051 12.0
33.55195399102636 12.0
33.57000770407372 12.0
33.63083321243545 12.0
33.702759164140566 13.0
33.71914339725056 13.0
33.844306413732546 14.0
33.866978319585435 14.0
33.894869996136265 15.0
33.89849417622389 16.0
33.93160489664928 17.0
34.00163817034345 17.0
34.00444437398076 17.0
34.027658508535616 17.0
34.034709415594094 17.0
34.043141519009154 18.0
34.060004284468334 19.0
34.156942905390046 20.0
34.180696189149074 20.0
34.18942066789581 20.0
34.202441770258815 19.0
34.27594414862799 20.0
34.28207084958975 20.0
34.344027289904595 20.0
34.35165836717149 20.0
34.36273406680223 20.0
34.43478669677749 20.0
34.45748848673776 20.0
34.462057364545245 20.0
34.52357793043785 20.0
34.52417081650692 21.0
34.582782912066854 22.0
34.59703056962433 21.0
34.7124508011558 20.0
34.76318499145732 20.0
34.78415478946922 19.0
34.80210744578825 19.0
34.81860926146999 18.0
34.89152490469936 19.0
34.93336574285559 19.0
34.95929024652497 18.0
34.986304542658644 18.0
35.01662970717596 18.0
35.091165796959125 18.0
35.10895382193542 17.0
35.194593169296446 18.0
35.22361480463752 17.0
35.25806498565596 17.0
35.27735122600333 17.0
35.32708062823951 17.0
35.3435761002458 17.0
35.348141810636875 17.0
35.43219924068434 16.0
35.440453508433514 16.0
35.4624691345782 16.0
35.51056611135206 15.0
35.55005312283357 16.0
35.62648024567418 16.0
35.63869258152457 16.0
35.642724339889114 16.0
35.66749037384615 16.0
35.69615575766373 16.0
35.76964908848057 16.0
35.77942161507959 15.0
35.86472732914823 15.0
35.91692067271591 14.0
35.93768400386583 14.0
35.93988764678547 14.0
35.94266067889628 14.0
35.95150261334315 13.0
35.955230250583554 14.0
35.9684319245632 13.0
36.02570620961714 14.0
36.050923829310626 13.0
36.111559098349005 12.0
36.12658737951332 12.0
36.13164750849062 12.0
36.15175905067469 12.0
36.18456184769385 12.0
36.242673941948915 12.0
36.25972383232671 11.0
36.2601452828207 11.0
36.279474142549795 11.0
36.300252814414904 12.0
36.31088099494724 13.0
36.33517255550654 13.0
36.34658437368783 13.0
36.39136863525855 13.0
36.40171168986548 13.0
36.408153090877114 14.0
36.44692933534159 14.0
36.492029149607355 14.0
36.50809890474134 14.0
36.51509036569257 14.0
36.522678901991775 15.0
36.537630638856456 15.0
36.613761884259816 14.0
36.66800475714824 14.0
36.67269538732621 14.0
36.69145347163342 14.0
36.70731861943578 15.0
36.744758998178455 14.0
36.798260868791736 13.0
36.81497616321573 14.0
36.82646779104074 14.0
36.84820248384655 14.0
36.84909458418001 14.0
36.882315237149136 13.0
36.89566860213835 13.0
36.941924070649435 13.0
37.0690290041878 13.0
37.098382869373395 12.0
37.11257297531432 12.0
37.19216673972168 12.0
37.221684147322925 12.0
37.230596468136575 11.0
37.28180986768383 11.0
37.347024232278144 11.0
37.39047910859371 10.0
37.412843443488015 9.0
37.447505812045065 9.0
37.51525548659466 9.0
37.52399539605658 9.0
37.64544942805562 9.0
37.68167726779696 9.0
37.700522354107186 10.0
37.72237796822412 11.0
37.75046802881115 12.0
37.7535960643605 12.0
37.76945959388074 11.0
37.83221510309649 12.0
37.84863571420515 11.0
37.856623254044884 12.0
37.88190597359165 13.0
37.91093853943591 13.0
37.938362169900394 13.0
37.98528601004732 13.0
38.00589169524183 13.0
38.04084807407515 13.0
38.04543586662333 14.0
38.06998382037782 13.0
38.08563698328896 13.0
38.105191116167966 14.0
38.11157580512779 13.0
38.19026341464387 13.0
38.19180991546073 13.0
38.19550821242392 12.0
38.230619767689625 13.0
38.24372913432734 14.0
38.25195267277731 14.0
38.257809159164836 14.0
38.31747343724483 15.0
38.37648069790516 16.0
38.39220190288826 15.0
38.4354028863782 16.0
38.48651469669775 17.0
38.48784601300629 18.0
38.49524033471552 17.0
38.509340649792506 17.0
38.51561672631645 16.0
38.51889475719217 15.0
38.523515084490235 14.0
38.606492041215645 14.0
38.63036461662988 13.0
38.635674572427696 13.0
38.66684494269493 13.0
38.81206687622943 13.0
38.81892623847328 12.0
38.84688943873319 12.0
38.858957763370334 12.0
38.964234388163156 12.0
38.980982314613975 12.0
38.99103491049931 13.0
38.99312163373351 13.0
39.07097268218831 14.0
39.07983324608474 14.0
39.15605086166621 14.0
39.16054687380625 15.0
39.165330083097196 15.0
39.191712081468104 15.0
39.29807121720251 15.0
39.35251750513944 15.0
39.38715478183015 16.0
39.46870600829778 15.0
39.506377331060584 14.0
39.507040000982414 14.0
39.531423203585305 14.0
39.53885159304625 14.0
39.5576647529222 14.0
39.58470787209063 15.0
39.590507364607674 14.0
39.61266870808528 14.0
39.61611487084482 14.0
39.61623564845465 14.0
39.63077512919814 13.0
39.65685347871491 13.0
39.668057573572106 14.0
39.669476123165076 14.0
39.67172856240396 14.0
39.68765288710267 14.0
39.69704848999664 13.0
39.73183661768228 13.0
39.737079110000366 13.0
39.75604249080803 14.0
39.78518138281415 15.0
39.8243460774261 15.0
39.850827151045614 15.0
39.85432054611635 15.0
39.85465027401883 15.0
39.868794686954175 15.0
39.89019585457292 15.0
39.903952723089475 14.0
39.923826829472596 14.0
39.930144200518484 13.0
39.98818490356905 13.0
39.997160891399204 12.0
40.02505967008641 12.0
40.09073465068789 12.0
40.15920404358398 12.0
40.31973056863974 11.0
40.400453463904135 10.0
40.40058587053029 10.0
40.42654352208842 9.0
40.43246734308481 8.0
40.451721277925394 8.0
40.47019329611248 8.0
40.50850184140227 8.0
40.527333149149534 8.0
40.606528777047416 8.0
40.615491957295404 8.0
40.625284166930825 8.0
40.64244621769914 8.0
40.64800685814828 7.0
40.66008588038952 6.0
40.6784942727858 7.0
40.72700368006262 7.0
40.72809205109911 7.0
40.7844883938182 7.0
40.88175959255057 7.0
40.94955587220776 7.0
40.96502324529534 7.0
40.9894920137397 7.0
41.000143550749996 7.0
41.01085822732778 7.0
41.01830213927463 7.0
41.02903420974222 6.0
41.041740304557706 6.0
41.131343364132505 6.0
41.13187404566458 6.0
41.14421457475994 7.0
41.18447941799109 8.0
41.18716258253135 7.0
41.31764736323062 7.0
41.33386094518378 6.0
41.34188909106259 6.0
41.34356113005951 7.0
41.35500347791732 7.0
41.38235686148611 8.0
41.400436119426196 8.0
41.42059023405661 8.0
41.57418386992832 8.0
41.584660512586346 8.0
41.65290127890253 8.0
41.676063493532574 7.0
41.680343064435824 6.0
41.68456290507028 6.0
41.7030966252423 6.0
41.72684426073493 6.0
41.805580214386644 5.0
41.82067787681085 5.0
41.83420591968762 5.0
41.86460790051914 6.0
41.87930360453749 6.0
41.88282703161223 6.0
41.90169131309561 6.0
41.92589734016633 7.0
41.95127571697693 7.0
41.993700784536806 7.0
42.01563681366554 7.0
42.07016429024367 7.0
42.08428272260847 7.0
42.15907150943839 6.0
42.171174993911116 7.0
42.20871471753542 7.0
42.23248867340423 7.0
42.2472779059234 8.0
42.26960737080264 8.0
42.30212391944954 8.0
42.314124118796556 7.0
42.32590489238634 7.0
42.39995318413759 7.0
42.422908685345874 6.0
42.42371834636221 7.0
42.49451351485492 7.0
42.552683233047574 7.0
42.568030503020545 6.0
42.574663369170665 6.0
42.592079073375096 6.0
42.77662016271586 7.0
42.81329139780736 8.0
42.822235880372034 7.0
42.82564849559812 7.0
42.850273168436885 7.0
42.86828250075018 7.0
42.87184167529141 8.0
42.893224199931346 7.0
42.91834361953216 7.0
42.934990881023445 6.0
42.972332075106 6.0
43.06003678866831 5.0
43.066051693456885 5.0
43.09630685502604 5.0
43.11260043359205 5.0
43.14634190032937 6.0
43.24171260103504 7.0
43.25581796949597 7.0
43.26719049029268 7.0
43.281848592645126 7.0
43.28452852510261 7.0
43.28623756905856 6.0
43.29835587957523 6.0
43.32557186673537 6.0
43.386450357223325 6.0
43.39213221950404 6.0
43.421280023345645 7.0
43.459696386190025 7.0
43.46973196727696 7.0
43.47383650420155 7.0
43.479679943676146 6.0
43.59739867762645 7.0
43.647710440701765 7.0
43.65762634861329 7.0
43.669940449210024 7.0
43.711412490160136 7.0
43.73586914609536 7.0
43.787213798494705 8.0
43.79678787687145 8.0
43.801790434533565 8.0
43.81895657557407 7.0
43.846250045631066 7.0
43.85699347759993 7.0
43.867748068775754 8.0
43.878017748069986 8.0
43.88280982015523 8.0
43.88908790893253 8.0
43.896077145051386 8.0
43.92688418024129 8.0
43.940168833854834 8.0
43.989560053425436 8.0
44.05245360175203 8.0
44.08642674619164 9.0
44.09791000082637 9.0
44.177953871713626 9.0
44.194149404662895 9.0
44.19626602226901 10.0
44.25648142726935 10.0
44.25766295657851 10.0
44.27122285239649 9.0
44.27955942405822 8.0
44.301163856591295 8.0
44.31597026865313 8.0
44.32657239100109 9.0
44.411293805136985 9.0
44.42886722391243 10.0
44.44104998965536 10.0
44.526984193000594 10.0
44.52957863506675 11.0
44.55316197199018 11.0
44.58051831991963 11.0
44.6212025885562 11.0
44.66380583011567 11.0
44.66479327517953 11.0
44.665787101174544 11.0
44.673352316737365 10.0
44.68965568614074 10.0
44.70512021335092 10.0
44.72381775050171 11.0
44.78977443037068 11.0
44.810624714041865 12.0
44.83046033827613 11.0
44.85780942043196 11.0
44.87268968889867 11.0
44.89271107736117 11.0
44.905550948843434 11.0
44.912406453959065 11.0
44.915650725361814 10.0
44.917521837162916 10.0
44.91801333737382 10.0
44.921723521945296 11.0
44.95348344636532 11.0
44.96445441898921 11.0
45.13017069084255 10.0
45.13671097850359 10.0
45.1646022733608 9.0
45.19898451191417 9.0
45.224518935121495 8.0
45.225008593255716 8.0
45.262017675232364 8.0
45.279959476481174 9.0
45.280148893800686 8.0
45.30967292102479 8.0
45.318317794169886 8.0
45.36243976885645 8.0
45.38097030484011 9.0
45.39752773361318 9.0
45.41626101193499 9.0
45.44057916728089 10.0
45.47835427879563 10.0
45.49663262748257 10.0
45.6092392127962 10.0
45.661429553478264 10.0
45.68802058880235 10.0
45.69863265249093 10.0
45.75280725943147 10.0
45.75884173139694 10.0
45.76996271383384 9.0
45.78386980569388 9.0
45.802419588967346 9.0
45.84276889453056 9.0
45.85324405900422 9.0
45.88713351496006 8.0
45.93231093792779 8.0
45.943503632912595 8.0
45.94782283063544 8.0
46.010117320263824 8.0
46.01821271808217 8.0
46.02100965251229 8.0
46.05144890631326 8.0
46.069998302221116 8.0
46.083026805828624 8.0
46.18146086638333 8.0
46.19747184115373 9.0
46.21131390402058 9.0
46.21981266246509 9.0
46.29776307095885 9.0
46.3040993715521 9.0
46.31452869337605 9.0
46.3185079475 9.0
46.35784395963339 9.0
46.455575824164235 9.0
46.47710837284555 9.0
46.526471786776064 9.0
46.54162200384817 9.0
46.55840031827459 10.0
46.726182792498065 10.0
46.746294761326595 11.0
46.75631552697583 12.0
46.78462479657839 12.0
46.7973257316618 11.0
46.84361670645942 11.0
46.946258502123364 11.0
46.97321400015825 12.0
46.98099449080596 12.0
46.99263970452706 12.0
47.055857896245875 11.0
47.07372608987353 11.0
47.220492929328465 10.0
47.24581003675248 9.0
47.280519711936456 9.0
47.28351774810331 9.0
47.30645813597493 9.0
47.347329002529605 9.0
47.39612353814978 9.0
47.434788803596255 9.0
47.51412966184253 8.0
47.59878555763048 9.0
47.622431334057545 9.0
47.64673160859979 9.0
47.67260012858039 10.0
47.7537122133546 10.0
47.786716772214604 10.0
47.824774605284475 11.0
47.86240678345238 11.0
47.92519499085474 11.0
47.93659806565059 11.0
47.93737980641755 10.0
47.94041720252637 11.0
47.95170360247028 10.0
48.04304055100618 10.0
48.048432340371505 10.0
48.07469832756368 11.0
48.08225436340815 11.0
48.09910205408516 10.0
48.11254581729326 11.0
48.1594588934444 11.0
48.19119458771643 11.0
48.19881369576237 11.0
48.24135401425278 10.0
48.253816350507556 11.0
48.26393936521986 12.0
48.431676230425424 11.0
48.44146509262207 11.0
48.474292944036016 11.0
48.48894224376658 11.0
48.51009830899955 12.0
48.63235334619326 12.0
48.63724376946418 11.0
48.651511907553115 10.0
48.66836741703791 10.0
48.72901051568032 10.0
48.79461154583717 10.0
48.80539796154041 10.0
48.82128417442557 10.0
48.83186808016653 9.0
48.85895983844545 9.0
48.86170839716258 9.0
48.889903687387545 9.0
48.93705031498766 9.0
48.98749536913957 9.0
49.102383360249256 10.0
49.130240987614584 9.0
49.150342920592045 9.0
49.171709513646796 9.0
49.22037694657866 9.0
49.354234873918706 9.0
49.38540836070711 10.0
49.39515320279398 10.0
49.44507715030603 10.0
49.48272462764329 10.0
49.49249867993887 10.0
49.50537524117064 10.0
49.5310450402832 10.0
49.55069928220211 10.0
49.56492528471536 10.0
49.589600184819 10.0
49.62658977304089 10.0
49.668478053250205 10.0
49.69014872588498 10.0
49.70197134700938 10.0
49.72935865058146 9.0
49.756269407504924 9.0
49.79389404942567 10.0
49.80260681835793 11.0
49.82622380075947 11.0
49.827565263192994 11.0
49.83057189168721 12.0
49.86992468930656 12.0
49.941855178773686 13.0
50.000914378781054 12.0
50.02194589661718 12.0
50.08048129834643 13.0
50.0843213281304 13.0
50.10620877642955 14.0
50.155424454860416 14.0
50.16714278320285 14.0
50.19149609563783 14.0
50.22534313496248 14.0
50.23472079930393 14.0
50.25049221349138 13.0
50.30716321186867 12.0
50.32758078094961 12.0
50.374421180019596 11.0
50.442172103737704 11.0
50.44617268473006 12.0
50.49864176396141 13.0
50.532855771387105 13.0
50.57088752017956 14.0
50.57252301321029 14.0
50.651472804242324 14.0
50.705256029773835 14.0
50.74496510102447 14.0
50.784716958168026 14.0
50.83345485467119 15.0
50.96297205174858 15.0
50.99723977174659 14.0
51.112488314791484 15.0
51.12376827363105 15.0
51.152745285690635 15.0
51.17176170388403 15.0
51.18787964853049 15.0
51.27941505234187 14.0
51.317813854671556 13.0
51.32533012754221 13.0
51.3422064591345 13.0
51.37388785545385 13.0
51.389426965281864 14.0
51.42542404777117 14.0
51.479304866819575 14.0
51.480977005619216 15.0
51.48390413626141 15.0
51.49153433392994 15.0
51.60507553701135 14.0
51.6148118721946 13.0
51.66435401157725 12.0
51.74982004445039 13.0
51.771296097033996 13.0
51.847082984553374 12.0
51.88787453267307 12.0
51.89485678695407 12.0
51.89525992989964 12.0
51.96633502881728 13.0
51.97067553543593 13.0
51.99116426396372 12.0
52.00357187613928 12.0
52.02212952568522 12.0
52.029804999722955 12.0
52.11112647419686 12.0
52.11806802176841 13.0
52.12771271220083 13.0
52.16259063867304 12.0
52.18796690725066 12.0
52.21669347545677 13.0
52.24880787054717 13.0
52.30043513567604 13.0
52.339440470875445 12.0
52.39717673756868 12.0
52.401890242563674 11.0
52.42899224272531 11.0
52.44032858938407 10.0
52.45361554861928 10.0
52.45617630456334 10.0
52.457031287215536 10.0
52.50777956249762 10.0
52.54236735803419 10.0
52.625708747605195 10.0
52.66911082856537 10.0
52.674821857849096 9.0
52.68030215359732 9.0
52.69435744063686 9.0
52.717163682381525 9.0
52.726024054087475 9.0
52.74393699986193 9.0
52.76778463673138 9.0
52.774001083823165 9.0
52.77437552359146 9.0
52.785993778102416 9.0
52.886561657975015 10.0
52.91159213930324 10.0
52.91213752204667 10.0
52.91483618608852 10.0
52.99730366299252 9.0
53.02043951198789 9.0
53.06259035922826 9.0
53.07899482429032 9.0
53.08782455646428 9.0
53.08989205261463 8.0
53.123473685037254 8.0
53.16055429501528 8.0
53.16068611234028 8.0
53.2278776093157 8.0
53.250357680636114 7.0
53.261337352240915 6.0
53.29496503725571 6.0
53.304043318086194 6.0
53.36117625102567 6.0
53.40765891235311 6.0
53.408755506251715 6.0
53.53796726444899 6.0
53.56696045654871 6.0
53.59375230131854 6.0
53.59508201370297 6.0
53.61442773669806 6.0
53.68201007959613 6.0
53.71455029814284 7.0
53.730365238780934 7.0
53.75866860458011 6.0
53.8134985399351 7.0
53.82038721799285 7.0
53.848241740459244 7.0
53.93816738816376 7.0
53.938200809624355 6.0
53.938887745071455 6.0
54.0277913319194 6.0
54.15715697245523 6.0
54.17840891863418 7.0
54.25535877475595 7.0
54.26474190623454 7.0
54.35954509545104 7.0
54.37929572054695 7.0
54.432967373285614 7.0
54.49038799005599 7.0
54.49954612060333 7.0
54.50037728255845 7.0
54.528547538070555 8.0
54.536977684705896 8.0
54.5499240153788 8.0
54.56327930108348 8.0
54.604362437749884 8.0
54.64428059757868 8.0
54.64915099673508 8.0
54.65848059576206 8.0
54.67744833124778 8.0
54.67774728163994 7.0
54.72291122375357 8.0
54.7537047390673 8.0
54.777347520310286 7.0
54.79561014836867 8.0
54.867630275893816 8.0
54.867820117515464 9.0
54.88022401853524 10.0
55.00495000634378 10.0
55.020938470446346 10.0
55.04950442999857 10.0
55.05266997809889 10.0
55.060853222927264 9.0
55.10458877717447 9.0
55.13252858836101 9.0
55.15696806965799 10.0
55.15826988127224 9.0
55.16362355211526 9.0
55.18021625074249 9.0
55.227698121194365 9.0
55.24102737242011 9.0
55.247501564169674 9.0
55.28422851271334 9.0
55.40091906753745 9.0
55.437528438460426 9.0
55.457814777007805 9.0
55.473329994973696 8.0
55.52205004704331 7.0
55.52698112206338 7.0
55.53362210167708 7.0
55.630332237135356 7.0
55.73151542279645 7.0
55.83057115823969 7.0
55.85331305349362 7.0
55.859446061106496 6.0
55.92921873664747 6.0
55.96724166051691 6.0
56.03772906867693 6.0
56.04450962244672 6.0
56.1352694613072 6.0
56.135865168732046 6.0
56.13815773592657 6.0
56.18886251269928 7.0
56.195783013479534 6.0
56.23767445270434 7.0
56.251550812764734 7.0
56.33262833050187 7.0
56.33749562026599 7.0
56.36601332812979 8.0
56.44140609091659 8.0
56.45080531589124 7.0
56.450892249389696 7.0
56.457664563109866 7.0
56.5412433431593 7.0
56.6060305797341 7.0
56.61551374831691 7.0
56.65530052590868 7.0
56.68096055219729 6.0
56.70948035977177 6.0
56.709616184003146 5.0
56.72165009933865 5.0
56.74757385474353 5.0
56.79309541532793 5.0
56.83979286155916 5.0
56.91887075775174 5.0
56.966670271165974 5.0
56.9669217254365 5.0
56.98115074090419 5.0
57.03097310037183 5.0
57.05509407571028 5.0
57.11833761765607 5.0
57.13395782172322 4.0
57.14498679188503 4.0
57.16444057906649 3.0
57.19155079851948 3.0
57.197573684128834 3.0
57.26054433090198 3.0
57.27982412884694 4.0
57.429965571106216 4.0
57.44068181926188 4.0
57.525863595439596 4.0
57.633805837787236 4.0
57.71969145531653 4.0
57.876619340021904 4.0
57.903834749112846 4.0
57.93432172200452 3.0
57.95369991058591 3.0
57.97005529357401 4.0
58.01243762715502 4.0
58.032093582377904 4.0
58.131853348361375 4.0
58.170051141652024 3.0
58.2094794031736 3.0
58.226529387585224 3.0
58.28268724517634 4.0
58.291217854663664 4.0
58.390894379647655 4.0
58.45377348614613 5.0
58.456914460073584 6.0
58.502501904683 6.0
58.55415938868666 6.0
58.56540842018156 6.0
58.57249361286039 6.0
58.57875126865865 6.0
58.62382081932758 7.0
58.63908987540592 7.0
58.659227119320605 6.0
58.86434896758236 6.0
58.87925553661419 6.0
58.945866028198076 7.0
58.98335883358 8.0
58.98867194505251 9.0
59.11221765983589 9.0
59.1737844751927 9.0
59.31030974438258 8.0
59.32367148008762 7.0
59.35988202516555 7.0
59.36708594009063 7.0
59.36832782123027 7.0
59.39204009269878 7.0
59.39704059833705 7.0
59.46169825677352 7.0
59.47313217029798 8.0
59.566249681339585 8.0
59.593218612852034 7.0
59.618768813322234 7.0
59.660948449700676 8.0
59.686176896878884 7.0
59.732648187870595 7.0
59.74122685296403 7.0
59.76064185596322 6.0
59.86397973975683 7.0
59.89869305150051 8.0
59.90626330493445 8.0
59.94929256660667 9.0
59.961314685399415 9.0
59.98120120481706 9.0
60.000055671909884 9.0
60.01574240680838 9.0
60.015989038859765 9.0
60.09130780270409 8.0
60.16772454118672 9.0
60.20926314224862 9.0
60.2093333160936 9.0
60.21737711235778 9.0
60.432232742681066 9.0
60.46512912137825 9.0
60.55421887333642 9.0
60.590620066904165 10.0
60.59472413970198 10.0
60.60263211863351 10.0
60.618047275956584 10.0
60.648632417788725 10.0
60.722835772979394 9.0
60.72804640076307 9.0
60.77036287934466 10.0
60.78241948334355 9.0
60.88045822559203 9.0
60.91529307273761 10.0
61.00189530657136 10.0
61.01653668022696 10.0
61.01964451566491 10.0
61.084865836536544 10.0
61.108083682796604 10.0
61.11018601251346 10.0
61.11505422358633 11.0
61.2074352031015 11.0
61.21823714622377 10.0
61.22926481382379 10.0
61.34284294933316 10.0
61.347596867066535 10.0
61.4288552980011 10.0
61.467279196462414 10.0
61.48323581801046 10.0
61.515129867574956 10.0
61.52015140940292 10.0
61.52667588106828 10.0
61.63425421291994 11.0
61.785484333567624 11.0
61.795246556624186 12.0
61.803229804070895 12.0
61.937408714524004 13.0
61.96925131574694 13.0
61.98414234088709 14.0
61.988219109704765 14.0
62.141155545569305 13.0
62.15247195780452 14.0
62.16035674510245 13.0
62.184296964941666 13.0
62.218973298263265 13.0
62.25093967019102 13.0
62.31047132168336 13.0
62.365059441356735 13.0
62.37024027306259 13.0
62.39968590855144 14.0
62.41260587314228 14.0
62.41370973659569 14.0
62.4657108962357 14.0
62.597108913791715 14.0
62.60967596966058 15.0
62.627362278419916 15.0
62.635611165296496 14.0
62.639481236208816 14.0
62.64088927455424 13.0
62.64683095009679 13.0
62.701644527216516 12.0
62.707059489385976 12.0
62.71035818124461 12.0
62.720158822600844 13.0
62.73930340587301 13.0
62.7412918937417 12.0
62.75654367103439 12.0
62.75872779075672 12.0
62.83593114416336 12.0
62.83639232624114 13.0
62.86617172901855 13.0
62.99349254528946 13.0
62.994646743827666 14.0
63.011051357223366 15.0
63.02642628102446 15.0
63.09277991206137 15.0
63.24363759739763 15.0
63.25564268459893 15.0
63.256153813973796 15.0
63.30571851746441 15.0
63.39360677700309 16.0
63.39500318479721 16.0
63.40114291080473 16.0
63.42082454789851 16.0
63.42262795796561 16.0
63.431365731811205 16.0
63.45489713600236 16.0
63.460801891374615 16.0
63.48730364097212 15.0
63.580488814473526 15.0
63.60093338185097 15.0
63.63371353947902 15.0
63.66349610025726 16.0
63.66453123782799 16.0
63.71640296043392 16.0
63.727710412058684 16.0
63.75623181928985 16.0
63.762316594772926 15.0
63.76792393539861 16.0
63.80775677381715 15.0
63.843167887247304 15.0
63.872738041556325 14.0
63.87870520770508 14.0
63.8907334464278 14.0
63.91856099036693 14.0
63.9601365516273 13.0
63.96097058527343 12.0
64.0047412939149 13.0
64.03741216457892 13.0
64.06837125185291 14.0
64.09678010261823 13.0
64.10466815157943 14.0
64.19875927865672 14.0
64.20484387533206 15.0
64.23078515003559 15.0
64.34855446770959 15.0
64.41129082111786 14.0
64.41443970087532 14.0
64.56610297159756 14.0
64.58340702316326 14.0
64.61208569611144 15.0
64.61773827001761 14.0
64.62682934845047 13.0
64.62731348807733 13.0
64.63316774225629 13.0
64.65716329058657 13.0
64.70805553885164 13.0
64.7177043148491 12.0
64.7204633919688 12.0
64.76667643671463 12.0
64.78343560734528 12.0
64.79159922554805 11.0
64.86198151484692 11.0
64.86385798925183 11.0
64.8710905655275 12.0
64.92751844239831 12.0
64.93116495972396 11.0
64.9764483337052 12.0
65.03647658701671 13.0
65.10052443976863 12.0
65.10114910836438 12.0
65.11884796042544 12.0
65.1391963127194 12.0
65.25895657153123 12.0
65.30578525630457 12.0
65.32623026947596 12.0
65.33124136123324 12.0
65.34460649037175 13.0
65.38208652904606 12.0
65.4017780780192 13.0
65.50233293225723 13.0
65.52725886080482 13.0
65.53983510519919 13.0
65.60230955977066 13.0
65.61944458723981 12.0
65.62881297592712 13.0
65.63015265232127 13.0
65.64139729834511 13.0
65.65236884155506 14.0
65.7170192542086 13.0
65.72420860864122 12.0
65.72470397983184 13.0
65.72771824299929 13.0
65.76037885783859 14.0
65.76311809268266 14.0
65.81177486084833 13.0
65.81656153754582 13.0
65.83243724875868 13.0
65.92136665822268 13.0
65.9826317817574 12.0
66.03883144218737 12.0
66.03955251163023 13.0
66.04484636526041 13.0
66.05184226973189 13.0
66.06218815271137 13.0
66.086263602012 13.0
66.09826230843915 14.0
66.1175243231844 14.0
66.15104434023159 14.0
66.16591653749825 14.0
66.18788816347923 14.0
66.2156552192207 14.0
66.21774441046908 14.0
66.27989490806833 14.0
66.29090923107555 14.0
66.30387358349465 13.0
66.31456753859287 13.0
66.32570344378684 13.0
66.32989414686976 13.0
66.37818617589153 13.0
66.39200803862121 13.0
66.40274463039667 13.0
66.40918179818988 13.0
66.42404532454584 13.0
66.43738895712038 13.0
66.50134466632944 13.0
66.57591245441698 13.0
66.67141398522519 12.0
66.72289185012437 12.0
66.76346132611624 13.0
66.79415114251411 13.0
66.87466915520385 12.0
66.88050285644827 11.0
66.91012628299252 11.0
66.91303143535187 11.0
66.9443094276824 10.0
66.97257069131413 11.0
67.01010677135652 11.0
67.07740654837147 11.0
67.09061884939574 10.0
67.10190579875963 9.0
67.12150040788029 9.0
67.22940435139166 9.0
67.25929603973445 9.0
67.27553021012808 9.0
67.29148782205598 9.0
67.34510182639933 9.0
67.3957429917084 9.0
67.42149226029733 9.0
67.44787017955449 8.0
67.50775920757644 8.0
67.51164348947631 9.0
67.51623138709873 8.0
67.56698360563044 8.0
67.57627831134955 8.0
67.59804588054854 9.0
67.6587203828497 9.0
67.66484462975924 8.0
67.67834142702704 8.0
67.73995858077846 8.0
67.7724717355114 8.0
67.7736321402975 8.0
67.7737276960177 8.0
67.77601739444589 8.0
67.80275060476667 8.0
67.82211680614527 8.0
67.89141351109775 8.0
67.90513137890012 8.0
67.90764884183396 9.0
67.91011503463622 9.0
67.92411860399876 9.0
67.96114665380387 8.0
67.9973310787172 7.0
68.0035317866149 7.0
68.03129868467866 7.0
68.03751463298407 7.0
68.07892085338098 7.0
68.10033798779784 8.0
68.10037957130758 8.0
68.17648564689205 8.0
68.19407056239531 9.0
68.22120300310026 8.0
68.22827993015873 8.0
68.25569424524724 9.0
68.32986460089813 10.0
68.34218205076681 10.0
68.38453086297363 10.0
68.40957112030138 10.0
68.45523376657373 10.0
68.53246746034485 10.0
68.57597482912186 10.0
68.61497003621837 10.0
68.6534375869692 9.0
68.69484522891622 8.0
68.7089928350914 8.0
68.71886019595676 8.0
68.72912946886278 7.0
68.73845015677746 7.0
68.79467945857506 6.0
68.81884081240841 6.0
68.86322657924893 5.0
68.95752707058449 4.0
68.9726030239383 4.0
68.97383438088497 4.0
68.97490009389368 5.0
68.97590228717092 4.0
69.03947078973833 4.0
69.04818502497515 4.0
69.0731474162542 4.0
69.09021679786535 4.0
69.09259379505994 4.0
69.12062878196777 5.0
69.1730440487707 5.0
69.2134445680244 5.0
69.21386187428469 5.0
69.22805479803844 4.0
69.2404326197257 4.0
69.25250986747959 4.0
69.2656128645641 4.0
69.26973895152845 4.0
69.3857276421853 4.0
69.39123044454942 3.0
69.3916665586356 3.0
69.40245061974079 4.0
69.53293555028229 3.0
69.61453754920947 3.0
69.63997554342816 3.0
69.74465337535668 3.0
69.76311384643436 3.0
69.78488754541236 4.0
69.81289155316475 4.0
69.83919966874176 4.0
69.90806674718894 4.0
69.95346001513043 4.0
69.9709046415655 4.0
70.01746768537407 4.0
70.0465876232511 5.0
70.05166156567138 5.0
70.07341244248903 6.0
70.10220888228525 5.0
70.11593207650782 5.0
70.12159928892441 5.0
70.13925509845933 4.0
70.1624302432029 4.0
70.18386180915127 4.0
70.24195817243252 4.0
70.24644115091853 3.0
70.25447110115145 3.0
70.27864250089742 3.0
70.28489642389671 2.0
70.2916265866852 2.0
70.36574683089064 1.0
70.38254428264035 2.0
70.40178705361983 2.0
70.51324021441194 2.0
70.54397422755218 2.0
70.57707470832251 2.0
70.59043760397813 2.0
70.59577053088725 2.0
70.65356871115851 3.0
70.75383504646398 4.0
70.80254451383915 4.0
70.81353103568192 4.0
70.84968192949368 5.0
70.87016170830444 5.0
70.92420156043934 6.0
70.92669325271386 6.0
70.93958137220493 6.0
70.94949568523225 6.0
71.00228692258568 6.0
71.02466631706478 6.0
71.05220035245522 7.0
71.10382921505015 6.0
71.35057614152889 5.0
71.38993771094006 5.0
71.46670922782559 4.0
71.47380068526037 4.0
71.55175681125937 4.0
71.57063663354681 4.0
71.57376968243247 4.0
71.5822336947671 3.0
71.58512390995463 2.0
71.58843970000336 3.0
71.83988010135258 3.0
71.89779322319241 3.0
71.90477744544435 3.0
71.90956104378577 3.0
71.93138903774422 2.0
71.97755330699015 3.0
72.0215501883814 3.0
72.09180973054485 3.0
72.10245164731505 3.0
72.26400673361404 3.0
72.32738261281527 2.0
72.41241810209816 3.0
72.45614013606054 3.0
72.46221712497271 3.0
72.64549558263202 3.0
72.65377292054639 4.0
72.67118692405228 4.0
72.68694544602502 4.0
72.68987720845031 4.0
72.70430827169245 4.0
72.74418775403377 3.0
72.78968620120085 3.0
72.79745533005679 3.0
72.79957738206033 2.0
72.80441076930366 2.0
72.89865455409371 2.0
72.93992829692856 2.0
73.06377717758112 2.0
73.13264194742656 1.0
73.13660416046059 1.0
73.1712326734408 1.0
73.21364299672659 1.0
73.2194856189534 1.0
73.23184067170169 1.0
73.27934599243464 1.0
73.28772791717154 1.0
73.29960539371301 1.0
73.38767996512485 1.0
73.42590049124664 1.0
73.4351615125132 2.0
73.4457809419816 2.0
73.53182448780849 1.0
73.63159826812526 1.0
73.63684756983413 1.0
73.67639691631904 1.0
73.70942660990555 1.0
73.73554197852539 1.0
73.82624489989622 1.0
73.83243298752069 2.0
73.84714517180954 2.0
73.90633063611001 1.0
73.91313699117413 1.0
73.92671617388326 1.0
73.9472799969461 1.0
73.97430061558072 1.0
74.00217168009415 2.0
74.02248037629799 3.0
74.11437580525812 3.0
74.13197476945626 3.0
74.15599575706874 3.0
74.20713578893547 3.0
74.25731589091309 2.0
74.2668516122815 2.0
74.2855496754605 2.0
74.35059636320544 2.0
74.36441825145576 2.0
74.39486324716566 2.0
74.39610803437881 2.0
74.43495963886139 2.0
74.44709813074878 2.0
74.45112040164932 2.0
74.45884177082372 2.0
74.55349215706615 1.0
74.57326993908637 1.0
74.62074848767607 1.0
74.68601424423298 2.0
74.70257364309086 2.0
74.71612013015324 2.0
74.72361018598356 2.0
74.82529845348984 2.0
74.83464080658406 2.0
74.839199152412 2.0
74.90313249949777 2.0
75.01415265389144 1.0
75.03731322337963 1.0
75.11748821994341 1.0
75.12008682629269 2.0
75.16586801483511 2.0
75.18671565475971 2.0
75.30569090926521 1.0
75.32563047183486 1.0
75.3286340805634 2.0
75.34577557510906 2.0
75.40846706249019 2.0
75.41908096604028 2.0
75.51071093502608 2.0
75.51732162197894 2.0
75.58507980362366 2.0
75.5987527020212 2.0
75.70122929748017 2.0
75.77877463559592 2.0
75.80932118880271 3.0
75.82024578708874 3.0
75.9342829977007 3.0
75.93476832608378 3.0
75.98388252081662 3.0
76.00756615331713 3.0
76.04750222252952 3.0
76.04862316927976 3.0
76.05049332408976 3.0
76.0763253105948 3.0
76.1021798374697 3.0
76.2172363707769 3.0
76.2253598723555 2.0
76.27833097807458 2.0
76.30342014278138 3.0
76.48265207696328 3.0
76.51862732327714 3.0
76.6039361609463 3.0
76.61061331875311 3.0
76.67604226894 3.0
76.69247834295312 3.0
76.73510684049754 3.0
76.77902781448394 3.0
76.86788029379181 4.0
76.87473537773505 5.0
76.88159103786047 5.0
76.88278356469313 5.0
76.92518209042542 5.0
76.94310096219019 5.0
76.9522015798749 4.0
76.98734362981008 5.0
77.06892258169262 5.0
77.0802606053322 4.0
77.16952242567068 5.0
77.18711337072928 5.0
77.33907589821301 5.0
77.41349584453393 4.0
77.43152291668348 4.0
77.5286984337873 4.0
77.54398909578762 4.0
77.54792319061849 4.0
77.72119437466777 4.0
77.79636793937394 4.0
77.82551688453535 4.0
77.89918832527133 3.0
77.98206339826046 3.0
78.03449247477718 3.0
78.15538612325955 3.0
78.16327203184098 3.0
78.19738008634675 3.0
78.25769210308697 3.0
78.2661758877525 3.0
78.2796021542456 3.0
78.33304210498525 3.0
78.33482569296248 3.0
78.34775488706306 2.0
78.36614455610373 1.0
78.41068113940854 1.0
78.41767688699508 1.0
78.47775597544633 1.0
78.5062622538599 1.0
78.60386635312423 1.0
78.63308238239621 1.0
78.69091266106469 1.0
78.84237177547443 1.0
78.8584369660524 1.0
78.96658450292554 1.0
78.97505858865429 1.0
79.03007039179546 1.0
79.08598591386672 1.0
79.10538178897879 1.0
79.12921041977314 2.0
79.1316823226973 2.0
79.14094316074747 3.0
79.15037928414922 4.0
79.1621337096211 4.0
79.17076920454382 3.0
79.20407017611217 3.0
79.31204328745541 3.0
79.35221676768823 3.0
79.36086751075305 3.0
79.46612535541206 3.0
79.4952985998816 2.0
79.525351660777 2.0
79.60425361577904 2.0
79.60797442389892 2.0
79.6106003607941 2.0
79.62738701585918 2.0
79.63807799078083 3.0
79.69266798476836 3.0
79.6945054935693 3.0
79.70962035311065 3.0
79.73762696232492 3.0
79.82660658783466 2.0
79.92026287160535 2.0
79.9285953085071 3.0
79.94469030945038 3.0
80.00844414153842 4.0
80.17521430164203 4.0
80.24080886252844 4.0
80.25039703537611 4.0
80.30252857675652 4.0
80.31461100434818 4.0
80.3200947962591 4.0
80.33399324376643 4.0
80.51976718707225 4.0
80.60588671679679 4.0
80.63324377634318 4.0
80.6663626631334 4.0
80.66705378852342 4.0
80.72528772049833 4.0
80.75167253919653 4.0
80.77091871193129 4.0
80.81877984448865 5.0
80.90616407850632 5.0
80.9799731109827 5.0
80.99291914923054 5.0
80.99531594240952 5.0
81.05583413381692 5.0
81.16719379065796 5.0
81.20833018824551 5.0
81.21457905746361 5.0
81.23159707826478 5.0
81.28364455532383 5.0
81.28717704218631 5.0
81.31085884832495 5.0
81.31795551359784 4.0
81.35914987754225 5.0
81.37286489343508 5.0
81.39692494558487 6.0
81.5326175235446 6.0
81.55827630993775 6.0
81.57781912437278 6.0
81.58302343847662 6.0
81.63480079466999 6.0
81.65200848191219 6.0
81.77236322383646 6.0
81.79454003880852 6.0
81.82154808071314 6.0
81.82324071918582 6.0
81.83774715825132 6.0
81.92646031257566 6.0
81.95023410492637 6.0
82.02837446862864 6.0
82.14582972447523 6.0
82.15316213273013 6.0
82.30809630041003 6.0
82.57564857761041 6.0
82.5771953723265 6.0
82.58953160869575 6.0
82.62646189202552 6.0
82.63550715160459 6.0
82.6414337605439 6.0
82.6522246632943 5.0
82.67866601944091 5.0
82.68073246852555 5.0
82.68273477658713 5.0
82.88000187737119 5.0
82.92453568382255 5.0
82.94382613074004 5.0
82.95200802569444 5.0
82.98620823652858 5.0
83.00385435773977 5.0
83.06648077439436 5.0
83.09991901664637 5.0
83.16972463629982 5.0
83.21391515787136 5.0
83.25568985629272 5.0
83.2622196317198 5.0
83.27520957328609 5.0
83.27915549627346 5.0
83.2810616073661 5.0
83.29268944859987 5.0
83.3664937758852 6.0
83.42833832610525 7.0
83.44190402044323 7.0
83.46388989039123 7.0
83.51574354542744 7.0
83.54550791116282 8.0
83.55168398883195 9.0
83.68629097612829 9.0
83.70234777705757 10.0
83.72347421098326 9.0
83.74351943321169 9.0
83.76375808345378 9.0
83.76882019326983 9.0
83.87230578151791 9.0
83.87431907167057 10.0
83.91779416981825 10.0
83.91891598744161 10.0
83.92475614524157 9.0
83.96423482490927 9.0
83.96591936554071 9.0
84.01132068317115 8.0
84.01494841654865 8.0
84.02438330816224 8.0
84.07263298142321 8.0
84.1136010166498 8.0
84.12825881984766 9.0
84.13746975476931 9.0
84.14514248681354 9.0
84.21207540255178 10.0
84.2300281642906 10.0
84.2524917592878 10.0
84.30942111876853 10.0
84.33593142078081 10.0
84.38991804044397 9.0
84.44367007393755 9.0
84.45689068657266 9.0
84.5281906108472 8.0
84.54645965236023 7.0
84.57885555837788 7.0
84.6082240652095 7.0
84.65951560181338 7.0
84.77562279351194 6.0
84.82287879038698 6.0
84.84524846784636 6.0
84.85467993767882 6.0
84.87756134712409 6.0
84.91879112071038 6.0
84.91983545463981 7.0
84.9534238328644 7.0
85.02273378016591 7.0
85.02741503496722 7.0
85.05887591390587 7.0
85.05976401577661 7.0
85.08489319144388 8.0
85.11458751414496 9.0
85.13507949638668 9.0
85.13801847911783 9.0
85.1409434268446 8.0
85.15181090350865 8.0
85.19014477943158 9.0
85.21924705157306 10.0
85.31949166776336 9.0
85.41778374755931 9.0
85.41832606184488 8.0
85.50321118008482 9.0
85.51331449324472 9.0
85.57790107018228 9.0
85.61754996630081 9.0
85.63091773373765 9.0
85.64168307567522 8.0
85.65380465571806 8.0
85.77170324557207 8.0
85.77754222965993 8.0
85.80307234009342 7.0
85.82944911058576 7.0
85.84991496690773 8.0
85.90245885814566 9.0
85.90407225587005 9.0
85.94665222463959 9.0
85.98306522741994 9.0
85.98354027076626 9.0
86.01107999808968 9.0
86.02767132266584 8.0
86.04794554735423 8.0
86.13127788020785 7.0
86.161760203244 8.0
86.19421957487592 8.0
86.34342324100461 7.0
86.36441106208704 7.0
86.39990394112662 7.0
86.43927645245435 7.0
86.46874752387173 8.0
86.49471133630689 8.0
86.49696398224073 8.0
86.50212377539826 8.0
86.54373262509463 8.0
86.54501663870322 8.0
86.55432541269761 8.0
86.57457625777141 7.0
86.6198277068534 7.0
86.6261275520506 7.0
86.63257467262319 7.0
86.66432852784693 7.0
86.67394164307606 7.0
86.68518212029456 7.0
86.71693930448242 7.0
86.73735655725976 7.0
86.74658985044869 7.0
86.79200260234838 8.0
86.80222139336522 8.0
86.82985901762166 8.0
86.83925671248588 8.0
86.86333791097302 8.0
86.94300912993982 7.0
87.04633223850152 7.0
87.0623112713144 7.0
87.14446535288882 7.0
87.15001843516055 7.0
87.23694308361385 7.0
87.27763420328782 6.0
87.28621362491668 6.0
87.30475001463867 6.0
87.37234433833547 6.0
87.40139325824451 6.0
87.41512708673208 7.0
87.42541891182826 7.0
87.46851589162098 7.0
87.52679875619377 7.0
87.56942109701222 8.0
87.57572963633623 8.0
87.61154910382642 8.0
87.65796104123123 8.0
87.66670175234015 8.0
87.68728659335484 7.0
87.76070081088201 7.0
87.78441167578323 8.0
87.80931276239752 8.0
87.85358664399958 8.0
87.90047098140448 9.0
87.91207539797456 9.0
87.91854337109486 9.0
87.93031300768587 10.0
87.97168355859739 10.0
87.99161082842464 10.0
88.06393612852993 10.0
88.07916687323343 10.0
88.10841863779363 10.0
88.11701902986968 10.0
88.12123993627883 10.0
88.19691652860826 9.0
88.20994906475204 9.0
88.3166115295404 9.0
88.32200718367118 10.0
88.3388963431292 10.0
88.34403217453766 10.0
88.47135157692011 11.0
88.49401460405994 12.0
88.50229738484425 12.0
88.54818964320204 12.0
88.56149237268956 11.0
88.56737563974725 11.0
88.67417629113746 12.0
88.68189079964998 12.0
88.6931802931155 12.0
88.75119471785641 12.0
88.75266538326927 11.0
88.75923110152674 11.0
88.75965107621553 11.0
88.78608473839505 11.0
88.83318666346992 11.0
88.83792559063043 10.0
88.94216259805144 10.0
88.9477656250118 10.0
88.95497152295466 11.0
88.98368123163328 11.0
88.9924647675101 11.0
89.00011094300365 12.0
89.0302820790818 11.0
89.03898326398316 10.0
89.05446538922753 10.0
89.05545496286568 10.0
89.0967840103711 10.0
89.14418463685861 9.0
89.16803802949318 9.0
89.17884779193022 10.0
89.21070231180337 10.0
89.25179693498606 9.0
89.25732927941277 8.0
89.2799685659756 8.0
89.28480729443176 8.0
89.31961808681906 8.0
89.35595670271192 8.0
89.39326936465604 8.0
89.40178190402774 7.0
89.41474939110341 7.0
89.43752966173595 7.0
89.46150691168224 6.0
89.48566605244466 6.0
89.57234959022973 6.0
89.59127952164887 5.0
89.59621172269601 5.0
89.59883626427828 5.0
89.61287967805438 4.0
89.64076985723307 4.0
89.65189611258377 4.0
89.77860175823811 4.0
89.78247639508251 4.0
89.86635584931837 4.0
89.88407990172534 4.0
89.9077475570118 4.0
89.92986157198807 4.0
89.96799626750351 5.0
89.96956222009744 5.0
90.01428863832555 5.0
90.06863592159434 5.0
90.09187436121711 5.0
90.10822658122459 5.0
90.10923327639694 4.0
90.1123450418468 4.0
90.13425417152388 4.0
90.1347086942397 4.0
90.16876747717853 4.0
90.19273673298103 3.0
90.22668715317707 4.0
90.23733205210404 4.0
90.25392124285948 4.0
90.26038073266403 4.0
90.26055864902635 4.0
90.28606304029375 5.0
90.29884268933507 5.0
90.32108522224361 5.0
90.40630917705239 5.0
90.4298546397 5.0
90.45566583006215 5.0
90.50882600777648 5.0
90.53618748321814 4.0
90.54916913818043 4.0
90.5955312947769 4.0
90.60660188122651 4.0
90.6205256882439 3.0
90.71594628681217 3.0
90.7266681436223 4.0
90.7374172195279 4.0
90.77088443494732 4.0
90.77947355382916 4.0
90.79993475378126 4.0
90.81176051340323 5.0
90.84315260924252 5.0
90.88377992935398 5.0
90.93350443562711 5.0
90.98108886605024 5.0
91.0073898424331 5.0
91.06557030631048 5.0
91.06903503178778 5.0
91.15961277500699 5.0
91.19311398129449 5.0
91.2036835004863 5.0
91.26329976560997 6.0
91.29848193815671 7.0
91.30806917707271 7.0
91.33821720080147 7.0
91.40469865317839 7.0
91.48144694990482 7.0
91.49244890201109 8.0
91.50275504200901 8.0
91.57011755905461 8.0
91.58170454791829 8.0
91.6298742315454 8.0
91.73669754430897 9.0
91.82593831033641 9.0
91.97175223385801 9.0
91.97410816403483 9.0
91.9967813095388 9.0
92.04358437822732 9.0
92.07499011989506 9.0
92.10849767480416 8.0
92.18315204094735 7.0
92.30152248808537 6.0
92.30526462438839 6.0
92.31672672348331 6.0
92.34724875634912 6.0
92.3634808773222 6.0
92.46390791759313 5.0
92.47837653732714 5.0
92.4957572662131 5.0
92.54797303759906 5.0
92.58997858575019 5.0
92.67301530608377 5.0
92.67569297488879 5.0
92.6777187736183 6.0
92.79826097848289 6.0
92.8292257738947 6.0
92.85632748688153 6.0
92.89896648092133 6.0
92.92275577936451 6.0
92.92763840823943 6.0
93.03330536537727 7.0
93.06995295887906 7.0
93.10326598471798 7.0
93.11830797261025 8.0
93.13353829605873 7.0
93.14950813387814 8.0
93.17763362023666 8.0
93.20419901686694 8.0
93.23131936440143 8.0
93.2501030990865 9.0
93.25394273482632 8.0
93.2557560583796 8.0
93.26761193802746 9.0
93.2729172681785 8.0
93.31749548231079 9.0
93.38836501835856 9.0
93.39391086208249 9.0
93.4562365017028 8.0
93.46495250840601 8.0
93.48376490804915 8.0
93.51173998585153 8.0
93.61323575554675 8.0
93.63120930369216 8.0
93.66655515849523 8.0
93.71713534038453 8.0
93.80472255974158 8.0
93.82297206980296 9.0
93.8459155940515 9.0
93.8463891797974 10.0
93.89631955131192 10.0
93.92739560340215 9.0
93.93139768530612 9.0
93.9715251196777 9.0
94.00461361718466 8.0
94.0155809433542 8.0
94.02636891607139 7.0
94.11905658551288 7.0
94.14753573562703 7.0
94.17025767388871 8.0
94.17778675348843 9.0
94.18577962135225 9.0
94.23333034847785 9.0
94.29159031378504 8.0
94.31309249170965 9.0
94.32639324621034 10.0
94.36751835680992 10.0
94.49739098171773 10.0
94.55349326536499 10.0
94.69025955806595 10.0
94.75463146646314 10.0
94.76010849699068 10.0
94.76115540225128 9.0
94.76678674829412 9.0
94.76871356508167 10.0
94.77164527995245 11.0
94.77523173268172 12.0
94.82607534221322 12.0
94.86380901511752 11.0
94.9381386479286 11.0
94.97242022427086 12.0
94.9734460600435 12.0
94.99192851933678 12.0
94.99908206400964 12.0
95.1090794686316 12.0
95.19736569529663 12.0
95.24055629723968 11.0
95.24354859540499 11.0
95.24897851390527 11.0
95.31671562351674 11.0
95.35813590628416 11.0
95.35891767979231 11.0
95.39396605376062 12.0
95.42971380862458 11.0
95.43591724478526 11.0
95.47987479880321 11.0
95.52624989635842 11.0
95.53012258265744 11.0
95.55022182809918 11.0
95.57876543867746 11.0
95.62237778828819 11.0
95.6624802354733 11.0
95.74995045183789 11.0
95.85349035448768 11.0
95.86312623806431 12.0
95.90057491968918 12.0
95.96852680800333 11.0
96.03167774847135 10.0
96.082450770908 10.0
96.11031296910056 11.0
96.11982128662588 10.0
96.1548916665667 10.0
96.16043469151666 10.0
96.20008723392765 10.0
96.23523019471206 9.0
96.25430098224673 9.0
96.29664467178425 9.0
96.38200818433684 9.0
96.39417771230427 9.0
96.45174650218111 10.0
96.47999721969545 11.0
96.55478180546116 11.0
96.69336391770149 11.0
96.75632110947338 12.0
96.82859352789163 12.0
96.9621621135819 12.0
96.9718670800859 11.0
96.99440611187761 11.0
97.00360653696184 11.0
97.03775524472051 11.0
97.05204508855881 10.0
97.12405324827031 10.0
97.15517482054973 10.0
97.19533148195316 11.0
97.217146216459 11.0
97.22245199339551 11.0
97.23003761092818 11.0
97.3450156150116 11.0
97.38223199910459 11.0
97.41425670945507 11.0
97.4441459572512 11.0
97.44889335912829 10.0
97.45637643358681 11.0
97.52285571407238 12.0
97.55325033140905 11.0
97.62305493773074 12.0
97.62991009827857 13.0
97.650280189924 13.0
97.70949818075357 12.0
97.73330444778821 12.0
97.73937632236542 13.0
97.81094256916863 12.0
97.81752220201476 12.0
97.87424038831125 12.0
97.89768276290887 11.0
97.94110824013728 12.0
97.95097862761523 12.0
97.98231304005292 12.0
98.07754953364032 12.0
98.07787684885996 11.0
98.14689835917211 11.0
98.17123557432447 11.0
98.21139558093888 11.0
98.23224324154403 11.0
98.31508456080725 10.0
98.35762353421802 11.0
98.36179445250922 11.0
98.37000250795238 11.0
98.3754081767776 11.0
98.42562866655248 11.0
98.44129536065277 11.0
98.48521654458554 11.0
98.48658906901272 11.0
98.55498864124453 12.0
98.558556432132 12.0
98.5744559861662 13.0
98.58908477763843 13.0
98.63989219384119 13.0
98.68175247667376 12.0
98.68303428801997 12.0
98.70112520259586 11.0
98.76243966639392 11.0
98.86289050103866 12.0
98.86481726035707 13.0
98.94625563949144 12.0
98.95969687782228 12.0
99.0075953281314 12.0
99.01741329072239 12.0
99.08718355087751 11.0