0.0 45.0
0.06857616892556521 45.0
0.12003484255484947 44.0
0.15283518158529935 44.0
0.15283549222185233 44.0
0.1800335094210074 43.0
0.19187995746548908 42.0
0.19227114734540596 41.0
0.20420306894305482 40.0
0.2134970842062649 40.0
0.22601349262947218 41.0
0.2477582100794315 40.0
0.25614917067386617 40.0
0.2608158906145487 40.0
0.2789532490337248 39.0
0.3065925693083501 38.0
0.38454725145638385 38.0
0.45335094210672056 37.0
0.5044151427137615 37.0
0.5383608799793455 37.0
0.558052787543444 38.0
0.5610561041266445 38.0
0.5985967659293224 37.0
0.6069130239953404 37.0
0.6269729899480496 37.0
0.6363983292314966 36.0
0.6436590383326467 35.0
0.6636371209970451 35.0
0.6675249279769512 36.0
0.6831776381922703 35.0
0.6899358298537871 35.0
0.7697725395755041 35.0
0.8039908113677875 35.0
0.8071629139227462 35.0
0.8194258157670224 34.0
0.8333093734797591 34.0
0.8509654957996069 34.0
0.8602748523678723 33.0
0.8607704638594857 33.0
0.8677191654224444 33.0
0.8789011564743024 33.0
0.8886277104695026 32.0
0.9302241428742697 31.0
0.964015892194487 31.0
0.9807774270819187 32.0
0.9935064576755356 31.0
1.0090584554528557 31.0
1.010136287398769 31.0
1.0403439290743244 32.0
1.0690374826109226 33.0
1.0834108769150363 33.0
1.1236585639645171 33.0
1.133256364629969 33.0
1.1401261968840135 33.0
1.1730766321368278 34.0
1.1951790260196855 33.0
1.1955260649043866 33.0
1.204028102211561 32.0
1.2569313440003924 32.0
1.266611285449499 32.0
1.2862497370373773 32.0
1.307175988290539 32.0
1.343117027910223 31.0
1.3690719867627583 31.0
1.395369136606034 31.0
1.4004959959887475 32.0
1.4229268139567972 31.0
1.5168682078136382 30.0
1.6059644963139545 31.0
1.6120984081899596 30.0
1.6513452860965494 29.0
1.6702172498567156 30.0
1.6706334649047887 30.0
1.6839226848720408 30.0
1.7124285895372318 29.0
1.7265460298429516 29.0
1.7283803361052505 29.0
1.7404706915739354 28.0
1.755683437974447 28.0
1.7632719425816519 27.0
1.7941822960770686 26.0
1.7943786042177976 25.0
1.811049548188173 25.0
1.8331045820801277 25.0
1.8669652094124962 25.0
1.877841800804544 24.0
1.8821078439786116 24.0
1.9315186632323131 24.0
1.965247445905527 24.0
1.9707738294898287 25.0
2.0070111520848966 25.0
2.0093541848381267 24.0
2.0265870052950836 24.0
2.0536494016654845 24.0
2.057311101617407 25.0
2.0744075833158995 26.0
2.0751057261740895 26.0
2.1240951313900323 25.0
2.1831934933282433 24.0
2.1867403368281186 23.0
2.2256324360919724 22.0
2.247417714575562 23.0
2.292696273528485 23.0
2.3508304669599585 23.0
2.3721310042868016 23.0
2.3754668152689735 23.0
2.3913980089614078 24.0
2.4211517472123267 24.0
2.5112498577744016 23.0
2.515463415470011 23.0
2.5819356845169867 23.0
2.602171388501374 23.0
2.615610591745633 22.0
2.6961050516874216 22.0
2.743053202390719 22.0
2.79011586075823 22.0
2.8011835802480856 23.0
2.818154072476117 23.0
2.8398207300737126 24.0
2.8457446269679347 24.0
2.8972916387266 24.0
2.9049291958345833 25.0
2.9140867713961365 25.0
2.9327013803332704 25.0
2.9849727510431947 25.0
3.014835055678343 26.0
3.032153058338353 27.0
3.037445262808158 27.0
3.069086381120483 27.0
3.106758732330517 28.0
3.1097355634160255 28.0
3.126916215653025 28.0
3.1730789596397444 28.0
3.2494956212162647 28.0
3.254685971116457 27.0
3.353455684770263 28.0
3.3843342854080367 28.0
3.401231964044028 29.0
3.4017175046601094 28.0
3.435483414826611 29.0
3.4452308046400013 29.0
3.452178939899155 30.0
3.496993371081222 30.0
3.5170113741869464 29.0
3.5767586262602764 29.0
3.626885713432195 29.0
3.6666253011314796 29.0
3.725477581501647 30.0
3.7481073689346163 30.0
3.7592959360112626 30.0
3.7846180410149652 29.0
3.7899049804233327 29.0
3.8018743116687213 30.0
3.8218308309717495 29.0
3.8318465316931705 29.0
3.841174000546454 28.0
3.8494430630823753 28.0
3.864901862160994 27.0
3.892647621373041 27.0
3.9266551697444956 27.0
3.974828338241064 27.0
3.977101328414102 26.0
3.993643313114827 27.0
3.9954832534226274 28.0
4.009698679185648 27.0
4.052814723308656 27.0
4.053981483784307 28.0
4.075258813397931 28.0
4.094286945777133 27.0
4.130245356213599 28.0
4.154957600214009 27.0
4.1754109629524425 26.0
4.19053045036173 25.0
4.199021816672764 25.0
4.238450872129807 26.0
4.239557758313507 26.0
4.239763091030789 26.0
4.280398264222114 26.0
4.283926223408847 26.0
4.290430044333048 26.0
4.346403294443561 25.0
4.397676495978957 26.0
4.400254860986474 26.0
4.408466162180716 26.0
4.414753560044887 26.0
4.434338054000867 26.0
4.438981476269037 26.0
4.460956275065599 26.0
4.612966875033916 26.0
4.613975581095207 26.0
4.614400675155422 26.0
4.738833901947314 26.0
4.765797008874494 26.0
4.813420333518959 26.0
4.850938690912703 26.0
4.87403185177276 26.0
4.88264185753898 27.0
4.885730952126877 26.0
4.911375272417378 26.0
4.91795208264112 25.0
4.938298289882332 24.0
4.97149978711644 23.0
4.975740920328661 23.0
4.986781577103086 23.0
5.034505514713647 23.0
5.048971290017144 24.0
5.120568776699451 24.0
5.127500737358116 24.0
5.131857193018056 24.0
5.133511595905364 24.0
5.134573097518221 24.0
5.186660113654588 23.0
5.20601793554645 24.0
5.227006308377824 24.0
5.258924762889864 24.0
5.271332094772235 25.0
5.278480341513079 26.0
5.297695372997646 26.0
5.319691730053641 26.0
5.337342605209625 26.0
5.4260750104169 27.0
5.434176683866921 26.0
5.45016116163383 26.0
5.451217265667598 26.0
5.474694241639057 26.0
5.506813063777116 26.0
5.512842893161785 26.0
5.523694963916978 27.0
5.545604712406675 28.0
5.573739679681067 29.0
5.586249659107086 28.0
5.61035712262081 28.0
5.646087113087173 27.0
5.657287636208332 27.0
5.703974512395122 26.0
5.706426643584097 25.0
5.712447700304766 26.0
5.781473149868494 26.0
5.783522107067252 26.0
5.803754972345552 26.0
5.826253718781809 27.0
5.857627902875515 27.0
5.8656746837534355 27.0
5.867492967807559 27.0
5.9113307117875475 26.0
5.91838719482811 26.0
5.935143952544696 27.0
5.948092204081749 27.0
5.958066687543756 28.0
5.965860855915354 28.0
6.027086629223845 28.0
6.063585377750752 29.0
6.135025828139682 30.0
6.150207888021179 30.0
6.180478047818791 30.0
6.239646443455247 29.0
6.252852292260054 30.0
6.264479276851187 30.0
6.283637194753901 29.0
6.297537877632396 29.0
6.298227628796251 29.0
6.354233897196582 29.0
6.40139920092827 30.0
6.407645448778625 30.0
6.4337521204767345 29.0
6.44270754663308 30.0
6.462475916004936 30.0
6.464855837494782 29.0
6.483687742410433 30.0
6.511983579737581 30.0
6.5405355944188965 31.0
6.540723963739679 30.0
6.549203985436838 29.0
6.554507811785154 29.0
6.558424311990887 29.0
6.5940496613925585 29.0
6.597732026394274 28.0
6.614652158212562 29.0
6.635295467072604 28.0
6.670450465767622 27.0
6.682500307783161 28.0
6.6976517731541865 28.0
6.698610396381575 29.0
6.7038116248705455 29.0
6.717923659452324 28.0
6.754370768225933 28.0
6.756018816805054 27.0
6.756709366016964 27.0
6.759412437584569 28.0
6.762430073955914 28.0
6.766292325222853 28.0
6.783398744204362 27.0
6.832070758117591 27.0
6.837000389089636 27.0
6.8744505526622826 27.0
6.9140189407182016 27.0
6.923220634440785 26.0
6.938851166386139 27.0
6.9711509879181985 28.0
6.989239988490674 27.0
6.9924055698172625 26.0
7.028019158535009 26.0
7.109087978581901 27.0
7.146261815733377 27.0
7.147427230962134 27.0
7.18330895792814 28.0
7.201982479856706 27.0
7.205838629999057 28.0
7.252871142396308 27.0
7.2580188691893985 27.0
7.267643530434702 27.0
7.327456193995718 28.0
7.338362245978618 29.0
7.3468212980560965 30.0
7.359675896335793 30.0
7.363570989685334 30.0
7.3967962121040145 30.0
7.430712023482289 31.0
7.44994578578544 32.0
7.47968761246511 31.0
7.562708746375315 32.0
7.571421743835424 32.0
7.628875380829479 33.0
7.631738800143298 33.0
7.6788620677675805 32.0
7.693987854332797 31.0
7.697258127946582 31.0
7.748678433678726 31.0
7.757762608898176 31.0
7.771942654881572 30.0
7.782507115328507 29.0
7.837261021083349 28.0
7.856757965157966 28.0
7.9078529636941415 27.0
7.946787911867367 28.0
7.979159267405157 27.0
7.993867957601309 28.0
7.995887783405302 28.0
8.056267687969335 29.0
8.05932899833763 29.0
8.073241396737737 29.0
8.073338775077737 28.0
8.083287591065275 28.0
8.13778740652703 27.0
8.146173384309472 26.0
8.23757965377996 26.0
8.240923636779506 26.0
8.24637259286474 27.0
8.24726569577578 26.0
8.338215615399937 26.0
8.432333339374566 26.0
8.469216925353063 26.0
8.497702474124495 25.0
8.497874748277091 25.0
8.511360279980169 24.0
8.52609648120457 25.0
8.541921311229144 26.0
8.587792309989396 26.0
8.591841503250102 26.0
8.604619806343823 25.0
8.666620983538412 24.0
8.67211855107466 24.0
8.675494194861912 24.0
8.70437107197376 25.0
8.746283493077243 26.0
8.74734421214642 27.0
8.8019237982329 27.0
8.802191511696574 28.0
8.8022814362114 28.0
8.832976699626718 28.0
8.84763209706316 28.0
8.91267624047037 27.0
8.929809668245458 28.0
8.929811309457474 29.0
8.946810542560499 30.0
8.996717201644651 31.0
9.007204932237796 31.0
9.014826383190568 32.0
9.078854908829799 32.0
9.099552819619634 33.0
9.109491735002557 32.0
9.124750828902572 31.0
9.185192522475086 31.0
9.185279533254967 31.0
9.193668344922619 32.0
9.207936773912275 32.0
9.262063509609659 31.0
9.290422008746665 30.0
9.320772712876472 30.0
9.411491253517806 31.0
9.423030240465703 31.0
9.426583944358558 32.0
9.508590444821447 32.0
9.522444920566276 31.0
9.53312999681259 31.0
9.568718711244244 31.0
9.575800116173719 32.0
9.657743317842224 33.0
9.687769175790027 33.0
9.70206606654425 33.0
9.703249843750285 34.0
9.731429759692334 34.0
9.797194626324718 34.0
9.820881085661222 35.0
9.855651418489183 36.0
9.858669326487888 36.0
9.963354745660066 37.0
9.987735586839461 38.0
10.033660381206879 37.0
10.034010937030756 38.0
10.040804649268278 38.0
10.070813541236424 39.0
10.092309209346055 40.0
10.100615717814973 41.0
10.134707291342202 41.0
10.165389237805941 41.0
10.17178618052181 40.0
10.191618786649542 40.0
10.19792844260675 40.0
10.220557848992296 40.0
10.227854905006545 40.0
10.25545683152135 40.0
10.279100639689236 39.0
10.286237136188793 40.0
10.379390706592808 41.0
10.38549635076366 41.0
10.386957606552564 40.0
10.534074292311367 40.0
10.558049977760428 39.0
10.584554135970615 38.0
10.60412619115353 39.0
10.609352962586271 39.0
10.65857744270399 38.0
10.761430147594938 38.0
10.811980302427516 39.0
10.832723811862762 40.0
10.835916946777237 40.0
10.86504004864072 40.0
10.87375351141617 39.0
10.876878629101022 39.0
10.884060204523497 39.0
10.909093179292018 39.0
10.914070638775478 39.0
10.947411626917281 40.0
10.971159830796704 40.0
10.972271944387938 40.0
11.001107729025415 41.0
11.009004019143688 40.0
11.0207451238477 39.0
11.03887176097454 40.0
11.040762376486237 40.0
11.044498304249005 40.0
11.062210183300543 41.0
11.078992099407053 41.0
11.081959625243925 41.0
11.137342720753953 40.0
11.142117793249165 40.0
11.160818595733051 40.0
11.160994006198163 39.0
11.194475823168885 38.0
11.199466714860442 38.0
11.320702101644597 38.0
11.342750552214078 37.0
11.349439735405186 38.0
11.381212145277415 39.0
11.384542945509715 39.0
11.404386634456811 39.0
11.40798460835755 39.0
11.440021021394807 39.0
11.442355458220453 39.0
11.452924736516232 40.0
11.453826677210284 41.0
11.462747436307845 41.0
11.500320884994817 42.0
11.527194370170136 41.0
11.53225617928103 42.0
11.542513289557663 41.0
11.556482454199953 41.0
11.612905312244365 41.0
11.640621969462739 41.0
11.644278469490555 40.0
11.65475883496907 41.0
11.695851367982593 40.0
11.740850374945877 39.0
11.764424740228527 39.0
11.76914553743864 40.0
11.78209873994173 41.0
11.80819481466306 42.0
11.825790034934082 43.0
11.858103934570611 43.0
11.888444623401162 42.0
11.901628794875226 42.0
11.924783598269736 43.0
11.927864237242499 42.0
11.979015811640616 42.0
12.03622172393649 42.0
12.081879727197936 41.0
12.108885955658424 42.0
12.224445274235219 42.0
12.321955953623963 42.0
12.393189388755708 43.0
12.39469588162528 43.0
12.407400002392086 43.0
12.414944781875448 43.0
12.48344664453796 43.0
12.511378983247202 43.0
12.521269712382223 43.0
12.527542688152822 43.0
12.546167217372952 43.0
12.583580425736843 43.0
12.59333441166716 42.0
12.66706798746207 42.0
12.676328888702484 41.0
12.683317570516323 42.0
12.706473325160385 42.0
12.720880326268777 42.0
12.733490655952707 42.0
12.738106446818366 41.0
12.755718667061705 42.0
12.759006647534061 43.0
12.788249169391491 42.0
12.79134292780854 41.0
12.807629694719516 40.0
12.895780014556248 40.0
12.898940045616905 40.0
12.901821007741614 41.0
12.912928480516078 42.0
12.924665510780848 43.0
12.938802586244124 43.0
12.967344932541494 42.0
13.081303855768136 41.0
13.116619658576544 41.0
13.127751298464577 42.0
13.140595320880143 41.0
13.14442286750687 41.0
13.15987204253243 42.0
13.170630364080258 43.0
13.208983849942761 44.0
13.23408027640207 44.0
13.24844769736653 45.0
13.249508150458059 44.0
13.26675449880964 45.0
13.330413361896268 45.0
13.374730492311054 46.0
13.383862975327817 47.0
13.39428217000644 47.0
13.408890021313493 46.0
13.421407603171765 46.0
13.43901847583216 45.0
13.446177455140997 44.0
13.489601180902747 45.0
13.503015486916551 46.0
13.508463703458766 47.0
13.523450675829382 47.0
13.538134438061107 48.0
13.554279404180248 48.0
13.570567695314537 48.0
13.58574344809545 49.0
13.71415836936618 49.0
13.723606918323625 49.0
13.76948288267902 49.0
13.785212813762769 48.0
13.791558901839599 48.0
13.818381073090928 49.0
13.902257612735031 49.0
13.92117524644948 48.0
13.95939837913321 48.0
13.985474552766016 47.0
13.988471381214557 48.0
13.999829225579731 49.0
14.064704241493516 48.0
14.073630232187286 48.0
14.118862198030138 48.0
14.158063974984199 48.0
14.183310730060267 48.0
14.190373963413911 47.0
14.192525037014791 47.0
14.195732619747535 48.0
14.200593688050839 47.0
14.215668520230654 48.0
14.23102246268657 49.0
14.410129309569779 49.0
14.419144188939342 49.0
14.454702169829442 48.0
14.466504440486476 49.0
14.486424605271644 48.0
14.510326053156025 47.0
14.536228840210297 48.0
14.536931901205794 49.0
14.559392658316831 49.0
14.5895595889057 48.0
14.597412989286653 47.0
14.610445759233624 47.0
14.656087869234211 47.0
14.66203382309277 47.0
14.702529033084005 46.0
14.805148800055322 47.0
14.847764967439073 46.0
14.918001613402476 47.0
14.938369535152773 46.0
14.939654729169721 47.0
14.98628848264598 48.0
14.996650458209185 48.0
15.021264985486196 49.0
15.075376444984729 50.0
15.14572921624821 50.0
15.15675423296227 51.0
15.198759341974954 52.0
15.204181222760896 51.0
15.282273217557131 50.0
15.300656838246654 50.0
15.30103953282729 50.0
15.320620429996149 51.0
15.332111149097988 51.0
15.342416394780527 52.0
15.396346292795238 53.0
15.408085044459709 52.0
15.436851346858822 53.0
15.48194761909909 54.0
15.490816109249009 55.0
15.525833525782481 56.0
15.538347255028041 56.0
15.54952189533747 56.0
15.558252411907354 57.0
15.584390048791574 58.0
15.633271481549983 57.0
15.645594280567657 57.0
15.69918052847497 57.0
15.700576714835906 58.0
15.709858810613277 59.0
15.756726035901666 60.0
15.768021598880436 59.0
15.78377215402303 58.0
15.802688912788222 58.0
15.876703366430462 58.0
15.879596600394969 57.0
15.889725297744885 58.0
15.890347562539889 59.0
15.987821721368913 59.0
15.998037275413427 58.0
16.041058784934997 57.0
16.06939283671417 57.0
16.192603311627924 57.0
16.274554126307663 58.0
16.336571472502293 59.0
16.337357650838985 60.0
16.3902353639746 59.0
16.42313000326485 58.0
16.429248760488115 57.0
16.434322339984806 58.0
16.48767148520204 57.0
16.57490801505703 56.0
16.577300026465007 56.0
16.611396575382262 57.0
16.675155993963866 56.0
16.687675573176794 56.0
16.688457159324546 57.0
16.69169257350066 56.0
16.782292790092352 56.0
16.809253948274414 56.0
16.815608621984346 55.0
16.819632091213098 55.0
16.822793625967872 55.0
16.823784005798597 55.0
16.876054276623982 55.0
16.951888501411613 55.0
16.995007336819274 55.0
16.99594703747444 56.0
17.012417850613474 55.0
17.03041112990058 55.0
17.05579111401286 56.0
17.072960595054365 55.0
17.107830592090167 54.0
17.18412071129632 55.0
17.193890223732083 54.0
17.25171643171981 53.0
17.28971443152993 52.0
17.300300971060196 53.0
17.315558125910876 54.0
17.360597535691525 55.0
17.428704108210308 56.0
17.431025797889326 57.0
17.451178028730336 56.0
17.47007101843945 56.0
17.487676830806002 57.0
17.48980811783031 56.0
17.509664926819728 56.0
17.515669860351615 57.0
17.541932058233854 58.0
17.58378139135594 59.0
17.599642523991257 60.0
17.62074920125645 59.0
17.694534018163008 58.0
17.70317402821331 58.0
17.710366535424765 57.0
17.716294363353082 58.0
17.73161564288089 58.0
17.76434026323892 57.0
17.81267716440533 58.0
17.84386298412283 58.0
17.882417766597303 58.0
17.8963739259887 58.0
17.903369583636557 59.0
17.907033912796372 59.0
17.92524776258407 59.0
17.92893145891677 59.0
17.98822185473365 58.0
18.028056863733028 59.0
18.028825490069742 59.0
18.03795412994078 59.0
18.04142516970841 60.0
18.10761643646772 61.0
18.120913090996883 60.0
18.140582031330954 60.0
18.156216583364138 60.0
18.166591303624436 61.0
18.201516062766864 62.0
18.29766579738749 62.0
18.30344486147533 63.0
18.31723630075779 63.0
18.321533078154395 64.0
18.334602451721818 65.0
18.401673316659746 64.0
18.484736185806174 63.0
18.48522284571896 63.0
18.517041802414035 64.0
18.650442323544592 65.0
18.654403020771873 65.0
18.682822694445516 64.0
18.70414793619644 63.0
18.806555972923437 62.0
18.83328181821816 63.0
18.89261503474474 64.0
18.900797836402734 65.0
18.90450598696111 66.0
18.90910776771943 67.0
18.921247971754635 68.0
18.947687321766782 69.0
18.96024749949683 69.0
18.98796929598161 68.0
19.069046664504278 69.0
19.0976053108999 70.0
19.154459796068306 70.0
19.18320370718899 69.0
19.20852436987739 68.0
19.212454573257407 69.0
19.231164298791672 70.0
19.243915151734566 69.0
19.273452262520138 70.0
19.300831664490417 69.0
19.315929277109237 70.0
19.32225342840568 71.0
19.528731601465505 70.0
19.639698705511876 71.0
19.69293443831967 72.0
19.699800326637614 72.0
19.926066815384196 73.0
19.927013975047128 74.0
19.929943782030595 73.0
20.00308080109519 72.0
20.025365275267283 73.0
20.034176769187717 74.0
20.050706310595 73.0
20.09414473604729 74.0
20.15564730019684 75.0
20.181528759496405 75.0
20.238067170566303 76.0
20.28858730054963 77.0
20.300903819747553 78.0
20.44210944640899 79.0
20.448411637914933 80.0
20.49220400042 81.0
20.513366321030254 80.0
20.581491823248232 81.0
20.66931618190297 82.0
20.695921678354804 81.0
20.703926338014593 82.0
20.87739441141528 81.0
20.885864145971162 80.0
21.2049625373194 81.0
21.237607945026657 80.0
21.366556492813025 81.0
21.395614361810512 80.0
21.607191893659678 79.0
21.677634153803456 80.0
21.707717262104502 79.0
21.726477774090466 80.0
21.77762220039032 81.0
21.873223662304763 80.0
21.92661747413658 81.0
22.010808430066657 82.0
22.0175013157989 83.0
22.061068422830378 84.0
22.06339931507375 85.0
22.226120488780094 84.0
22.238254058009552 84.0
22.32041265859956 84.0
22.42900557942363 83.0
22.476197858914997 84.0
22.55960238251483 83.0
22.848181018839718 84.0
22.88054315267056 85.0
23.235862297412602 84.0
23.68909186491104 83.0
23.71817895825536 82.0
23.849121574182547 83.0
23.86141737703954 82.0
24.011745534027067 83.0
24.040126938679848 82.0
24.110052889432676 81.0
24.168855572979254 80.0
24.217412405140696 79.0
24.268464051260942 80.0
24.268999904436455 79.0
24.468629158501614 78.0
24.604729906689986 79.0
24.803731112147457 80.0
24.92791208986913 80.0
25.148251661995303 79.0
25.162463127956457 80.0
25.25441259878221 81.0
25.254712550313016 80.0
25.392328996803197 81.0
25.446124645403323 82.0
25.563453982322535 81.0
25.585934853806663 80.0
25.678912059184693 81.0
25.755844485856432 80.0
26.035103056476558 81.0
26.12418321303963 80.0
26.134738428613183 81.0
26.187742588294288 82.0
26.201517803839852 83.0
26.217580206051867 82.0
26.292027647051487 81.0
26.427970194244114 82.0
26.43083891731281 81.0
26.440430266354845 82.0
26.58500371535086 82.0
26.74300024161741 83.0
26.954791435271495 82.0
27.21916303373983 81.0
27.270220235607056 82.0
27.328612491506522 83.0
27.64313854146601 84.0
27.6460711231443 83.0
27.646725661535235 82.0
27.65527426436292 83.0
27.8823617302316 84.0
27.915455385062067 85.0
27.954508506785295 84.0
28.012991134073637 83.0
28.013106584070076 82.0
28.07688364293929 81.0
28.098062891112555 82.0
28.164207420542656 81.0
28.17201116904839 80.0
28.232998461433578 79.0
28.250876295028313 79.0
28.26560069555337 79.0
28.355207363737822 78.0
28.41597736931703 79.0
28.561592110843186 78.0
28.673708780766297 79.0
28.690233503042183 80.0
28.713642127387093 81.0
28.863113062217145 82.0
28.99802463523132 83.0
29.126166975075268 82.0
29.169209457446332 81.0
29.20927919305204 80.0
29.21729369757803 81.0
29.234965346071316 80.0
29.364809556305993 81.0
29.379188604452263 82.0
29.42527874617409 81.0
29.51449850293407 80.0
29.608593851201526 80.0
29.69956524949703 81.0
29.785657438006385 80.0
29.798667531290015 79.0
29.831799688260606 78.0
29.838747789627327 79.0
29.90175492223332 80.0
29.922604301339085 81.0
29.945017872924854 82.0
29.985075270420623 81.0
30.032598871271066 80.0
30.12905359409157 81.0
30.26323142481222 82.0
30.389545620319037 83.0
30.40416389186346 84.0
30.416973648676244 85.0
30.509581462489358 86.0
30.943388024379033 87.0
31.026069487958654 86.0
31.096368263884628 85.0
31.09897641872533 84.0
31.25155736092403 85.0
31.29870233655605 84.0
31.5227793058675 83.0
31.60648058539403 84.0
31.63940845886809 85.0
31.72390113444135 84.0
31.76951639440523 83.0
31.790372406619813 82.0
31.91497077891225 83.0
31.96341338361995 84.0
32.02959993026193 83.0
32.05221098422228 84.0
32.121397677328005 85.0
32.29030579861621 84.0
32.35423831096933 83.0
32.40281347568885 82.0
32.41091160184772 81.0
32.411807365621705 80.0
32.5225787434316 80.0
32.566761564037925 81.0
32.62336344910842 82.0
32.66872520933547 83.0
32.74727043319438 82.0
32.778385629680564 81.0
33.01906800263627 80.0
33.0611386073133 79.0
33.15286699178546 80.0
33.1736244015038 80.0
33.17478169820422 79.0
33.209953882016556 78.0
33.21693132126071 79.0
33.46582155321471 79.0
33.524966422271376 80.0
33.70878578052874 79.0
33.86195379520223 79.0
33.88010932051689 78.0
33.947714886279506 79.0
33.960898354173864 80.0
34.095883141982625 81.0
34.286370275826165 82.0
34.40488154984861 83.0
34.41713337508348 82.0
34.425273410048135 81.0
34.45694774106939 82.0
34.47682148206631 83.0
34.544378451193154 84.0
34.56942388999416 84.0
34.614331109606034 83.0
34.66067454223773 82.0
34.666804333999586 83.0
34.75166985203373 82.0
34.82453879937591 83.0
35.001665498159795 82.0
35.062835781646044 83.0
35.10880753624112 84.0
35.20164770739899 85.0
35.29823224756313 84.0
35.34449764848922 83.0
35.46002439014287 82.0
35.49425874058269 83.0
35.81657562764488 84.0
35.82442108719015 83.0
35.85497669223865 82.0
35.91193391463411 81.0
36.00723212359961 80.0
36.07998654431678 81.0
36.13708312351279 82.0
36.13844569755834 83.0
36.20871563906006 84.0
36.24776117626787 83.0
36.26984935612581 83.0
36.28941715867095 84.0
36.445367926668446 83.0
36.47002337433711 82.0
36.483617385390446 82.0
36.51006580949141 83.0
36.787580801919674 84.0
36.81236058500492 85.0
36.82968223910369 84.0
36.838885304969494 85.0
36.877073643542765 86.0
36.9628490777725 87.0
37.030012388515324 86.0
37.0747013199307 87.0
37.12265261773985 86.0
37.320013287630594 87.0
37.387203444459885 86.0
37.55493509472444 87.0
37.71766518712372 86.0
37.975562527055004 86.0
38.05791913624364 87.0
38.06760287006578 86.0
38.08901895926267 85.0
38.0989217658337 86.0
38.113416534270264 87.0
38.13541819280417 86.0
38.295053961264685 85.0
38.404521571124135 86.0
38.519314537507974 85.0
38.57544856963865 85.0
38.813291302947874 84.0
38.856005449041206 85.0
38.89854190563259 84.0
38.922901717135716 83.0
39.104784761104995 84.0
39.56403252398448 83.0
39.6033660994727 84.0
39.606262766475474 85.0
39.638885052532046 86.0
39.6440972061534 85.0
39.71446427274814 84.0
39.72220405960003 85.0
39.773813625514656 84.0
40.12013952787868 84.0
40.20523135723455 83.0
40.25855306620913 82.0
40.37853808113846 81.0
40.399506313638405 82.0
40.49911717455779 81.0
40.50491437505884 81.0
40.58731103508057 82.0
40.618810231851796 81.0
40.64092891046981 82.0
40.863036838632944 83.0
40.90823570422249 83.0
41.001942825714906 84.0
41.13490990011345 85.0
41.19603160960187 84.0
41.34064663950877 83.0
41.3415491229098 82.0
41.401960802823446 82.0
41.415713743331885 83.0
41.482618622403926 82.0
41.49011404356917 83.0
41.5155749064939 82.0
41.57455782815604 81.0
41.58508402969747 80.0
41.654817974649916 81.0
41.68398106673231 80.0
41.687654093905444 79.0
41.694157938975415 78.0
41.75120253178498 77.0
41.96237999328267 78.0
42.078844794046596 79.0
42.12457890173526 80.0
42.180812492495235 81.0
42.22257268868651 80.0
42.247448869783945 81.0
42.25506906828554 82.0
42.674859421522385 83.0
42.69432966514599 82.0
42.762204294995044 83.0
42.76620058397318 82.0
42.88231974851893 83.0
42.92615250573225 82.0
43.11489160350371 83.0
43.234775821548006 82.0
43.24503438666927 81.0
43.275373430928006 81.0
43.284336069846155 80.0
43.287968567308134 79.0
43.40325338334291 80.0
43.47506735630895 81.0
43.573160707940694 82.0
43.60945110188484 83.0
43.661170259766976 84.0
43.71754995497831 83.0
43.83334339322284 84.0
43.85511970587999 85.0
43.863625811116286 84.0
44.036919092032804 83.0
44.13074809192428 84.0
44.331257504765325 83.0
44.3750392033727 82.0
44.63896752765921 83.0
44.70666295717514 82.0
44.89206805631826 81.0
44.92709806634191 82.0
45.143044368804496 82.0
45.159383881709076 83.0
45.165290520489464 82.0
45.16843226237834 83.0
45.249320369931056 84.0
45.327467864775116 83.0
45.55506471858829 84.0
45.72805664820773 83.0
45.74762599700498 84.0
45.78237556341871 85.0
46.327656373561354 84.0
46.40290041047367 85.0
46.414646879840355 84.0
46.56556825912047 83.0
46.58431288309397 84.0
46.92673003509869 85.0
47.08590297244892 86.0
47.3610947680624 87.0
47.36812795211881 86.0
47.59922345239037 87.0
47.71803381847431 86.0
47.96346690213259 85.0
48.407647053744206 86.0
48.454732707505926 87.0
48.60467021251089 86.0
48.723615955995406 87.0
48.82227032727584 86.0
48.87898661780957 85.0
48.923140809020275 86.0
48.99074619950698 87.0
49.00766297901703 86.0
49.47796382207203 87.0
49.81300201223328 86.0
50.19260630001179 87.0
50.26861575404476 88.0
50.43556156176062 89.0
50.503197845608014 88.0
50.90809765582796 87.0
51.02640776737201 86.0
51.229077339464354 87.0
51.27178891256342 88.0
51.909822904328905 87.0
51.93953350424709 86.0
51.95158136773878 85.0
51.99824134649933 84.0
52.0638355863411 83.0
52.083973067340885 82.0
52.172888791480396 83.0
52.179584013237104 82.0
52.21263229534628 83.0
52.26199742649094 82.0
52.4145248133822 83.0
52.53037871023091 84.0
52.532130832684736 85.0
52.68875811389878 86.0
52.69173232058319 87.0
52.85442855792189 86.0
52.99321966162708 85.0
53.0485399064708 86.0
53.12109711793099 85.0
53.21536652824431 86.0
53.28408034617547 87.0
53.30170246377593 88.0
53.30646060844617 89.0
53.32560571159131 88.0
53.49754090911641 89.0
54.252346781742716 88.0
54.25359670728089 87.0
54.46198148848028 86.0
54.469659013450126 85.0
54.645338336982945 86.0
54.75086020557724 87.0
55.39764398114246 88.0
55.42805420952808 89.0
55.438499286647165 88.0
55.709591240863084 89.0
55.842185277738544 90.0
55.88724729345227 89.0
56.016490310220824 88.0
56.282824518499226 89.0
56.29873820766884 88.0
57.41663049988407 87.0
57.45718842234761 88.0
57.580234662518414 87.0
57.62805111691405 88.0
57.928267839626415 89.0
57.9797645737036 88.0
57.9891506545431 89.0
58.625993363549775 90.0
58.64453102852378 89.0
58.76513069254607 88.0
58.77393461869864 89.0
59.105002833055785 88.0
59.28830114518835 87.0
59.336923747533774 86.0
59.49911314137549 85.0
59.5104571069715 84.0
59.813264992737636 83.0
59.89621468740151 84.0
60.000902600511616 85.0
60.03577183379656 86.0
60.0468089842152 87.0
60.23774098932901 88.0
60.60660693860951 89.0
60.68668923209903 90.0
61.06934417671285 89.0
61.38181434842586 88.0
61.91448038008921 89.0
61.9584365348305 88.0
62.02075761951433 89.0
62.711809502917674 90.0
63.09185740844649 89.0
63.343098948499396 88.0
63.65331865061115 87.0
63.74175321293481 88.0
63.80107997898787 89.0
63.84044010670046 90.0
63.86939514647704 89.0
64.04255843423263 88.0
64.04324060798238 87.0
64.2071465535617 86.0
64.22243075089018 87.0
64.27389965330089 86.0
64.40806002564152 85.0
64.70620586820078 86.0
64.71426996920212 85.0
64.78906710144088 86.0
64.85262970525402 87.0
64.93264714071131 88.0
65.0865796669773 87.0
65.11179075946728 88.0
65.11625244102771 87.0
65.68145731341684 86.0
65.76676800420493 85.0
65.777529692578 84.0
65.78392240121967 83.0
65.78681431288284 84.0
65.80626180550551 83.0
65.8416381573426 82.0
65.91949550099463 83.0
65.94369767344847 84.0
65.9845178586989 83.0
66.2494505080433 84.0
66.43654576185442 85.0
66.50086919325602 84.0
66.5303783903682 83.0
66.53543191222259 84.0
66.55125272744901 84.0
66.66925224918162 85.0
66.69305829099088 84.0
66.75717575847936 83.0
66.86216398175809 84.0
66.89295152910611 83.0
66.9826621685352 82.0
66.98483883564863 81.0
67.01387139225366 80.0
67.04858053954875 81.0
67.13440711280778 82.0
67.13666523547343 81.0
67.56006617002245 82.0
67.63911659189648 83.0
67.65948671137544 82.0
67.78025494107045 81.0
67.7870042698801 80.0
67.79389597662414 81.0
67.88549692953639 80.0
68.12849896975402 81.0
68.15977757785579 80.0
68.19855962218206 81.0
68.22847867004363 80.0
68.22877221610717 81.0
68.23624945101616 82.0
68.30412305727417 81.0
68.3160050089669 82.0
68.33747236657999 83.0
68.39410391661316 84.0
68.39639899098745 85.0
68.46497414435362 84.0
68.47590519848727 83.0
68.50150210930515 83.0
68.60023019668445 84.0
68.70719747507839 83.0
68.7124744255765 82.0
68.8412139034254 82.0
68.87745574475558 83.0
68.96056746755609 84.0
69.0094970799314 85.0
69.02607832662338 85.0
69.09028615214153 84.0
69.14797550966443 85.0
69.30581986774514 86.0
69.4282011865526 87.0
69.44615698761925 86.0
69.52046585098108 87.0
69.64766281326618 88.0
69.84720834385496 89.0
70.10502520647151 90.0
70.25740442051294 89.0
70.26486794614041 88.0
70.39714213600143 87.0
70.54106463381943 86.0
70.69970159419779 87.0
70.69978708009371 88.0
70.91259469015925 89.0
71.0355888280819 88.0
71.26887346020776 87.0
71.30320629248152 88.0
71.35069049060613 89.0
71.71516530234956 88.0
71.79384992313598 87.0
72.15896989873033 86.0
72.27771301446015 85.0
72.31605754081978 86.0
72.45499529673262 87.0
73.01220171112467 88.0
73.03869606345145 87.0
73.28654096062523 86.0
73.40520530519665 87.0
73.7318461312303 86.0
74.08342841252251 85.0
74.0983303617703 84.0
74.18491664878756 85.0
74.19437275632997 86.0
74.21129263893555 85.0
74.27655765546446 86.0