0.0 0.0
0.0073671165168225534 1.0
0.009443678946455631 2.0
0.04111513165114085 3.0
0.0514141400232057 4.0
0.06532893824893843 5.0
0.07051943941698952 6.0
0.09071793632749467 7.0
0.13363510448757243 8.0
0.15079085643473958 9.0
0.16435375640485725 8.0
0.16462715365172653 9.0
0.1803978097756329 10.0
0.18411500134931366 11.0
0.20848826957116712 12.0
0.2168706094956389 13.0
0.22119088778697205 14.0
0.263405343634224 15.0
0.2828443950902968 16.0
0.28946439008601693 15.0
0.33918929410240733 16.0
0.3690746398154723 17.0
0.37324248317267733 16.0
0.40040899215563286 17.0
0.4062424051647314 18.0
0.4408962198348433 19.0
0.44844492814471393 18.0
0.47074281803445617 17.0
0.4849161665189722 18.0
0.48761063629194995 19.0
0.5032756194036053 20.0
0.5337745635414375 19.0
0.5411920401229156 20.0
0.5552509307245725 21.0
0.5903284631278927 22.0
0.6252921352785662 21.0
0.6398821522694256 20.0
0.6728409596627122 19.0
0.6827815326342923 20.0
0.6918663092986248 21.0
0.7709331349996839 20.0
0.7891440530923444 19.0
0.8257176048097585 18.0
0.8455497405968906 17.0
0.8468286897766324 18.0
0.8622434574931022 17.0
0.8728321368426927 18.0
0.890259069123885 19.0
0.9128676460524134 20.0
0.9246579873646452 21.0
0.9261021945192467 22.0
0.9414847544853727 23.0
0.9935808921094402 22.0
1.0100736708825715 23.0
1.044018043497679 22.0
1.0772349626316633 23.0
1.1200182192314667 24.0
1.1511464364286523 23.0
1.1829861216608402 24.0
1.1871458060159281 25.0
1.1975222273705013 24.0
1.208898411367877 25.0
1.212576250436091 26.0
1.225954438002614 27.0
1.2686957098030882 28.0
1.2821841357865111 27.0
1.2898368742386674 28.0
1.3320148267351826 29.0
1.3604626200198493 28.0
1.3693377381675298 27.0
1.4443515900146862 28.0
1.465242876086615 29.0
1.4675003062527205 28.0
1.5262324612537663 27.0
1.5277432065251622 26.0
1.5636789677891931 27.0
1.5968501457938635 26.0
1.6022634218387075 27.0
1.605309739999935 26.0
1.7049406557091278 25.0
1.7395130069190736 26.0
1.761994787162191 25.0
1.7841568813982878 24.0
1.809165107614417 25.0
1.8381863082091936 26.0
1.8426995041322187 25.0
1.8500610403178486 26.0
1.8542264307620602 27.0
1.8667481966203876 28.0
1.867551054101958 27.0
1.8872881619544877 28.0
1.943520754464851 27.0
1.9536169013662643 26.0
1.991530013000786 27.0
1.9962389252224164 28.0
2.059127968186838 27.0
2.070675533265721 26.0
2.1225533434516604 25.0
2.1257254576591946 26.0
2.215882150929909 25.0
2.225880993944478 26.0
2.261093549490143 27.0
2.3046754740576496 26.0
2.353487058761005 25.0
2.379122380261511 26.0
2.4260649844377284 27.0
2.4379291597412873 26.0
2.4685277926539966 25.0
2.4714025291084973 24.0
2.4821875281379935 23.0
2.507564124341286 22.0
2.515696253818144 21.0
2.524911930265128 22.0
2.537417489595502 23.0
2.5397210581916982 22.0
2.5571254268431702 23.0
2.580232389099144 22.0
2.586763155485988 21.0
2.5975099410805753 22.0
2.6005852991830007 23.0
2.611495277277807 22.0
2.6173887289390083 23.0
2.6229889380578495 22.0
2.6445325371418575 23.0
2.685280973562239 24.0
2.6879066130785216 25.0
2.6881830312683404 26.0
2.6961263009705023 25.0
2.704224817363998 24.0
2.7295675156832377 23.0
2.7308111341255326 24.0
2.732815651704573 23.0
2.850812280594879 22.0
2.8774007860220867 23.0
2.900229229608504 22.0
2.901719284426385 23.0
2.962262697551058 24.0
3.025358096824384 25.0
3.029023331691296 26.0
3.0352602451966795 25.0
3.0638368967935325 24.0
3.084104697910481 23.0
3.0869092348400295 24.0
3.135427724552974 23.0
3.137962774740798 22.0
3.143811227158954 23.0
3.1665484548207576 22.0
3.181585394425589 23.0
3.2186052837389227 24.0
3.231671228328351 25.0
3.258095017850623 24.0
3.259993354717651 25.0
3.278835038683453 24.0
3.295533555701003 23.0
3.309921279562627 22.0
3.329049441829918 21.0
3.3707377171946358 20.0
3.4253158470456455 19.0
3.4402917364965755 20.0
3.4448460274421304 21.0
3.4650321967126683 20.0
3.477188924546587 21.0
3.479457463393056 20.0
3.4932223669124727 21.0
3.516467945847801 22.0
3.5183389958259155 21.0
3.5747084481392988 22.0
3.575707747846274 21.0
3.5767737954445704 20.0
3.6003317025302493 21.0
3.6007283542417197 20.0
3.6155562630638443 19.0
3.6240744616180227 20.0
3.646181090347575 21.0
3.6477846044253184 22.0
3.667689940783326 21.0
3.6705595623575675 20.0
3.6906129919989548 21.0
3.720333862348198 22.0
3.7239062206040736 23.0
3.7339248858851075 24.0
3.741346289011398 23.0
3.780946043988381 22.0
3.789562992143742 21.0
3.7968601339210535 20.0
3.808195274583468 19.0
3.824562527516656 20.0
3.83052273222196 21.0
3.8350364094045837 20.0
3.8437425545774313 21.0
3.940531401838499 22.0
3.959776926250577 21.0
3.961221662567058 20.0
3.9671443437270812 19.0
4.0039995067844885 20.0
4.019499769296844 19.0
4.062774592857214 20.0
4.067179990987113 19.0
4.07983520609896 18.0
4.091978185182066 19.0
4.100533685752485 20.0
4.103036391643303 21.0
4.109644008006235 20.0
4.132438737586222 21.0
4.133813989822343 20.0
4.135036352786123 21.0
4.174046975672464 22.0
4.1831920776210945 23.0
4.221095063329066 22.0
4.259958617940421 23.0
4.273029319499458 22.0
4.274979289688635 21.0
4.295072348293519 20.0
4.333635893774928 19.0
4.35536014516981 20.0
4.375965500985979 21.0
4.393357811710305 20.0
4.4005921444398055 19.0
4.402544058760726 20.0
4.457941759656211 19.0
4.481194070347089 18.0
4.501344206320137 17.0
4.530439599724867 18.0
4.536279375159543 17.0
4.555505866240767 18.0
4.564677558540139 17.0
4.570471129672651 18.0
4.578282689404807 19.0
4.630347014437652 20.0
4.722016969953294 21.0
4.723823345064984 22.0
4.887326751278672 23.0
4.892843956367085 22.0
4.928463366813505 23.0
4.957932568328511 22.0
4.9751045162896395 23.0
5.000401326342882 24.0
5.000538792254147 23.0
5.012117327862304 22.0
5.050548265526308 21.0
5.051851769062586 20.0
5.0791768918646865 19.0
5.096024897302849 20.0
5.111027789220086 21.0
5.112226557527259 22.0
5.117812430910483 23.0
5.123265237345233 22.0
5.16737372934695 21.0
5.170721532253224 22.0
5.177056022155697 21.0
5.2160524855611845 22.0
5.228739083162049 23.0
5.2291373051252155 24.0
5.266085622604133 23.0
5.291938212762942 22.0
5.317513371917835 23.0
5.377526231699288 22.0
5.407259955092532 23.0
5.418792631465463 22.0
5.433982130385268 23.0
5.615245589302199 24.0
5.616234113333104 25.0
5.627615318530273 24.0
5.667790006884802 25.0
5.698573634437729 26.0
5.7764143223850475 25.0
5.778803654014285 26.0
5.788485792553201 27.0
5.801235524881562 28.0
5.835090156220521 29.0
5.883631393793004 28.0
5.8861412502356245 27.0
5.909559910235461 28.0
5.911415437657748 27.0
5.934552719273938 28.0
5.960380076703634 29.0
6.02110757616585 30.0
6.039219109135916 29.0
6.049919800115315 30.0
6.098304048667367 29.0
6.176794715194645 28.0
6.200076445375933 29.0
6.200890902396403 30.0
6.2294305924914095 29.0
6.248759726972179 30.0
6.266173211702247 31.0
6.339829146870448 30.0
6.357943637065367 29.0
6.3709458803912185 30.0
6.414755357913599 31.0
6.418077808636357 30.0
6.443636928915621 29.0
6.458631268864661 28.0
6.458973923211058 27.0
6.467135973581037 28.0
6.476611451910892 27.0
6.485590824185942 26.0
6.512523018029511 25.0
6.516807881809435 24.0
6.5229574113436675 23.0
6.541322789787027 22.0
6.548548112700222 21.0
6.5618222821276975 20.0
6.574746599341918 21.0
6.645869399629937 22.0
6.674232893436945 21.0
6.686966502148523 22.0
6.752032914325011 23.0
6.797032116537315 22.0
6.802220300298156 21.0
6.814718051251721 20.0
6.869665849135857 21.0
6.954992546534989 22.0
6.980966854626162 21.0
6.991609556410711 22.0
7.0092350727821 23.0
7.038319402043219 22.0
7.05248614484293 23.0
7.109089748805012 22.0
7.120427378768871 23.0
7.144813027250704 22.0
7.150286576300087 23.0
7.1658172092512755 22.0
7.170196094341793 23.0
7.197347440393132 24.0
7.2087010332939085 23.0
7.230568437200239 24.0
7.244408575192624 25.0
7.251740556196596 26.0
7.253965338974976 25.0
7.2887725650422235 26.0
7.288901542020987 25.0
7.29514990370507 24.0
7.297659666069584 23.0
7.318265185813555 24.0
7.3423298677054065 25.0
7.367918254463964 26.0
7.388686391921316 25.0
7.424274579792738 26.0
7.429011552675866 27.0
7.4397249133028165 28.0
7.490304220398729 27.0
7.511031756664628 26.0
7.521837336179353 27.0
7.537761353679487 26.0
7.543420352915538 27.0
7.55932160138551 26.0
7.562614214495109 27.0
7.58754586645064 26.0
7.5894999979638715 27.0
7.5948512278150915 28.0
7.605922195248252 27.0
7.650392637168824 28.0
7.653134153171316 27.0
7.679773479079451 28.0
7.721866333802195 27.0
7.7384096117150944 28.0
7.841281959698634 27.0
7.908956760929966 26.0
7.9825106724110455 25.0
8.01159424762917 26.0
8.023560211219111 27.0
8.121189502088638 28.0
8.16160691014103 27.0
8.206983313405278 28.0
8.266741747876951 29.0
8.271164734358956 30.0
8.343861419528583 29.0
8.35456052260945 28.0
8.400064169513387 29.0
8.444939045831287 30.0
8.459245973429194 29.0
8.506535660379235 30.0
8.56218310799038 29.0
8.643869896237138 30.0
8.65584710011022 31.0
8.659903720933235 32.0
8.670538717248952 33.0
8.68646555926271 32.0
8.745258703744783 31.0
8.749089079984834 30.0
8.76094868509008 31.0
8.860597435112389 30.0
8.897641772152694 29.0
8.967874164950189 30.0
8.974037752340417 31.0
8.982722632449102 30.0
8.991163470726299 31.0
8.996674935115994 32.0
9.065156742784742 31.0
9.065584018032206 32.0
9.076057663646182 31.0
9.109037592153546 30.0
9.113768923676483 29.0
9.132725596493527 28.0
9.15570097881759 29.0
9.23545628735718 30.0
9.380534065929133 31.0
9.421590153871502 30.0
9.457875370874042 29.0
9.460001428980203 28.0
9.471787474827165 27.0
9.479412607271282 26.0
9.50183416267964 25.0
9.554110304751294 24.0
9.555400314168196 23.0
9.634301783241426 22.0
9.65988839231727 21.0
9.675191356637724 22.0
9.77863994376474 21.0
9.862003258887333 20.0
9.938022384984885 19.0
10.080791619168847 20.0
10.090503819771834 21.0
10.09560589147694 20.0
10.138252552190748 19.0
10.197707805976737 18.0
10.205779914871172 17.0
10.237529994380983 18.0
10.238743528164472 17.0
10.299641439627871 16.0
10.377067742966515 15.0
10.440757232528396 14.0
10.44925134694423 15.0
10.484432685076765 16.0
10.502114819316219 15.0
10.520410289021052 16.0
10.62010606771406 17.0
10.664014584864558 18.0
10.675329943286963 17.0
10.703137696663514 16.0
10.767488222732435 17.0
10.786411591900666 16.0
10.802379137253952 17.0
10.819201758033449 18.0
10.934378312114555 19.0
10.938287252399242 20.0
10.952876713466404 19.0
10.95472335049166 18.0
10.997907056413842 19.0
11.011580243502115 20.0
11.05455538418053 21.0
11.065694013421083 20.0
11.123495118189487 21.0
11.24545677405155 20.0
11.282855670346157 19.0
11.302540268662488 18.0
11.45890478578857 17.0
11.48673785108731 16.0
11.525620514273905 17.0
11.565835055123129 18.0
11.69869013164103 17.0
11.709594291920308 18.0
11.715907097653094 17.0
11.75804083613359 16.0
11.775028261568115 17.0
11.785514207455677 18.0
11.86700581530922 17.0
11.936230131631904 16.0
12.057179051763836 17.0
12.151497582253814 16.0
12.202829790288204 15.0
12.2794968489581 14.0
12.347057343754997 13.0
12.380277774183037 14.0
12.390764694521467 13.0
12.413713913236585 12.0
12.438720490860122 13.0
12.559169557773545 12.0
12.582130175773704 11.0
12.614573790157591 10.0
12.624370851313943 11.0
12.799165397888355 10.0
12.808228503901994 9.0
12.869064277110564 10.0
12.878615138904603 9.0
12.878639042131539 10.0
12.940983957460176 11.0
12.972579404129169 12.0
13.008522094126636 13.0
13.010153136517255 12.0
13.02084283188846 11.0
13.026358341727342 10.0
13.154360124112221 9.0
13.17315572483869 10.0
13.400588975283881 11.0
13.419383934140479 12.0
13.547414118444522 11.0
13.619987929291625 10.0
13.735371996670201 9.0
13.778306606414782 10.0
13.799628110204555 9.0
13.954354821491561 8.0
14.055032403156085 7.0
14.144381680248857 8.0
14.225757329657354 9.0
14.236748093584808 8.0
14.359941958144631 7.0
14.377819413322818 6.0
14.384997744125458 5.0
14.57320319638097 4.0
14.585612440682215 5.0
14.672758006660825 6.0
14.877091653090392 5.0
14.932629995458287 4.0
15.225398895642032 5.0
15.230301386279674 6.0
15.275535953321034 5.0
15.323316768471624 4.0
15.382707639086991 5.0
15.682650631162904 6.0
15.77041566906646 7.0
16.100415681135182 8.0
16.195853112353415 7.0
16.381787418715728 6.0
16.389173235768432 7.0
16.501969554802294 6.0
16.536919829048195 5.0
16.557389702687416 6.0
16.586197490576673 5.0
16.724532584912097 6.0
16.86426202574429 7.0
16.901818651130384 8.0
16.93741708855783 7.0
16.95212399645111 8.0
17.00884516681746 9.0
17.072707125018333 8.0
17.133306187044838 7.0
17.172568612830997 8.0
17.239257736525875 9.0
17.2567120435394 10.0
17.267278370933436 11.0
17.328023933105005 10.0
17.474544393611026 11.0
17.48242161137761 10.0
17.678712454881968 11.0
17.695696483439875 12.0
17.712577857383376 11.0
17.71324349721815 12.0
17.7482838428173 13.0
17.75665332523647 12.0
17.780417448612106 11.0
17.804921073857187 10.0
18.165329017344956 9.0
18.21091119381053 8.0
18.359080686491286 7.0
18.381267248109175 8.0
18.458838075296303 9.0
18.468517240202946 10.0
18.556984489860735 11.0
18.702547230546813 10.0
19.09518131224324 9.0
19.123900105801855 10.0
19.143472713867002 9.0
19.285386859877118 10.0
19.477089903439367 9.0
19.506727291645067 8.0
19.52719269611947 9.0
19.577995708437623 10.0
19.69045414676796 11.0
19.705009069545458 10.0
19.844479821664027 9.0
19.95340179129079 8.0
20.01460073760212 7.0
20.04514947596207 8.0
20.079150266641864 7.0
20.09883917810437 6.0
20.281952031529872 5.0
20.68133264901455 6.0
20.702662610695135 7.0
20.708936078959 8.0
20.990005943404206 9.0
21.04309661185119 8.0
21.07718461097322 7.0
21.266501738540605 6.0
21.357076490524864 7.0
21.363662561124723 6.0
21.396493624712043 7.0
21.431769631071763 8.0
21.43714836073137 7.0
21.43791381964875 6.0
21.490402363483334 7.0
21.561567932305653 6.0
21.76754278026806 7.0
21.927075252844872 6.0
22.137944966543312 5.0
22.180680743934122 4.0
22.232072214827117 5.0
22.234900140545218 6.0
22.321271097596725 7.0
22.43169154675664 6.0
22.51064881006853 5.0
22.660453523976738 4.0
22.76136001103148 5.0
22.921600520564883 6.0
22.943469879431003 7.0
22.997957512196507 6.0
23.1661471668361 5.0
23.206573083281857 4.0
23.399196105049388 5.0
23.411684591523414 6.0
23.417261742265815 5.0
23.4644479864852 4.0
23.621643042357885 3.0
24.096466787619107 2.0
24.115610566638026 1.0
24.120384025446977 2.0
24.35258225000326 3.0
24.45431465351904 2.0
24.46404815732443 3.0
24.50879670733267 4.0
24.830088610667293 3.0
25.034935685588593 2.0
25.28056593249493 3.0
25.546808643720347 4.0
25.568069359027575 5.0
25.599496911486344 4.0
25.858325881560045 5.0
25.87507080669145 4.0
26.130415482272195 3.0
26.2276213751139 4.0
26.494622890759512 3.0
26.5574150932041 4.0
26.93449579548648 3.0
27.715116790984318 2.0
27.79096272097442 3.0
28.159676776607817 2.0
28.261358589693952 1.0
28.4604695944331 2.0
28.59975877129857 3.0
28.6216646732494 2.0
29.102608753717583 3.0
29.23004903355892 4.0
29.277094741414235 3.0
29.386729945152084 4.0
29.497984305550922 5.0
29.65679251309161 4.0
29.79032009396929 5.0
29.899267326682587 6.0
30.180419246827853 5.0
30.226676917715523 6.0
30.309977630694302 5.0
30.40618958276485 6.0
30.598440899899106 5.0
30.676324052847665 6.0
30.699408568351313 5.0
30.7747201088078 4.0
30.94957319832611 3.0
31.053427829063995 2.0
31.555211987175348 3.0
32.1872778881416 4.0
32.30454118337566 5.0
32.37189404443177 6.0
32.39521368459437 5.0
32.43292754340705 6.0
32.669221892854615 5.0
32.95761573016353 6.0
32.99167676675385 5.0
33.019575489184334 6.0
33.164658634083 7.0
33.29400458983008 8.0
33.35262065662161 7.0
33.445579208264675 6.0
33.44567493201204 7.0
33.49009804668958 6.0
33.63066423486506 7.0
33.65024814106426 8.0
33.72620812292782 7.0
33.76379906855461 8.0
33.817862735594396 7.0
33.90285584738551 6.0
34.08097182281668 7.0
34.11008000400537 6.0
34.21003074305658 7.0
34.3142431341566 6.0
34.37701193106565 5.0
34.404776962367265 6.0
34.429341225799696 5.0
34.592953723714565 4.0
34.62648478297985 3.0
34.661523453017224 4.0
34.73683550246702 3.0
34.87051544114592 2.0
35.08080555105071 1.0
35.14858650853076 2.0
35.2470065721985 1.0
35.34873730829559 2.0
35.49299228358658 3.0
35.62747688044704 2.0
35.68182954923879 3.0
35.90498044601783 4.0
35.940093043722875 5.0
35.95707594452482 6.0
36.11448129263173 7.0
36.15117414916256 6.0
36.16619346165219 5.0
36.20627501891092 4.0
36.393417847319135 3.0
36.50883731661459 4.0
36.54602916354545 5.0
36.59398057182923 6.0
36.91978990011667 5.0
37.15183892939143 6.0
37.34375097820401 7.0
37.37819939754511 6.0
37.381470019525466 5.0
37.64644412521757 6.0
38.017941656232345 7.0
38.020229273417215 6.0
38.02186619184417 7.0
38.093927935518956 8.0
38.12641047791608 9.0
38.17479349318441 10.0
38.30244727908358 9.0
38.417072862583225 10.0
38.57713217861635 9.0
38.61493860995242 10.0
38.77857838491188 9.0
38.93622480812965 8.0
39.05798860570082 9.0
39.35498861699117 8.0
39.52163753282128 9.0
39.5255597964122 8.0
39.63573159123804 7.0
40.0717395803952 8.0
40.27668269109475 7.0
40.36668756203072 6.0
40.45982560280994 5.0
40.56595279180397 6.0
40.69350739771515 5.0
40.80821760191774 6.0
41.0486970796078 7.0
41.06319989976121 6.0
41.10451546697417 7.0
41.25612669238515 8.0
41.90214755642092 7.0
41.910747746796716 8.0
41.92906581317583 7.0
42.15726121748972 8.0
42.361939304435936 7.0
42.39045703672656 6.0
42.40529488779015 7.0
42.49570814611668 8.0
42.56055083979069 7.0
42.56710082041425 8.0
42.589969150850166 7.0
42.62093737932008 6.0
42.80088049009701 7.0
43.126252646264504 8.0
43.21962158222257 7.0
43.55042398652643 6.0
43.588510146732176 7.0
43.80880567266796 6.0
44.18527121309239 5.0
44.20519986541919 4.0
44.38189081521281 5.0
44.395065801845604 6.0
44.49448960470082 7.0
44.56174602825839 6.0
44.57997625256797 7.0
44.6684962728264 8.0
44.70584826545633 7.0
44.84927524429578 6.0
44.88029555184928 5.0
44.92510760932722 6.0
45.331122835360574 7.0
45.51675587010299 6.0
45.52819122086093 5.0
45.63794315204872 4.0
45.811658250600054 3.0
45.88098723796842 4.0
45.995278781221764 5.0
46.11357334184332 6.0
46.12100338852437 5.0
46.19176278750646 6.0
46.45103176427617 5.0
46.67716186217581 6.0
46.725457735290924 5.0
46.78645485640026 6.0
46.81277580748469 5.0
46.91831375365166 6.0
47.023924364996645 7.0
47.11935858495043 6.0
47.13508828166655 5.0
47.22261953274504 4.0
47.31652305042971 5.0
47.75907891199488 4.0
48.03693760269629 5.0
48.092002637954955 4.0
48.12523428739246 5.0
48.147475658035155 4.0
48.148861314981936 3.0
48.189885931446184 4.0
48.32150028531256 5.0
48.36417129729471 6.0
48.372551847806484 7.0
48.437720033268945 8.0
48.474162594961896 7.0
48.5021970275445 6.0
48.73401538173391 7.0
48.931974723566285 6.0
48.97504297781445 7.0
49.07279147146859 6.0
49.07776639258406 7.0
49.14027500440026 6.0
49.48511027972972 7.0
49.65897269277618 6.0
49.77986205150897 7.0
49.89406368163155 6.0
49.89479360479067 5.0
50.13284651118016 4.0
50.157018188522706 5.0
50.175209768628065 4.0
50.175809799935074 3.0
50.235832959247524 2.0
50.41029603622538 3.0
50.47664941571694 4.0
50.58838845160528 5.0
50.75969978908727 4.0
51.23414894245192 3.0
51.46652740248276 4.0
51.84216202723513 5.0
52.13350366488014 6.0
52.166707058736776 5.0
52.18151445089914 4.0
52.52982083610656 3.0
52.53067615546475 2.0
52.592362049933655 1.0
52.61170355283955 0.0
52.71207482987947 1.0
52.98406709857818 0.0
53.07981555584111 1.0
53.242529752031224 2.0
53.26259727763189 3.0
53.345583602972894 4.0
53.3995497196928 5.0
53.5258887753805 6.0
53.55244265608935 7.0
53.64492377935287 8.0
53.78634266848046 7.0
53.87108267842353 6.0
53.956221893867074 7.0
53.95678223443365 6.0
54.184325071488445 5.0
54.39337048251685 4.0
54.557719462454564 5.0
54.59850104166806 6.0
54.657429379427604 7.0
54.69614016379902 6.0
54.70848439517004 5.0
54.77245897087752 6.0
54.97107520090929 5.0
55.05746132758688 4.0
55.13838240613387 3.0
55.176625438358386 4.0
55.278739197115144 5.0
55.34177631876776 6.0
55.400691980428974 5.0
55.428309426148 6.0
55.636548100946236 5.0
55.722084197776 4.0
55.82745355481493 5.0
55.86819390666229 6.0
56.0397861894469 7.0
56.039944618823306 6.0
56.10409093666114 5.0
56.1785854362316 6.0
56.275461908398626 5.0
56.29522410575282 4.0
56.32478693682342 3.0
56.35313323986237 4.0
56.48493818923191 5.0
56.498720852999405 6.0
56.51245236490921 7.0
56.73739872297005 6.0
56.799961019739925 5.0
57.04083749094691 6.0
57.28634560468187 5.0
57.75215838464662 4.0
57.79063206371028 5.0
57.832962195940866 4.0
58.00307252036095 5.0
58.01023460181228 6.0
58.05549577203149 5.0
58.16335076205715 6.0
58.200895622847035 7.0
58.29446020229667 6.0
58.355339920397654 5.0
58.732767455908544 4.0
58.87610910718389 3.0
59.00468290453514 4.0
59.08225339512808 3.0
59.40791465194915 4.0
59.457488904435436 3.0
59.58935562789094 4.0
59.59649580469345 5.0
59.59690674603677 6.0
59.60408241682801 7.0
59.67635622676073 6.0
59.79429701645757 5.0
60.07324226521215 6.0
60.100382223069325 5.0
60.22943289183814 6.0
60.25373142592296 5.0
60.27750407074498 4.0
60.35954472656703 3.0
60.52248100232322 2.0
60.59114277517691 3.0
60.92219035363933 4.0
60.94421657258437 5.0
60.99884067345095 6.0
61.21306464147165 5.0
61.29440654660585 4.0
61.31526029767344 5.0
61.331058950610775 6.0
61.36234194032339 5.0
61.36449543555121 6.0
61.37667068757783 5.0
61.44066771354869 6.0
61.496738102294174 7.0
61.61539839913403 6.0
61.76899890907975 5.0
61.80085711893581 4.0
61.97634234935411 3.0
62.92941437217051 4.0
62.963729851741405 3.0
63.04597468998695 2.0
63.067421118859926 1.0
63.12972176413971 2.0
63.215850348839794 3.0
63.43782097933343 4.0
63.94313272597315 5.0
64.0942854173964 4.0
64.1176969933659 5.0
64.17134811956268 4.0
64.22708584927379 5.0
64.31303374522858 4.0
64.41144103349566 3.0
64.57973579741162 4.0
64.61740227329129 5.0
64.77630694003456 4.0
64.90002486932599 3.0
64.95705390478793 4.0
65.11259546873798 3.0
65.27208658298571 2.0
65.29415177263797 3.0
65.45965675453677 4.0
65.58843677569502 3.0
65.91521223592812 4.0
66.04802469667888 5.0
66.09267492108378 4.0
66.13104705775682 5.0
66.22105024594954 4.0
66.28624918287795 3.0
66.51808681711714 2.0
66.65521685561761 1.0
66.82679689653992 2.0
66.96358869902107 3.0
66.98652893144369 4.0
67.03297598398477 5.0
67.03374006273937 4.0
67.22194864756722 5.0
67.2556343350074 6.0
67.29017511006914 7.0
67.30055589911007 6.0
67.34517464146181 5.0
67.60599743738871 6.0
67.6124130851146 5.0
67.7247003578766 4.0
67.75503205469825 5.0
67.78228210126525 4.0
67.84186402890877 3.0
67.87961051260424 4.0
68.04916831200917 5.0
68.1686522538165 6.0
68.31574396359395 7.0
68.34273287769639 6.0
68.50703020509849 7.0
68.5080548167193 8.0
68.52712132379713 7.0
68.55406350159934 8.0
68.71644546882989 9.0
68.84599453784304 8.0
69.01278356857918 7.0
69.09226210412896 8.0
69.23832486612262 7.0
69.25778768850853 8.0
69.28444455138761 7.0
69.29326552223984 8.0
69.33242390446259 9.0
69.37885236090264 8.0
69.43156602900655 7.0
69.43420775070959 8.0
69.44549271544035 9.0
69.45683939894516 8.0
69.57539387890932 9.0
69.7338466375449 8.0
69.80207046041603 7.0
69.93958711121063 6.0
69.95867586503499 7.0
69.96435963441638 6.0
70.0776690641871 5.0
70.10201826789441 6.0
70.18664093125487 7.0
70.25978687158114 8.0
70.29035231787859 7.0
70.57252906611801 8.0
70.66224655704579 7.0
70.68144193094757 8.0
70.76379206640158 7.0
70.90431066781318 8.0
71.12661745782792 7.0
71.13424593337828 6.0
71.19708719940728 5.0
71.25777742422058 6.0
71.58330573968875 5.0
71.70076577878105 4.0
71.83318738455401 3.0
72.04943812937215 4.0
72.13605998137021 5.0
72.2751799285537 4.0
72.32420615779594 5.0
72.50442858532087 4.0
72.77157110100322 3.0
72.78698777153735 2.0
73.52273618228593 1.0
73.55325720664112 0.0
73.78785882158871 1.0
73.91301840034217 2.0
74.11927855209065 1.0
74.32801379137847 2.0
74.38573815202959 3.0
74.48441655299101 4.0
74.63931254470562 5.0
74.65263788704189 6.0
74.7621099407499 7.0
74.78951607239074 6.0
75.02403024838046 7.0
75.07816654806379 6.0
75.08685092080492 5.0
75.2670867660544 4.0
75.44555600897294 5.0
75.48196243035116 4.0
75.66283751673572 3.0
75.75945547170905 2.0
75.96728317424143 1.0
75.97419466903061 2.0
76.33223624652399 3.0
76.34528483996156 4.0
76.46351335280673 3.0
76.65003074924451 4.0
76.78243378271155 5.0
76.8883280950039 4.0
76.91323014426487 5.0
76.95779646879963 6.0
77.07152253334468 7.0
77.07160889216162 8.0
77.07479660681238 7.0
77.21466663362197 6.0
77.22958625022544 7.0
77.26471321854686 6.0
77.43111800081095 7.0
77.53640617638385 8.0
77.59363030946103 7.0
77.59522878005113 8.0
77.65650525669729 9.0
77.67175564193403 10.0
77.6940513833727 9.0
77.75936727719184 10.0
77.91637772000426 9.0
77.96034371528931 8.0
78.05997939295005 9.0
78.08109345140285 8.0
78.10386821292136 9.0
78.21637446328015 8.0
78.29125008362777 7.0
78.37086027086379 8.0
78.46146320058232 7.0
78.8370090283818 6.0
78.88748290182234 5.0
78.93765705408056 4.0
78.94414201786823 3.0
79.39127374701944 4.0
79.3953179281961 3.0
79.46453676322275 4.0
79.66161172558823 3.0
79.69346704233723 4.0
79.83935287705134 5.0
79.96418779049935 6.0
80.12929669551477 5.0
80.16737971817005 6.0
80.32657551886925 5.0
80.41818514609798 4.0
80.44533849975149 3.0
80.49323279221437 4.0
80.66835629974973 3.0
80.67869729833104 4.0
80.70472596954977 3.0
80.79043476869249 4.0
80.83665784925068 5.0
80.88485476293344 6.0
80.96124368037351 5.0
81.25103172361145 6.0
81.30762085496738 5.0
81.31216463280195 6.0
81.45887616747997 5.0
81.46841490018389 6.0
81.4800823508816 5.0
81.48301865451725 6.0
81.51100397070732 5.0
81.51446360608604 6.0
81.66160704129837 5.0
81.85793784902006 6.0
81.92292601642434 7.0
81.93820803125475 6.0
82.06235018014254 7.0
82.14647338422577 8.0
82.18343330551161 7.0
82.29407721676726 8.0
82.301787774339 9.0
82.34732045685828 8.0
82.38065940681162 7.0
82.38081025931527 6.0
82.42314404175427 5.0
82.52564759741044 4.0
82.62169553693737 3.0
82.79999838748647 4.0
83.1139737907504 5.0
83.29614007717284 4.0
83.40567548355969 5.0
83.42159243560506 6.0
83.62224013931429 7.0
83.68311650166913 8.0
83.70193113202362 7.0
83.74887568086282 6.0
83.81672896456732 5.0
84.1391841331078 6.0
84.16172623911277 7.0
84.21628651720616 6.0
84.2583980523927 5.0
84.47332329595675 4.0
84.59693061744436 5.0
84.76560176047268 6.0
84.77315555676446 5.0
84.78927475469438 4.0
84.89894350718053 5.0
84.94748225175654 6.0
85.18740036059808 5.0
85.25833840312721 4.0
85.3060752101069 3.0
85.35919913620532 4.0
85.68505554557875 3.0
85.69293817346055 2.0
85.91481408475391 1.0
86.0014398763362 2.0
86.05653889223863 1.0
86.06864776977152 0.0
86.15752304645677 1.0
86.79852512932139 2.0
86.81799760406552 3.0
86.8376338678157 2.0
87.11744741255036 3.0
87.22011674457028 4.0
87.33589680490137 5.0
87.51636155806155 4.0
87.65465875509655 5.0
87.74168175930548 6.0
87.90357553320612 5.0
88.0277471902924 4.0
88.21553381802855 3.0
88.2430596206657 2.0
88.49084047313482 3.0
88.68520379955311 2.0
89.48841987562231 1.0
89.70570445505012 2.0
89.81913590345515 3.0
89.86311578903361 4.0
90.00652139211911 5.0
90.20118480213029 4.0
90.2487067141731 3.0
90.53221842203354 2.0
90.53948736050592 3.0
90.54596095584188 2.0
90.95882973041138 1.0
90.96099522142998 2.0
90.9780891354966 1.0
91.01901263780553 0.0
91.16853362425391 1.0
92.00974029762776 0.0
92.14274934431268 1.0
92.74551640724658 2.0
92.83448702929691 3.0
93.1046696123455 2.0
93.10665683830993 1.0
93.16501685062298 2.0
93.28892352970108 3.0
93.34909667921046 4.0
93.67835360230093 5.0
93.76481739390226 6.0
93.87858885887611 7.0
93.89532178684544 8.0