0.0 35.0
0.044338327392782026 35.0
0.24070641866158332 35.0
0.3118175431545056 35.0
0.35412951822614286 34.0
0.3757105774295163 33.0
0.4111921212743707 33.0
0.4168896255087011 33.0
0.44168365989331476 32.0
0.45969842968583474 32.0
0.48381908706952925 32.0
0.5173741421915674 32.0
0.5750613321833359 32.0
0.5781560935693748 32.0
0.5943649059859606 32.0
0.6033118401068905 31.0
0.6239801925250607 30.0
0.6374446844420137 29.0
0.6399120352735609 28.0
0.6433482856845344 28.0
0.6581416855005182 28.0
0.6882278855381391 29.0
0.6945939992939969 29.0
0.71664821409365 29.0
0.7520937055451217 29.0
0.7526361965355339 28.0
0.7528739361822429 28.0
0.7623162124777347 28.0
0.802714450224093 28.0
0.8124213680962107 28.0
0.8183951288650696 29.0
0.8377667103594854 28.0
0.9610871088640927 27.0
1.0226011539053959 26.0
1.0647917641822695 27.0
1.0866402037122078 27.0
1.1025747822477547 28.0
1.1061389608869707 27.0
1.1072653579613712 27.0
1.1091932518282792 27.0
1.1695385917487735 27.0
1.2007394200872572 27.0
1.219573720869183 27.0
1.2862153288543061 26.0
1.3013849558492954 26.0
1.3205194884397773 25.0
1.3590568421482752 24.0
1.4541180600444892 24.0
1.4578935018215613 23.0
1.461244695679382 24.0
1.4898888978750766 23.0
1.5686764162245233 22.0
1.5761770997115405 21.0
1.5832104138603804 22.0
1.6499939165829007 22.0
1.6801834678016467 22.0
1.7325929104407918 21.0
1.7358374912072643 20.0
1.7508295184527662 21.0
1.7652543356855344 20.0
1.76777293791608 21.0
1.7727869618021066 20.0
1.8020508053905138 20.0
1.8151047569676753 21.0
1.8252383830330168 22.0
1.8480321318299224 22.0
1.9531910405045512 22.0
1.9624363469237753 23.0
1.995849443783857 22.0
2.058868756320219 23.0
2.125286756577484 23.0
2.1598205165291553 22.0
2.1770328328595894 22.0
2.190104161259149 22.0
2.2011391809324192 23.0
2.2297022519952927 23.0
2.2395179888872705 23.0
2.279465425026596 22.0
2.2973296319414835 23.0
2.310991932651411 23.0
2.418375461053213 23.0
2.426165137035969 22.0
2.4301138453436297 21.0
2.4770163064026285 20.0
2.484428488453905 20.0
2.5596501176398667 20.0
2.5685811155849767 20.0
2.5889432294261705 20.0
2.5924969395301147 20.0
2.617680683786622 21.0
2.6215677842291627 21.0
2.6373807694102505 20.0
2.6780327547655607 19.0
2.742557756059622 19.0
2.7606097204558577 19.0
2.906303750115866 20.0
2.907092012358352 21.0
2.9152088710763255 20.0
2.9365380314772263 19.0
2.9834928991319223 20.0
3.003179039302505 20.0
3.0972976681277955 21.0
3.1489077633562705 21.0
3.1683694280765655 21.0
3.2501010844109546 21.0
3.2632732903816293 22.0
3.361782236620468 22.0
3.3664750752293218 21.0
3.5120093376670156 21.0
3.5174361462968995 21.0
3.5793926359822077 21.0
3.6020024396546595 21.0
3.647841628964177 21.0
3.648566879636997 20.0
3.666074550354478 21.0
3.669364185477935 21.0
3.75703993385484 20.0
3.764135753438778 21.0
3.773775363208016 22.0
3.7792221650531626 22.0
3.8163320841536077 21.0
3.8166876845030293 21.0
3.884074037215217 22.0
3.889125286446976 22.0
3.920654872814089 22.0
3.967588138993249 22.0
3.969726838622202 23.0
3.9989388156744394 23.0
4.092839175910395 22.0
4.108299639240791 22.0
4.134766394408933 23.0
4.147810716683117 23.0
4.1494489354990405 23.0
4.149629945078828 22.0
4.152591113049835 22.0
4.204799962852227 22.0
4.233441430644129 22.0
4.247134591327087 22.0
4.258291830364849 22.0
4.335239830999921 22.0
4.381611219259697 22.0
4.381806009394054 22.0
4.392460500955595 23.0
4.4230673726130085 23.0
4.423866748768084 23.0
4.444734342406936 23.0
4.456697209687755 23.0
4.459856067335778 22.0
4.470003363891249 22.0
4.545464799491949 22.0
4.55463995907012 23.0
4.5563346184977584 23.0
4.5839317599133365 22.0
4.613904545623795 22.0
4.6167283619411466 22.0
4.701325522588837 21.0
4.72557860825955 22.0
4.7267860738748215 23.0
4.744145233314606 23.0
4.747895020118265 23.0
4.781021468752165 22.0
4.786461043038582 21.0
4.826822714018301 21.0
4.842791976219547 22.0
4.9565977020363405 22.0
5.029106306839625 23.0
5.080574408435187 22.0
5.1295955145519185 22.0
5.159410159747278 22.0
5.191498289671425 23.0
5.209333271428914 24.0
5.221574147010057 24.0
5.360839263432613 24.0
5.365809626419331 23.0
5.373927675240127 22.0
5.414757747120629 22.0
5.4859143820478815 22.0
5.495522048333378 23.0
5.512380337547516 22.0
5.539243389556923 21.0
5.570129061953624 21.0
5.65450620304857 20.0
5.655275521101096 21.0
5.679354263682384 21.0
5.706785480051179 21.0
5.712901241576066 22.0
5.754652276179824 22.0
5.766487485165491 21.0
5.774924599295923 20.0
5.780632298205197 21.0
5.795794430230619 20.0
5.809260994262068 20.0
5.845740820205751 19.0
5.913031248804743 20.0
5.914803652492436 19.0
5.925992775165852 18.0
5.944541829980086 19.0
5.964723882718118 18.0
5.973883802403729 19.0
6.028760154458742 19.0
6.030623734964371 19.0
6.068910743623921 20.0
6.112758118731903 19.0
6.12359091224865 20.0
6.192512346958522 19.0
6.246510638716445 19.0
6.2683838956661875 20.0
6.2823668537262725 20.0
6.3234435736284675 20.0
6.449370951344635 20.0
6.472335838726125 20.0
6.502984660275674 19.0
6.505607432031318 20.0
6.565076542526596 19.0
6.65126005919924 19.0
6.697167249145194 19.0
6.7224452569114295 19.0
6.7342346537878885 18.0
6.809616844057363 18.0
6.851139826780913 19.0
6.885347996449864 20.0
6.977680078291353 19.0
7.005890160485641 19.0
7.011790684949081 20.0
7.041453344355582 19.0
7.144003912845083 19.0
7.15306254341058 20.0
7.223147183735934 21.0
7.241224114198887 21.0
7.24380682313594 21.0
7.291706403709536 22.0
7.30305167936799 21.0
7.305061194207734 22.0
7.375246855512894 22.0
7.379685842037224 22.0
7.450950703272061 22.0
7.4572536327370385 22.0
7.46447628496763 22.0
7.484155084648918 21.0
7.49108212128713 20.0
7.491227375511266 19.0
7.4934967738571885 18.0
7.527559460571466 19.0
7.530857198443115 19.0
7.546129299546479 19.0
7.5783705988655825 19.0
7.58682600758886 18.0
7.590563345704012 19.0
7.616152740237591 20.0
7.635531092825176 20.0
7.661307868800923 20.0
7.666081776201477 20.0
7.673208457029036 19.0
7.734303435707696 19.0
7.791399410309236 19.0
7.838163038641405 18.0
7.8483303849989925 18.0
7.8604257984371975 18.0
7.860634070768537 18.0
7.868894647577463 18.0
7.91158615107989 19.0
7.917347487634559 19.0
7.9256239896932845 18.0
7.935807609099535 18.0
7.940608259631953 19.0
7.943666368684332 19.0
7.94518462856994 18.0
7.948831257103362 17.0
8.021184851046002 16.0
8.023107015024932 16.0
8.027940522094859 17.0
8.067795608691513 17.0
8.082795138141666 17.0
8.100332705090576 16.0
8.1127266949679 16.0
8.125563336675992 15.0
8.144079998612394 16.0
8.156772197713979 16.0
8.159753085166356 16.0
8.227405269429424 17.0
8.229772004093796 17.0
8.24669009092704 17.0
8.248002814439186 16.0
8.277624818688873 16.0
8.309652731441917 15.0
8.377016252695741 14.0
8.381470838384272 14.0
8.41145868516763 14.0
8.48498278486792 13.0
8.494414585119094 14.0
8.557728275284038 14.0
8.565605755951001 14.0
8.57416972394262 14.0
8.579940965795993 15.0
8.6440343519939 15.0
8.647171268596667 15.0
8.65523287282231 16.0
8.668198666520649 16.0
8.714905065498574 16.0
8.728372832901547 16.0
8.76465011593392 17.0
8.779415458218924 17.0
8.789276045803597 17.0
8.873012515169368 17.0
8.879900882143572 18.0
8.883880410136403 18.0
8.907331601685156 18.0
9.008592263527088 18.0
9.014631223826685 18.0
9.039350287101389 17.0
9.075962258600743 16.0
9.080111435922008 15.0
9.207856914146166 16.0
9.304496290888721 17.0
9.367385886979532 18.0
9.372958331809395 19.0
9.3941067922066 18.0
9.395540095490734 18.0
9.447742746319165 17.0
9.504434128670196 17.0
9.514019688160785 17.0
9.58450465511929 18.0
9.615860515439328 17.0
9.624078154241124 18.0
9.710210495161558 18.0
9.795396570288286 18.0
9.829478042226178 18.0
9.830485296425376 17.0
9.88316543452264 18.0
9.909269846575086 17.0
9.937899524578542 17.0
9.947838172757217 16.0
10.037989937300036 16.0
10.044031879300379 16.0
10.076113467834526 17.0
10.135574676838408 17.0
10.145575922450965 18.0
10.198558132144136 18.0
10.201906968540214 18.0
10.213411684060029 18.0
10.257181673211402 19.0
10.269776867108998 20.0
10.297680742183397 20.0
10.30012788347621 21.0
10.378744657385596 21.0
10.39846722381884 21.0
10.407637951795534 21.0
10.414369219147442 22.0
10.417354604281266 23.0
10.4209960293129 23.0
10.485128584129352 22.0
10.488405079245961 22.0
10.55427583405018 21.0
10.555148440600481 22.0
10.57203393946116 23.0
10.625745142557722 23.0
10.635349713291406 24.0
10.658103415668046 24.0
10.678043169172199 23.0
10.678386423805817 23.0
10.68551016326198 23.0
10.692989243016756 24.0
10.756533975024734 25.0
10.76776377661483 25.0
10.842463639334733 25.0
10.945896215461916 24.0
10.952312172082188 24.0
10.966673718340065 23.0
10.977612243126345 23.0
11.019048295012833 24.0
11.051339805779616 24.0
11.062124377898023 23.0
11.129554854911332 23.0
11.163997378405343 23.0
11.202267651628063 22.0
11.298702742379207 23.0
11.312357072259703 23.0
11.364899785275835 24.0
11.366254194644913 24.0
11.37820932209286 24.0
11.410636273730061 24.0
11.421563589014177 25.0
11.511568517205625 25.0
11.515389432789382 25.0
11.519691603972015 25.0
11.546571380612995 25.0
11.590525171991631 25.0
11.604925863728061 25.0
11.610909144001997 24.0
11.668351579029185 24.0
11.672026020998103 24.0
11.678832320661467 24.0
11.701669301535077 23.0
11.74967268261224 22.0
11.755807007256394 23.0
11.770028664463611 23.0
11.860995528765477 24.0
11.88222122498901 25.0
11.883779083040567 26.0
11.9292744807304 26.0
11.992932138458256 25.0
11.997049167566566 25.0
11.99705801990917 25.0
12.07464720817185 24.0
12.119033103935694 25.0
12.127532682253182 25.0
12.149573448571104 25.0
12.175056486392485 25.0
12.214498373852834 26.0
12.252315717397407 25.0
12.30856072132064 26.0
12.405578944567324 26.0
12.436474532403004 27.0
12.501845742256416 26.0
12.522163405805024 27.0
12.536827325547192 28.0
12.550624873449062 28.0
12.572351494255697 27.0
12.62798533919681 27.0
12.663584823322315 27.0
12.671351467978567 26.0
12.67870862555895 26.0
12.697494806462515 26.0
12.735160526378882 26.0
12.737076956178473 25.0
12.772319634250525 25.0
12.79443030229119 25.0
12.815595102801172 24.0
12.83951847352602 24.0
12.859743545130817 24.0
12.90894390251315 24.0
12.926050419912212 23.0
12.963049334057253 23.0
13.02709226063355 23.0
13.169913716702824 24.0
13.36110029988128 24.0
13.376622831978965 23.0
13.5278483640455 22.0
13.535596409216957 22.0
13.53636487854834 22.0
13.562917900845228 21.0
13.587190623983334 22.0
13.600810735756054 21.0
13.68209972088998 21.0
13.721820354835222 21.0
13.77530084255913 20.0
13.777400571024152 19.0
13.834095806373957 19.0
13.840785119221305 19.0
13.849123025146167 20.0
13.877991424470283 19.0
13.918891462990363 19.0
13.975427819973874 18.0
13.979499136178116 18.0
14.037014731696942 18.0
14.046395616491957 17.0
14.053285597534721 18.0
14.095630786465442 18.0
14.1184986264132 18.0
14.143357816939073 18.0
14.175510159246898 17.0
14.180149504757273 17.0
14.21762729143704 17.0
14.236928357120592 18.0
14.282751883279222 19.0
14.296932468331375 19.0
14.385629643032205 20.0
14.426220245013784 20.0
14.459812231717375 20.0
14.509167538164105 19.0
14.584840148875825 19.0
14.59255983268784 19.0
14.644899381027736 19.0
14.64674212007903 19.0
14.662792495770807 18.0
14.671042049571238 19.0
14.673796190141289 20.0
14.694952935309294 21.0
14.705534496435506 21.0
14.72477346196317 22.0
14.745241391415023 21.0
14.759946252818503 21.0
14.760900794674415 20.0
14.769679793045572 21.0
14.786575551607456 21.0
14.839103028697547 21.0
14.940756141120461 21.0
14.980434426817519 21.0
15.028880958651598 20.0
15.109725844730553 20.0
15.130965913071082 20.0
15.17981810162213 20.0
15.211728467909316 20.0
15.264618462388421 20.0
15.298895620442904 19.0
15.314340706350459 20.0
15.332700619001837 20.0
15.473552107454141 19.0
15.507326571645416 20.0
15.53298487134614 20.0
15.555185196374724 20.0
15.564964639354852 20.0
15.60252026649996 20.0
15.643560535163829 20.0
15.684066501954696 20.0
15.733630417209309 19.0
15.737367930890064 18.0
15.76628975952154 17.0
15.781189557221332 18.0
15.79229640166064 18.0
15.800381147532608 19.0
15.800828134012294 20.0
15.835957680226997 21.0
15.855933108607486 22.0
15.857046943381482 21.0
15.871302433749912 22.0
15.893025835646668 22.0
15.89566560373394 22.0
15.89978137528097 23.0
16.01747556485952 24.0
16.02560750175861 23.0
16.11722266910657 23.0
16.15019400833687 24.0
16.17888505572207 23.0
16.21046739808192 24.0
16.272284444594234 25.0
16.298474375485764 26.0
16.34827139576117 27.0
16.38451845570908 26.0
16.42501586107939 26.0
16.459040552070878 26.0
16.487520651665907 27.0
16.4915289945285 27.0
16.498199210587277 26.0
16.607699700177605 26.0
16.62063143042614 26.0
16.630700426318167 25.0
16.63410230625785 25.0
16.63518503112256 25.0
16.644122492728883 25.0
16.649669087686103 26.0
16.660078768882933 25.0
16.672284674243123 26.0
16.693393268581794 26.0
16.74295681153295 26.0
16.767382468117187 26.0
16.835352970541976 26.0
16.850185180243322 26.0
16.931986777919615 25.0
16.964548712722817 24.0
16.98161824456493 24.0
16.992964888540506 25.0
17.015053699170526 25.0
17.16288423150607 24.0
17.171665334211205 25.0
17.176362257004175 25.0
17.200439081580345 25.0
17.20216135499117 24.0
17.213781583778697 24.0
17.21385652646243 24.0
17.22039687974247 23.0
17.22357506046471 22.0
17.23285473913699 23.0
17.24892100181469 23.0
17.381340256746324 24.0
17.392372866508406 24.0
17.40372569030177 24.0
17.436340577829377 25.0
17.441165795657692 26.0
17.457328845758774 27.0
17.470866075945676 26.0
17.486560813792153 26.0
17.534815521952318 26.0
17.605702718163815 27.0
17.646670912293477 27.0
17.652383173814265 28.0
17.689560184388995 29.0
17.742461886618152 28.0
17.753372281519333 29.0
17.764576565247275 30.0
17.852014181147926 30.0
17.85893744245169 29.0
17.9499682080365 29.0
17.963178533197585 28.0
17.988905386414704 29.0
17.999706642571887 30.0
18.03709085301228 31.0
18.11488813585358 31.0
18.12556856179979 31.0
18.13736158360389 30.0
18.138431671370853 30.0
18.166057533222865 29.0
18.186025839734047 30.0
18.20344381497126 30.0
18.242128200779334 31.0
18.27028932466349 31.0
18.275943128364794 31.0
18.367316089827668 31.0
18.464000562480283 31.0
18.52406603559927 32.0
18.609849697007796 31.0
18.616779296873023 32.0
18.62059751840312 32.0
18.623395420922733 31.0
18.666246350334855 31.0
18.689967364508345 30.0
18.70411245260673 31.0
18.752341963734498 32.0
18.75911303120186 33.0
18.770355276536044 34.0
18.788864483683252 33.0
18.81149399994088 32.0
18.82793677114154 33.0
18.85959991980613 34.0
18.900562074380577 34.0
18.921795007323166 35.0
18.93089568612876 34.0
18.9997371617994 34.0
19.05360351948205 35.0
19.079147248112324 35.0
19.15249938631263 34.0
19.17299584532451 35.0
19.1796388674504 34.0
19.191878875949715 34.0
19.197987751178054 34.0
19.256885969625333 35.0
19.277235733259836 35.0
19.300406244548704 35.0
19.316854054169784 35.0
19.351528496970726 34.0
19.38907450210352 34.0
19.400277785226887 34.0
19.414166409845226 35.0
19.432206035480608 35.0
19.438076783069793 35.0
19.471080949904955 36.0
19.511856147129485 37.0
19.523792027905838 36.0
19.52735424444081 35.0
19.556349436917106 36.0
19.56343712587161 36.0
19.58767722497364 35.0
19.599595809507907 35.0
19.623502674665975 34.0
19.62473441164022 35.0
19.628430132610536 35.0
19.635336298667497 35.0
19.675542253350226 35.0
19.705260041930465 34.0
19.711830700920075 34.0
19.793287597875743 35.0
19.81082506614014 36.0
19.853721074009684 35.0
19.90992980877363 34.0
19.968679252910327 34.0
19.992947626402973 33.0
19.99554045034862 33.0
20.03638472427887 33.0
20.04789305139635 34.0
20.181224403567896 33.0
20.192962356527214 34.0
20.19298592774978 35.0
20.201632436364978 36.0
20.20831236716573 36.0
20.22171729485349 37.0
20.236453435075152 37.0
20.25939298040371 36.0
20.288400622222586 35.0
20.33537303970539 36.0
20.363470664845114 37.0
20.4341287802093 37.0
20.487517044498393 37.0
20.57087713422349 36.0
20.578518958137593 35.0
20.61572658359456 35.0
20.638776539019066 34.0
20.650083001371797 35.0
20.6628450993105 34.0
20.664737694378168 35.0
20.670582485606424 34.0
20.67213913892192 33.0
20.703367398516544 32.0
20.836549583054936 33.0
20.84568794499453 33.0
20.877795064099693 34.0
20.92502530035815 35.0
20.96497281100504 34.0
20.965057310812522 34.0
20.97668437399909 35.0
20.99610455067586 35.0
21.01174401166039 35.0
21.050873902715086 36.0
21.069640931944967 36.0
21.1407926716869 36.0
21.14750281961013 35.0
21.156153594995327 34.0
21.164637525569898 35.0
21.169573594550847 35.0
21.187789879740755 36.0
21.191770809034562 35.0
21.214436609907565 35.0
21.260666337954802 35.0
21.26152210700958 36.0
21.272825835991508 36.0
21.273505140808822 36.0
21.32276513269696 35.0
21.343233541205635 36.0
21.34635859861026 36.0
21.423421905554473 36.0
21.448388967292683 37.0
21.477361316741234 37.0
21.523030101576353 38.0
21.53552658772724 38.0
21.555773755443973 38.0
21.603890587143596 38.0
21.654391650828824 37.0
21.656178325635032 36.0
21.682368403159934 35.0
21.6979453409493 36.0
21.71088785574375 37.0
21.737295896493112 38.0
21.739101258561245 37.0
21.764130780717615 37.0
21.774362055528677 38.0
21.799420044561572 38.0
21.832407749182526 38.0
21.844124078026546 39.0
21.856694374824354 38.0
21.923882827351537 39.0
21.93911780708773 38.0
21.96432143037122 37.0
21.99831539697159 36.0
22.006587106464806 35.0
22.060873760778385 35.0
22.064725832437283 34.0
22.073726776971853 35.0
22.106398653013226 34.0
22.113934493875878 34.0
22.149115427409967 35.0
22.195507670938728 35.0
22.231111694866463 35.0
22.32739740068665 35.0
22.391711670590958 34.0
22.507836125204726 34.0
22.591423665606623 34.0
22.5984993966214 35.0
22.601900097409914 36.0
22.623233530406768 37.0
22.626901822778642 36.0
22.682612654735106 36.0
22.697067801905607 35.0
22.792938100499143 35.0
22.797722445176067 35.0
22.83859065777275 36.0
22.85098489945577 36.0
22.871654284136042 36.0
22.902619056308158 35.0
22.916303544719256 35.0
22.948636498308552 34.0
22.95316735292269 34.0
23.012534178571023 34.0
23.14229140794953 34.0
23.14422305985933 33.0
23.20088787272334 33.0
23.202695176456093 32.0
23.203677506435948 32.0
23.220642226603303 32.0
23.2792787059684 31.0
23.33659796212703 32.0
23.35972819269259 31.0
23.398976903326446 31.0
23.47821426534843 30.0
23.549871397224713 31.0
23.567877500882357 30.0
23.608503681568642 31.0
23.62255294650244 32.0
23.625685420660215 31.0
23.642878140784774 32.0
23.700881355616556 33.0
23.707345321291047 33.0
23.813590165756978 33.0
23.828694344976704 33.0
23.844505458140112 32.0
23.865775711437987 31.0
23.871862312551006 31.0
23.91964794976856 32.0
23.928730359340772 32.0
23.93808651459035 31.0
23.946250966361397 30.0
23.979351793266527 31.0
24.017693398970053 32.0
24.06936392543105 32.0
24.096546859342617 33.0
24.127944906500257 34.0
24.186217303155217 34.0
24.248497348492382 33.0
24.25273766896452 33.0
24.27895693435161 32.0
24.36330026323876 32.0
24.43711299445863 31.0
24.45352007069733 30.0
24.478047064288646 31.0
24.497426059146758 32.0
24.50156568212881 31.0
24.514092933677972 32.0
24.525536785361208 31.0
24.528483435802137 31.0
24.54166993042396 30.0
24.6589899931725 30.0
24.676217454324984 29.0
24.68443130147786 29.0
24.718252951994817 30.0
24.771221851296854 29.0
24.81553471791597 28.0
24.836003698351877 27.0
24.865050742446286 28.0
24.912815486229025 28.0
24.91338918074549 29.0
24.979457434913137 30.0
24.98291852782288 30.0
25.000590117273013 31.0
25.013870701061155 32.0
25.03967386210096 31.0
25.071228822118716 32.0
25.094152863250603 32.0
25.12228060932215 33.0
25.160529287428226 32.0
25.171090279564424 32.0
25.21383868864031 33.0
25.224155167267497 32.0
25.24451190646473 33.0
25.26800016710098 34.0
25.278584437345025 33.0
25.302196650861465 34.0
25.322866821418096 34.0
25.323406079936603 35.0
25.34379805583384 35.0
25.395520506065463 36.0
25.395592591438735 37.0
25.44009471640752 38.0
25.497387310050055 38.0
25.549958372748083 37.0
25.621079815708246 38.0
25.6384718717724 39.0
25.64279388866345 40.0
25.7400523776743 41.0
25.744380682102335 42.0
25.76920495021895 41.0
25.77766042633352 41.0
25.799228177210306 41.0
25.800898564080068 41.0
25.87705625503501 40.0
25.88312456037011 39.0
25.886381510240685 40.0
25.88916584897506 41.0
25.927681403931103 41.0
25.938770702900495 41.0
25.949084037300405 41.0
25.96904215786496 40.0
26.006071159768023 39.0
26.03175046583351 40.0
26.039349346779762 39.0
26.224668556071386 40.0
26.27301597556428 41.0
26.30100589295973 41.0
26.353530965273926 42.0
26.358583154306825 41.0
26.425358674245064 41.0
26.464378591260974 40.0
26.54084518862566 39.0
26.608134751748707 38.0
26.634351954325 37.0
26.641864680301854 36.0
26.648397719917014 36.0
26.651425683533617 35.0
26.660727762877958 36.0
26.698938919900854 35.0
26.897269123192874 36.0
26.91406439060696 35.0
26.963611948959404 35.0
26.964855689793062 36.0
26.972875428931683 37.0
27.06408416393353 36.0
27.087107585952428 37.0
27.096752734243214 36.0
27.097990346725048 36.0
27.098286890724555 36.0
27.11976774276302 36.0
27.17520518887295 35.0
27.242696508187237 36.0
27.245524325640126 36.0
27.254932269494965 37.0
27.286270292645586 37.0
27.29842726692793 37.0
27.32370754370816 37.0
27.33535827696826 36.0
27.384018675029616 36.0
27.40118302050857 37.0
27.446213346791424 37.0
27.457221897504954 37.0
27.470010249496674 38.0
27.526583370469957 37.0
27.557033754138484 38.0
27.576797122793177 37.0
27.833907525177057 37.0
27.88556809633927 36.0
27.939026963938712 35.0
28.025395503492966 36.0
28.126999711540215 35.0
28.162416533162183 34.0
28.171773629970218 34.0
28.231484247838424 35.0
28.23804676053045 35.0
28.283323768366486 34.0
28.295900817994276 35.0
28.314680231026788 34.0
28.346292928478213 35.0
28.365490351021833 35.0
28.371241222258742 36.0
28.40282093871881 35.0
28.428984169370935 35.0
28.433685604579324 36.0
28.502093092591394 35.0
28.52393355409966 34.0
28.561028251056953 34.0
28.56565463618883 33.0
28.596813448530412 33.0
28.59844982224985 32.0
28.682223995099815 32.0
28.74226191058649 32.0
28.79474877785661 33.0
28.85208910551391 34.0
28.93188828999806 34.0
28.988653084866495 33.0
29.03504985207094 34.0
29.065135858252702 33.0
29.098683270538775 32.0
29.107407344114215 33.0
29.108116050154834 33.0
29.16756140324162 33.0
29.275984594721802 33.0
29.282517683294838 33.0
29.301455119611198 33.0
29.34167159408813 33.0
29.351027322798682 32.0
29.419869302545244 32.0
29.453298059358065 32.0
29.47271686569951 31.0
29.49144844469347 32.0
29.510511996629514 32.0
29.53947220641564 33.0
29.55900315693899 34.0
29.585835281233543 33.0
29.651260932582282 33.0
29.688365096836268 32.0
29.761868087529074 31.0
29.771533992350598 30.0
29.787422815283236 30.0
29.795616353498318 29.0
29.84753329636478 30.0
29.88389464808603 31.0
29.91504184312603 31.0
29.917644639310463 31.0
29.955891842541416 31.0
29.967680013802674 30.0
30.01955640404048 29.0
30.057673283035676 29.0
30.068447111670086 29.0
30.08745324814093 28.0
30.089578730028073 28.0
30.123845063904483 28.0
30.165196849526886 28.0
30.201703234903682 28.0
30.245619379931178 28.0
30.398515009014265 27.0
30.442988492490507 26.0
30.472548404556886 25.0
30.482892290486014 26.0
30.49349086456287 25.0
30.506743511308056 26.0
30.518748009677203 27.0
30.549339395557393 26.0
30.59868244786793 25.0
30.645671047660674 26.0
30.688237865542124 27.0
30.732312798054107 28.0
30.732743761707674 28.0
30.756466858926412 27.0
30.803758699449077 28.0
30.847680130050726 29.0
30.962553136605504 30.0
30.964178111773954 31.0
30.99359670396021 32.0
31.126009868272586 33.0
31.162436339801594 33.0
31.176196053328994 34.0
31.236253772503996 35.0
31.31299192686948 35.0
31.352050785296417 36.0
31.368796744898173 36.0
31.385782214211382 36.0
31.40092629077819 35.0
31.40230306105661 35.0
31.409469886234813 35.0
31.41402975514277 34.0
31.425762890931544 34.0
31.522127933404548 35.0
31.526296445578247 35.0
31.547890489996053 34.0
31.55222109959582 34.0
31.574868122461325 35.0
31.591470576914272 36.0
31.60424635873382 36.0
31.634523157100997 37.0
31.669844194262133 38.0
31.685667554140927 38.0
31.753397328756684 38.0
31.817874624464288 38.0
31.819910751145063 39.0
31.86429567839161 39.0
31.913858737610813 38.0
31.92724851148032 37.0
31.939460326283346 36.0
31.95308834659452 35.0
31.960520040097986 36.0
31.97946717857201 35.0
31.998756283554734 34.0
32.00518438427463 34.0
32.026080064744505 35.0
32.03433649895681 35.0
32.042073814184334 35.0
32.05620242546061 34.0
32.09058604895571 35.0
32.12525901881541 34.0
32.16182668412323 33.0
32.18263840526011 32.0
32.19897282669999 32.0
32.2042205751568 33.0
32.29907853895931 32.0
32.32357295990682 32.0
32.33297693269521 32.0
32.386013306226474 31.0
32.45726086519774 32.0
32.468652877101825 31.0
32.482757517387476 31.0
32.555286777941745 32.0
32.636389977839734 31.0
32.69931823493212 30.0
32.77715379272971 30.0
32.79332528061947 29.0
32.79673548978408 30.0
32.85629114591203 29.0
32.85956625058039 30.0
32.881475411777494 31.0
32.92462018622165 30.0
32.93504898691104 31.0
32.940275834859705 31.0
32.97658455459386 31.0
33.06088570745229 32.0
33.06734015946236 33.0
33.06802613660585 32.0
33.089111256982285 32.0
33.16357312406636 32.0
33.18843087346857 33.0
33.21025101858535 34.0
33.22140285941239 35.0
33.27538150122344 35.0
33.27897880260563 35.0
33.2802593582478 34.0
33.30637793336254 35.0
33.30989870890962 36.0
33.31074600309768 36.0
33.32729471610969 35.0
33.35435676406788 35.0
33.36264678765248 35.0
33.38599606589771 34.0
33.3896053093493 35.0
33.40237354908546 36.0
33.403768124892444 35.0
33.40808429732031 36.0
33.409575781129305 37.0
33.42203386195241 38.0
33.443066285288324 38.0
33.48022056057051 37.0
33.55195399102636 36.0
33.57000770407372 37.0
33.63083321243545 36.0
33.702759164140566 36.0
33.71914339725056 35.0
33.844306413732546 35.0
33.866978319585435 34.0
33.894869996136265 34.0
33.89849417622389 34.0
33.93160489664928 34.0
34.00163817034345 35.0
34.00444437398076 34.0
34.027658508535616 33.0
34.034709415594094 32.0
34.043141519009154 32.0
34.060004284468334 32.0
34.156942905390046 32.0
34.180696189149074 31.0
34.18942066789581 32.0
34.202441770258815 32.0
34.27594414862799 32.0
34.28207084958975 33.0
34.344027289904595 34.0
34.35165836717149 33.0
34.36273406680223 34.0
34.43478669677749 33.0
34.45748848673776 34.0
34.462057364545245 35.0
34.52357793043785 36.0
34.52417081650692 36.0
34.582782912066854 36.0
34.59703056962433 36.0
34.7124508011558 36.0
34.76318499145732 35.0
34.78415478946922 35.0
34.80210744578825 36.0
34.81860926146999 36.0
34.89152490469936 36.0
34.93336574285559 35.0
34.95929024652497 35.0
34.986304542658644 36.0
35.01662970717596 37.0
35.091165796959125 36.0
35.10895382193542 36.0
35.194593169296446 36.0
35.22361480463752 36.0
35.25806498565596 35.0
35.27735122600333 36.0
35.32708062823951 35.0
35.3435761002458 36.0
35.348141810636875 35.0
35.43219924068434 35.0
35.440453508433514 36.0
35.4624691345782 35.0
35.51056611135206 35.0
35.55005312283357 35.0
35.62648024567418 34.0
35.63869258152457 33.0
35.642724339889114 32.0
35.66749037384615 33.0
35.69615575766373 32.0
35.76964908848057 31.0
35.77942161507959 31.0
35.86472732914823 30.0
35.91692067271591 30.0
35.93768400386583 31.0
35.93988764678547 32.0
35.94266067889628 33.0
35.95150261334315 33.0
35.955230250583554 33.0
35.9684319245632 33.0
36.02570620961714 33.0
36.050923829310626 33.0
36.111559098349005 33.0
36.12658737951332 32.0
36.13164750849062 33.0
36.15175905067469 34.0
36.18456184769385 33.0
36.242673941948915 34.0
36.25972383232671 34.0
36.2601452828207 33.0
36.279474142549795 34.0
36.300252814414904 34.0
36.31088099494724 34.0
36.33517255550654 35.0
36.34658437368783 36.0
36.39136863525855 37.0
36.40171168986548 36.0
36.408153090877114 36.0
36.44692933534159 35.0
36.492029149607355 34.0
36.50809890474134 33.0
36.51509036569257 34.0
36.522678901991775 34.0
36.537630638856456 35.0
36.613761884259816 35.0
36.66800475714824 34.0
36.67269538732621 35.0
36.69145347163342 36.0
36.70731861943578 36.0
36.744758998178455 36.0
36.798260868791736 36.0
36.81497616321573 36.0
36.82646779104074 37.0
36.84820248384655 38.0
36.84909458418001 37.0
36.882315237149136 37.0
36.89566860213835 36.0
36.941924070649435 35.0
37.0690290041878 36.0
37.098382869373395 36.0
37.11257297531432 35.0
37.19216673972168 36.0
37.221684147322925 37.0
37.230596468136575 37.0
37.28180986768383 36.0
37.347024232278144 35.0
37.39047910859371 35.0
37.412843443488015 35.0
37.447505812045065 36.0
37.51525548659466 35.0
37.52399539605658 34.0
37.64544942805562 35.0
37.68167726779696 34.0
37.700522354107186 34.0
37.72237796822412 34.0
37.75046802881115 34.0
37.7535960643605 35.0
37.76945959388074 35.0
37.83221510309649 35.0
37.84863571420515 35.0
37.856623254044884 35.0
37.88190597359165 35.0
37.91093853943591 36.0
37.938362169900394 35.0
37.98528601004732 34.0
38.00589169524183 33.0
38.04084807407515 32.0
38.04543586662333 32.0
38.06998382037782 32.0
38.08563698328896 31.0
38.105191116167966 31.0
38.11157580512779 31.0
38.19026341464387 30.0
38.19180991546073 29.0
38.19550821242392 29.0
38.230619767689625 29.0
38.24372913432734 29.0
38.25195267277731 30.0
38.257809159164836 31.0
38.31747343724483 31.0
38.37648069790516 31.0
38.39220190288826 31.0
38.4354028863782 31.0
38.48651469669775 31.0
38.48784601300629 31.0
38.49524033471552 31.0
38.509340649792506 32.0
38.51561672631645 32.0
38.51889475719217 32.0
38.523515084490235 32.0
38.606492041215645 33.0
38.63036461662988 33.0
38.635674572427696 34.0
38.66684494269493 35.0
38.81206687622943 36.0
38.81892623847328 36.0
38.84688943873319 37.0
38.858957763370334 38.0
38.964234388163156 39.0
38.980982314613975 40.0
38.99103491049931 40.0
38.99312163373351 39.0
39.07097268218831 39.0
39.07983324608474 38.0
39.15605086166621 37.0
39.16054687380625 37.0
39.165330083097196 36.0
39.191712081468104 35.0
39.29807121720251 34.0
39.35251750513944 33.0
39.38715478183015 33.0
39.46870600829778 33.0
39.506377331060584 33.0
39.507040000982414 32.0
39.531423203585305 33.0
39.53885159304625 32.0
39.5576647529222 33.0
39.58470787209063 33.0
39.590507364607674 33.0
39.61266870808528 34.0
39.61611487084482 35.0
39.61623564845465 34.0
39.63077512919814 34.0
39.65685347871491 35.0
39.668057573572106 35.0
39.669476123165076 36.0
39.67172856240396 35.0
39.68765288710267 36.0
39.69704848999664 36.0
39.73183661768228 37.0
39.737079110000366 38.0
39.75604249080803 38.0
39.78518138281415 38.0
39.8243460774261 39.0
39.850827151045614 38.0
39.85432054611635 37.0
39.85465027401883 38.0
39.868794686954175 37.0
39.89019585457292 36.0
39.903952723089475 36.0
39.923826829472596 37.0
39.930144200518484 37.0
39.98818490356905 38.0
39.997160891399204 38.0
40.02505967008641 39.0
40.09073465068789 40.0
40.15920404358398 39.0
40.31973056863974 39.0
40.400453463904135 39.0
40.40058587053029 40.0
40.42654352208842 40.0
40.43246734308481 40.0
40.451721277925394 39.0
40.47019329611248 40.0
40.50850184140227 39.0
40.527333149149534 40.0
40.606528777047416 39.0
40.615491957295404 40.0
40.625284166930825 41.0
40.64244621769914 40.0
40.64800685814828 40.0
40.66008588038952 40.0
40.6784942727858 40.0
40.72700368006262 39.0
40.72809205109911 38.0
40.7844883938182 39.0
40.88175959255057 40.0
40.94955587220776 39.0
40.96502324529534 38.0
40.9894920137397 39.0
41.000143550749996 40.0
41.01085822732778 41.0
41.01830213927463 42.0
41.02903420974222 42.0
41.041740304557706 43.0
41.131343364132505 42.0
41.13187404566458 41.0
41.14421457475994 41.0
41.18447941799109 41.0
41.18716258253135 41.0
41.31764736323062 42.0
41.33386094518378 42.0
41.34188909106259 41.0
41.34356113005951 41.0
41.35500347791732 42.0
41.38235686148611 42.0
41.400436119426196 41.0
41.42059023405661 40.0
41.57418386992832 41.0
41.584660512586346 40.0
41.65290127890253 39.0
41.676063493532574 39.0
41.680343064435824 39.0
41.68456290507028 40.0
41.7030966252423 41.0
41.72684426073493 40.0
41.805580214386644 40.0
41.82067787681085 41.0
41.83420591968762 40.0
41.86460790051914 40.0
41.87930360453749 39.0
41.88282703161223 40.0
41.90169131309561 41.0
41.92589734016633 41.0
41.95127571697693 42.0
41.993700784536806 43.0
42.01563681366554 44.0
42.07016429024367 45.0
42.08428272260847 44.0
42.15907150943839 44.0
42.171174993911116 44.0
42.20871471753542 43.0
42.23248867340423 42.0
42.2472779059234 42.0
42.26960737080264 41.0
42.30212391944954 40.0
42.314124118796556 40.0
42.32590489238634 39.0
42.39995318413759 38.0
42.422908685345874 38.0
42.42371834636221 38.0
42.49451351485492 39.0
42.552683233047574 38.0
42.568030503020545 38.0
42.574663369170665 39.0
42.592079073375096 40.0
42.77662016271586 40.0
42.81329139780736 40.0
42.822235880372034 40.0
42.82564849559812 39.0
42.850273168436885 38.0
42.86828250075018 37.0
42.87184167529141 37.0
42.893224199931346 37.0
42.91834361953216 36.0
42.934990881023445 36.0
42.972332075106 35.0
43.06003678866831 35.0
43.066051693456885 34.0
43.09630685502604 33.0
43.11260043359205 34.0
43.14634190032937 34.0
43.24171260103504 34.0
43.25581796949597 33.0
43.26719049029268 34.0
43.281848592645126 35.0
43.28452852510261 36.0
43.28623756905856 36.0
43.29835587957523 35.0
43.32557186673537 36.0
43.386450357223325 37.0
43.39213221950404 36.0
43.421280023345645 36.0
43.459696386190025 37.0
43.46973196727696 38.0
43.47383650420155 39.0
43.479679943676146 39.0
43.59739867762645 39.0
43.647710440701765 40.0
43.65762634861329 41.0
43.669940449210024 42.0
43.711412490160136 41.0
43.73586914609536 40.0
43.787213798494705 40.0
43.79678787687145 39.0
43.801790434533565 40.0
43.81895657557407 40.0
43.846250045631066 41.0
43.85699347759993 40.0
43.867748068775754 40.0
43.878017748069986 41.0
43.88280982015523 42.0
43.88908790893253 43.0
43.896077145051386 44.0
43.92688418024129 43.0
43.940168833854834 42.0
43.989560053425436 41.0
44.05245360175203 42.0
44.08642674619164 42.0
44.09791000082637 41.0
44.177953871713626 40.0
44.194149404662895 41.0
44.19626602226901 41.0
44.25648142726935 42.0
44.25766295657851 41.0
44.27122285239649 41.0
44.27955942405822 41.0
44.301163856591295 42.0
44.31597026865313 43.0
44.32657239100109 43.0
44.411293805136985 44.0
44.42886722391243 44.0
44.44104998965536 45.0
44.526984193000594 44.0
44.52957863506675 44.0
44.55316197199018 43.0
44.58051831991963 42.0
44.6212025885562 43.0
44.66380583011567 42.0
44.66479327517953 41.0
44.665787101174544 42.0
44.673352316737365 42.0
44.68965568614074 41.0
44.70512021335092 40.0
44.72381775050171 40.0
44.78977443037068 41.0
44.810624714041865 41.0
44.83046033827613 41.0
44.85780942043196 40.0
44.87268968889867 39.0
44.89271107736117 40.0
44.905550948843434 39.0
44.912406453959065 38.0
44.915650725361814 38.0
44.917521837162916 37.0
44.91801333737382 36.0
44.921723521945296 36.0
44.95348344636532 35.0
44.96445441898921 34.0
45.13017069084255 34.0
45.13671097850359 33.0
45.1646022733608 33.0
45.19898451191417 34.0
45.224518935121495 34.0
45.225008593255716 35.0
45.262017675232364 36.0
45.279959476481174 36.0
45.280148893800686 36.0
45.30967292102479 37.0
45.318317794169886 36.0
45.36243976885645 37.0
45.38097030484011 37.0
45.39752773361318 38.0
45.41626101193499 39.0
45.44057916728089 39.0
45.47835427879563 40.0
45.49663262748257 41.0
45.6092392127962 42.0
45.661429553478264 43.0
45.68802058880235 44.0
45.69863265249093 43.0
45.75280725943147 42.0
45.75884173139694 41.0
45.76996271383384 41.0
45.78386980569388 40.0
45.802419588967346 39.0
45.84276889453056 40.0
45.85324405900422 39.0
45.88713351496006 39.0
45.93231093792779 38.0
45.943503632912595 39.0
45.94782283063544 38.0
46.010117320263824 39.0
46.01821271808217 38.0
46.02100965251229 37.0
46.05144890631326 36.0
46.069998302221116 37.0
46.083026805828624 38.0
46.18146086638333 37.0
46.19747184115373 37.0
46.21131390402058 38.0
46.21981266246509 39.0
46.29776307095885 40.0
46.3040993715521 41.0
46.31452869337605 40.0
46.3185079475 39.0
46.35784395963339 40.0
46.455575824164235 41.0
46.47710837284555 40.0
46.526471786776064 41.0
46.54162200384817 40.0
46.55840031827459 40.0
46.726182792498065 39.0
46.746294761326595 39.0
46.75631552697583 39.0
46.78462479657839 40.0
46.7973257316618 40.0
46.84361670645942 39.0
46.946258502123364 40.0
46.97321400015825 40.0
46.98099449080596 39.0
46.99263970452706 40.0
47.055857896245875 40.0
47.07372608987353 41.0
47.220492929328465 41.0
47.24581003675248 41.0
47.280519711936456 42.0
47.28351774810331 43.0
47.30645813597493 42.0
47.347329002529605 41.0
47.39612353814978 40.0
47.434788803596255 39.0
47.51412966184253 39.0
47.59878555763048 39.0
47.622431334057545 40.0
47.64673160859979 41.0
47.67260012858039 41.0
47.7537122133546 42.0
47.786716772214604 43.0
47.824774605284475 43.0
47.86240678345238 44.0
47.92519499085474 45.0
47.93659806565059 44.0
47.93737980641755 44.0
47.94041720252637 44.0
47.95170360247028 44.0
48.04304055100618 45.0
48.048432340371505 44.0
48.07469832756368 44.0
48.08225436340815 45.0
48.09910205408516 45.0
48.11254581729326 45.0
48.1594588934444 44.0
48.19119458771643 43.0
48.19881369576237 42.0
48.24135401425278 42.0
48.253816350507556 42.0
48.26393936521986 42.0
48.431676230425424 42.0
48.44146509262207 41.0
48.474292944036016 42.0
48.48894224376658 43.0
48.51009830899955 43.0
48.63235334619326 42.0
48.63724376946418 42.0
48.651511907553115 42.0
48.66836741703791 43.0
48.72901051568032 42.0
48.79461154583717 41.0
48.80539796154041 40.0
48.82128417442557 41.0
48.83186808016653 41.0
48.85895983844545 40.0
48.86170839716258 41.0
48.889903687387545 42.0
48.93705031498766 43.0
48.98749536913957 44.0
49.102383360249256 44.0
49.130240987614584 44.0
49.150342920592045 45.0
49.171709513646796 44.0
49.22037694657866 43.0
49.354234873918706 44.0
49.38540836070711 44.0
49.39515320279398 45.0
49.44507715030603 44.0
49.48272462764329 45.0
49.49249867993887 44.0
49.50537524117064 43.0
49.5310450402832 42.0
49.55069928220211 41.0
49.56492528471536 40.0
49.589600184819 41.0
49.62658977304089 42.0
49.668478053250205 43.0
49.69014872588498 44.0
49.70197134700938 43.0
49.72935865058146 43.0
49.756269407504924 42.0
49.79389404942567 42.0
49.80260681835793 42.0
49.82622380075947 41.0
49.827565263192994 40.0
49.83057189168721 40.0
49.86992468930656 41.0
49.941855178773686 41.0
50.000914378781054 41.0
50.02194589661718 42.0
50.08048129834643 42.0
50.0843213281304 41.0
50.10620877642955 41.0
50.155424454860416 42.0
50.16714278320285 43.0
50.19149609563783 42.0
50.22534313496248 43.0
50.23472079930393 42.0
50.25049221349138 42.0
50.30716321186867 42.0
50.32758078094961 41.0
50.374421180019596 41.0
50.442172103737704 40.0
50.44617268473006 40.0
50.49864176396141 40.0
50.532855771387105 39.0
50.57088752017956 39.0
50.57252301321029 38.0
50.651472804242324 39.0
50.705256029773835 40.0
50.74496510102447 39.0
50.784716958168026 38.0
50.83345485467119 38.0
50.96297205174858 37.0
50.99723977174659 37.0
51.112488314791484 37.0
51.12376827363105 38.0
51.152745285690635 37.0
51.17176170388403 36.0
51.18787964853049 37.0
51.27941505234187 37.0
51.317813854671556 37.0
51.32533012754221 36.0
51.3422064591345 37.0
51.37388785545385 36.0
51.389426965281864 36.0
51.42542404777117 37.0
51.479304866819575 38.0
51.480977005619216 38.0
51.48390413626141 37.0
51.49153433392994 36.0
51.60507553701135 36.0
51.6148118721946 36.0
51.66435401157725 36.0
51.74982004445039 36.0
51.771296097033996 37.0
51.847082984553374 37.0
51.88787453267307 38.0
51.89485678695407 39.0
51.89525992989964 40.0
51.96633502881728 40.0
51.97067553543593 41.0
51.99116426396372 41.0
52.00357187613928 40.0
52.02212952568522 39.0
52.029804999722955 40.0
52.11112647419686 41.0
52.11806802176841 41.0
52.12771271220083 42.0
52.16259063867304 42.0
52.18796690725066 41.0
52.21669347545677 41.0
52.24880787054717 42.0
52.30043513567604 41.0
52.339440470875445 41.0
52.39717673756868 40.0
52.401890242563674 40.0
52.42899224272531 41.0
52.44032858938407 41.0
52.45361554861928 40.0
52.45617630456334 41.0
52.457031287215536 42.0
52.50777956249762 43.0
52.54236735803419 44.0
52.625708747605195 43.0
52.66911082856537 44.0
52.674821857849096 44.0
52.68030215359732 45.0
52.69435744063686 44.0
52.717163682381525 43.0
52.726024054087475 42.0
52.74393699986193 43.0
52.76778463673138 42.0
52.774001083823165 43.0
52.77437552359146 44.0
52.785993778102416 43.0
52.886561657975015 43.0
52.91159213930324 44.0
52.91213752204667 45.0
52.91483618608852 44.0
52.99730366299252 44.0
53.02043951198789 43.0
53.06259035922826 44.0
53.07899482429032 45.0
53.08782455646428 44.0
53.08989205261463 44.0
53.123473685037254 43.0
53.16055429501528 42.0
53.16068611234028 41.0
53.2278776093157 42.0
53.250357680636114 42.0
53.261337352240915 42.0
53.29496503725571 41.0
53.304043318086194 42.0
53.36117625102567 43.0
53.40765891235311 44.0
53.408755506251715 43.0
53.53796726444899 42.0
53.56696045654871 41.0
53.59375230131854 42.0
53.59508201370297 43.0
53.61442773669806 44.0
53.68201007959613 45.0
53.71455029814284 45.0
53.730365238780934 44.0
53.75866860458011 44.0
53.8134985399351 44.0
53.82038721799285 43.0
53.848241740459244 44.0
53.93816738816376 45.0
53.938200809624355 45.0
53.938887745071455 44.0
54.0277913319194 45.0
54.15715697245523 46.0
54.17840891863418 46.0
54.25535877475595 47.0
54.26474190623454 48.0
54.35954509545104 47.0
54.37929572054695 46.0
54.432967373285614 45.0
54.49038799005599 44.0
54.49954612060333 43.0
54.50037728255845 42.0
54.528547538070555 42.0
54.536977684705896 43.0
54.5499240153788 42.0
54.56327930108348 43.0
54.604362437749884 42.0
54.64428059757868 41.0
54.64915099673508 40.0
54.65848059576206 41.0
54.67744833124778 42.0
54.67774728163994 42.0
54.72291122375357 42.0
54.7537047390673 43.0
54.777347520310286 43.0
54.79561014836867 43.0
54.867630275893816 44.0
54.867820117515464 44.0
54.88022401853524 44.0
55.00495000634378 43.0
55.020938470446346 44.0
55.04950442999857 45.0
55.05266997809889 44.0
55.060853222927264 44.0
55.10458877717447 45.0
55.13252858836101 46.0
55.15696806965799 46.0
55.15826988127224 46.0
55.16362355211526 47.0
55.18021625074249 46.0
55.227698121194365 45.0
55.24102737242011 44.0
55.247501564169674 45.0
55.28422851271334 44.0
55.40091906753745 43.0
55.437528438460426 44.0
55.457814777007805 45.0
55.473329994973696 45.0
55.52205004704331 45.0
55.52698112206338 46.0
55.53362210167708 45.0
55.630332237135356 44.0
55.73151542279645 43.0
55.83057115823969 44.0
55.85331305349362 45.0
55.859446061106496 45.0
55.92921873664747 46.0
55.96724166051691 47.0
56.03772906867693 46.0
56.04450962244672 45.0
56.1352694613072 46.0
56.135865168732046 47.0
56.13815773592657 46.0
56.18886251269928 46.0
56.195783013479534 46.0
56.23767445270434 46.0
56.251550812764734 45.0
56.33262833050187 44.0
56.33749562026599 45.0
56.36601332812979 45.0
56.44140609091659 44.0
56.45080531589124 44.0
56.450892249389696 43.0
56.457664563109866 42.0
56.5412433431593 41.0
56.6060305797341 40.0
56.61551374831691 39.0
56.65530052590868 38.0
56.68096055219729 38.0
56.70948035977177 39.0
56.709616184003146 39.0
56.72165009933865 40.0
56.74757385474353 41.0
56.79309541532793 42.0
56.83979286155916 43.0
56.91887075775174 42.0
56.966670271165974 43.0
56.9669217254365 42.0
56.98115074090419 43.0
57.03097310037183 44.0
57.05509407571028 45.0
57.11833761765607 46.0
57.13395782172322 46.0
57.14498679188503 47.0
57.16444057906649 47.0
57.19155079851948 46.0
57.197573684128834 45.0
57.26054433090198 46.0
57.27982412884694 46.0
57.429965571106216 47.0
57.44068181926188 48.0
57.525863595439596 49.0
57.633805837787236 50.0
57.71969145531653 49.0
57.876619340021904 48.0
57.903834749112846 49.0
57.93432172200452 49.0
57.95369991058591 50.0
57.97005529357401 50.0
58.01243762715502 51.0
58.032093582377904 52.0
58.131853348361375 53.0
58.170051141652024 53.0
58.2094794031736 52.0
58.226529387585224 53.0
58.28268724517634 53.0
58.291217854663664 52.0
58.390894379647655 51.0
58.45377348614613 51.0
58.456914460073584 51.0
58.502501904683 50.0
58.55415938868666 51.0
58.56540842018156 50.0
58.57249361286039 49.0
58.57875126865865 48.0
58.62382081932758 48.0
58.63908987540592 49.0
58.659227119320605 49.0
58.86434896758236 48.0
58.87925553661419 49.0
58.945866028198076 49.0
58.98335883358 49.0
58.98867194505251 49.0
59.11221765983589 48.0
59.1737844751927 49.0
59.31030974438258 49.0
59.32367148008762 49.0
59.35988202516555 48.0
59.36708594009063 49.0
59.36832782123027 50.0
59.39204009269878 49.0
59.39704059833705 50.0
59.46169825677352 49.0
59.47313217029798 49.0
59.566249681339585 48.0
59.593218612852034 48.0
59.618768813322234 49.0
59.660948449700676 49.0
59.686176896878884 49.0
59.732648187870595 48.0
59.74122685296403 47.0
59.76064185596322 47.0
59.86397973975683 47.0
59.89869305150051 47.0
59.90626330493445 46.0
59.94929256660667 46.0
59.961314685399415 45.0
59.98120120481706 46.0
60.000055671909884 47.0
60.01574240680838 48.0
60.015989038859765 47.0
60.09130780270409 47.0
60.16772454118672 47.0
60.20926314224862 48.0
60.2093333160936 47.0
60.21737711235778 48.0
60.432232742681066 47.0
60.46512912137825 46.0
60.55421887333642 45.0
60.590620066904165 45.0
60.59472413970198 46.0
60.60263211863351 45.0
60.618047275956584 46.0
60.648632417788725 45.0
60.722835772979394 45.0
60.72804640076307 46.0
60.77036287934466 46.0
60.78241948334355 46.0
60.88045822559203 45.0
60.91529307273761 45.0
61.00189530657136 46.0
61.01653668022696 45.0
61.01964451566491 46.0
61.084865836536544 45.0
61.108083682796604 44.0
61.11018601251346 43.0
61.11505422358633 43.0
61.2074352031015 42.0
61.21823714622377 42.0
61.22926481382379 43.0
61.34284294933316 44.0
61.347596867066535 45.0
61.4288552980011 44.0
61.467279196462414 45.0
61.48323581801046 44.0
61.515129867574956 43.0
61.52015140940292 42.0
61.52667588106828 41.0
61.63425421291994 41.0
61.785484333567624 42.0
61.795246556624186 42.0
61.803229804070895 41.0
61.937408714524004 41.0
61.96925131574694 42.0
61.98414234088709 42.0
61.988219109704765 43.0
62.141155545569305 43.0
62.15247195780452 43.0
62.16035674510245 43.0
62.184296964941666 42.0
62.218973298263265 41.0
62.25093967019102 40.0
62.31047132168336 39.0
62.365059441356735 38.0
62.37024027306259 37.0
62.39968590855144 37.0
62.41260587314228 36.0
62.41370973659569 37.0
62.4657108962357 38.0
62.597108913791715 37.0
62.60967596966058 37.0
62.627362278419916 38.0
62.635611165296496 38.0
62.639481236208816 39.0
62.64088927455424 39.0
62.64683095009679 38.0
62.701644527216516 38.0
62.707059489385976 37.0
62.71035818124461 38.0
62.720158822600844 38.0
62.73930340587301 39.0
62.7412918937417 39.0
62.75654367103439 38.0
62.75872779075672 37.0
62.83593114416336 38.0
62.83639232624114 38.0
62.86617172901855 39.0
62.99349254528946 38.0
62.994646743827666 38.0
63.011051357223366 38.0
63.02642628102446 37.0
63.09277991206137 38.0
63.24363759739763 37.0
63.25564268459893 38.0
63.256153813973796 37.0
63.30571851746441 36.0
63.39360677700309 36.0
63.39500318479721 37.0
63.40114291080473 36.0
63.42082454789851 37.0
63.42262795796561 38.0
63.431365731811205 39.0
63.45489713600236 38.0
63.460801891374615 37.0
63.48730364097212 37.0
63.580488814473526 38.0
63.60093338185097 37.0
63.63371353947902 36.0
63.66349610025726 36.0
63.66453123782799 37.0
63.71640296043392 36.0
63.727710412058684 35.0
63.75623181928985 36.0
63.762316594772926 36.0
63.76792393539861 36.0
63.80775677381715 36.0
63.843167887247304 37.0
63.872738041556325 37.0
63.87870520770508 36.0
63.8907334464278 35.0
63.91856099036693 36.0
63.9601365516273 36.0
63.96097058527343 36.0
64.0047412939149 36.0
64.03741216457892 35.0
64.06837125185291 35.0
64.09678010261823 35.0
64.10466815157943 35.0
64.19875927865672 34.0
64.20484387533206 34.0
64.23078515003559 33.0
64.34855446770959 34.0
64.41129082111786 34.0
64.41443970087532 33.0
64.56610297159756 32.0
64.58340702316326 31.0
64.61208569611144 31.0
64.61773827001761 31.0
64.62682934845047 31.0
64.62731348807733 32.0
64.63316774225629 31.0
64.65716329058657 30.0
64.70805553885164 29.0
64.7177043148491 29.0
64.7204633919688 28.0
64.76667643671463 27.0
64.78343560734528 28.0
64.79159922554805 28.0
64.86198151484692 27.0
64.86385798925183 26.0
64.8710905655275 26.0
64.92751844239831 27.0
64.93116495972396 27.0
64.9764483337052 27.0
65.03647658701671 27.0
65.10052443976863 27.0
65.10114910836438 28.0
65.11884796042544 29.0
65.1391963127194 30.0
65.25895657153123 31.0
65.30578525630457 32.0
65.32623026947596 33.0
65.33124136123324 34.0
65.34460649037175 34.0
65.38208652904606 34.0
65.4017780780192 34.0
65.50233293225723 35.0
65.52725886080482 36.0
65.53983510519919 37.0
65.60230955977066 36.0
65.61944458723981 36.0
65.62881297592712 36.0
65.63015265232127 37.0
65.64139729834511 36.0
65.65236884155506 36.0
65.7170192542086 36.0
65.72420860864122 36.0
65.72470397983184 36.0
65.72771824299929 35.0
65.76037885783859 35.0
65.76311809268266 34.0
65.81177486084833 34.0
65.81656153754582 35.0
65.83243724875868 36.0
65.92136665822268 37.0
65.9826317817574 37.0
66.03883144218737 36.0
66.03955251163023 36.0
66.04484636526041 37.0
66.05184226973189 36.0
66.06218815271137 35.0
66.086263602012 34.0
66.09826230843915 34.0
66.1175243231844 33.0
66.15104434023159 34.0
66.16591653749825 35.0
66.18788816347923 36.0
66.2156552192207 35.0
66.21774441046908 34.0
66.27989490806833 35.0
66.29090923107555 36.0
66.30387358349465 36.0
66.31456753859287 35.0
66.32570344378684 34.0
66.32989414686976 35.0
66.37818617589153 36.0
66.39200803862121 35.0
66.40274463039667 34.0
66.40918179818988 35.0
66.42404532454584 36.0
66.43738895712038 37.0
66.50134466632944 36.0
66.57591245441698 37.0
66.67141398522519 37.0
66.72289185012437 38.0
66.76346132611624 38.0
66.79415114251411 39.0
66.87466915520385 39.0
66.88050285644827 39.0
66.91012628299252 40.0
66.91303143535187 41.0
66.9443094276824 41.0
66.97257069131413 41.0
67.01010677135652 40.0
67.07740654837147 39.0
67.09061884939574 39.0
67.10190579875963 39.0
67.12150040788029 40.0
67.22940435139166 41.0
67.25929603973445 40.0
67.27553021012808 39.0
67.29148782205598 40.0
67.34510182639933 41.0
67.3957429917084 42.0
67.42149226029733 43.0
67.44787017955449 43.0
67.50775920757644 44.0
67.51164348947631 44.0
67.51623138709873 44.0
67.56698360563044 45.0
67.57627831134955 44.0
67.59804588054854 44.0
67.6587203828497 43.0
67.66484462975924 43.0
67.67834142702704 44.0
67.73995858077846 45.0
67.7724717355114 44.0
67.7736321402975 45.0
67.7737276960177 44.0
67.77601739444589 45.0
67.80275060476667 46.0
67.82211680614527 45.0
67.89141351109775 46.0
67.90513137890012 45.0
67.90764884183396 45.0
67.91011503463622 46.0
67.92411860399876 45.0
67.96114665380387 45.0
67.9973310787172 45.0
68.0035317866149 44.0
68.03129868467866 45.0
68.03751463298407 46.0
68.07892085338098 47.0
68.10033798779784 47.0
68.10037957130758 46.0
68.17648564689205 47.0
68.19407056239531 47.0
68.22120300310026 47.0
68.22827993015873 46.0
68.25569424524724 46.0
68.32986460089813 46.0
68.34218205076681 47.0
68.38453086297363 48.0
68.40957112030138 49.0
68.45523376657373 48.0
68.53246746034485 49.0
68.57597482912186 48.0
68.61497003621837 49.0
68.6534375869692 49.0
68.69484522891622 49.0
68.7089928350914 48.0
68.71886019595676 47.0
68.72912946886278 47.0
68.73845015677746 48.0
68.79467945857506 48.0
68.81884081240841 49.0
68.86322657924893 49.0
68.95752707058449 49.0
68.9726030239383 48.0
68.97383438088497 47.0
68.97490009389368 47.0
68.97590228717092 47.0
69.03947078973833 46.0
69.04818502497515 45.0
69.0731474162542 44.0
69.09021679786535 45.0
69.09259379505994 46.0
69.12062878196777 46.0
69.1730440487707 47.0
69.2134445680244 46.0
69.21386187428469 47.0
69.22805479803844 47.0
69.2404326197257 46.0
69.25250986747959 47.0
69.2656128645641 46.0
69.26973895152845 47.0
69.3857276421853 46.0
69.39123044454942 46.0
69.3916665586356 47.0
69.40245061974079 47.0
69.53293555028229 47.0
69.61453754920947 48.0
69.63997554342816 49.0
69.74465337535668 48.0
69.76311384643436 49.0
69.78488754541236 49.0
69.81289155316475 50.0
69.83919966874176 49.0
69.90806674718894 48.0
69.95346001513043 47.0
69.9709046415655 48.0
70.01746768537407 49.0
70.0465876232511 49.0
70.05166156567138 48.0
70.07341244248903 48.0
70.10220888228525 48.0
70.11593207650782 49.0
70.12159928892441 50.0
70.13925509845933 50.0
70.1624302432029 49.0
70.18386180915127 50.0
70.24195817243252 51.0
70.24644115091853 51.0
70.25447110115145 50.0
70.27864250089742 49.0
70.28489642389671 49.0
70.2916265866852 48.0
70.36574683089064 48.0
70.38254428264035 48.0
70.40178705361983 47.0
70.51324021441194 48.0
70.54397422755218 49.0
70.57707470832251 50.0
70.59043760397813 49.0
70.59577053088725 48.0
70.65356871115851 48.0
70.75383504646398 48.0
70.80254451383915 49.0
70.81353103568192 48.0
70.84968192949368 48.0
70.87016170830444 49.0
70.92420156043934 49.0
70.92669325271386 50.0
70.93958137220493 49.0
70.94949568523225 50.0
71.00228692258568 51.0
71.02466631706478 52.0
71.05220035245522 52.0
71.10382921505015 52.0
71.35057614152889 52.0
71.38993771094006 53.0
71.46670922782559 53.0
71.47380068526037 54.0
71.55175681125937 53.0
71.57063663354681 52.0
71.57376968243247 51.0
71.5822336947671 51.0
71.58512390995463 51.0
71.58843970000336 51.0
71.83988010135258 52.0
71.89779322319241 51.0
71.90477744544435 50.0
71.90956104378577 51.0
71.93138903774422 51.0
71.97755330699015 51.0
72.0215501883814 52.0
72.09180973054485 53.0
72.10245164731505 52.0
72.26400673361404 51.0
72.32738261281527 51.0
72.41241810209816 51.0
72.45614013606054 50.0
72.46221712497271 49.0
72.64549558263202 50.0
72.65377292054639 50.0
72.67118692405228 49.0
72.68694544602502 50.0
72.68987720845031 51.0
72.70430827169245 52.0
72.74418775403377 52.0
72.78968620120085 51.0
72.79745533005679 52.0
72.79957738206033 52.0
72.80441076930366 51.0
72.89865455409371 50.0
72.93992829692856 49.0
73.06377717758112 50.0
73.13264194742656 50.0
73.13660416046059 49.0
73.1712326734408 50.0
73.21364299672659 51.0
73.2194856189534 50.0
73.23184067170169 51.0
73.27934599243464 50.0
73.28772791717154 51.0
73.29960539371301 52.0
73.38767996512485 51.0
73.42590049124664 50.0
73.4351615125132 50.0
73.4457809419816 51.0
73.53182448780849 51.0
73.63159826812526 50.0
73.63684756983413 51.0
73.67639691631904 50.0
73.70942660990555 49.0
73.73554197852539 48.0
73.82624489989622 47.0
73.83243298752069 47.0
73.84714517180954 48.0
73.90633063611001 48.0
73.91313699117413 47.0
73.92671617388326 48.0
73.9472799969461 47.0
73.97430061558072 48.0
74.00217168009415 48.0
74.02248037629799 48.0
74.11437580525812 47.0
74.13197476945626 48.0
74.15599575706874 49.0
74.20713578893547 50.0
74.25731589091309 50.0
74.2668516122815 51.0
74.2855496754605 52.0
74.35059636320544 51.0
74.36441825145576 52.0
74.39486324716566 53.0
74.39610803437881 54.0
74.43495963886139 55.0
74.44709813074878 56.0
74.45112040164932 57.0
74.45884177082372 56.0
74.55349215706615 56.0
74.57326993908637 57.0
74.62074848767607 58.0
74.68601424423298 58.0
74.70257364309086 57.0
74.71612013015324 58.0
74.72361018598356 59.0
74.82529845348984 58.0
74.83464080658406 57.0
74.839199152412 56.0
74.90313249949777 55.0
75.01415265389144 55.0
75.03731322337963 54.0
75.11748821994341 53.0
75.12008682629269 53.0
75.16586801483511 54.0
75.18671565475971 55.0
75.30569090926521 55.0
75.32563047183486 56.0
75.3286340805634 56.0
75.34577557510906 55.0
75.40846706249019 54.0
75.41908096604028 55.0
75.51071093502608 54.0
75.51732162197894 55.0
75.58507980362366 54.0
75.5987527020212 55.0
75.70122929748017 54.0
75.77877463559592 53.0
75.80932118880271 53.0
75.82024578708874 54.0
75.9342829977007 55.0
75.93476832608378 56.0
75.98388252081662 55.0
76.00756615331713 56.0
76.04750222252952 57.0
76.04862316927976 56.0
76.05049332408976 55.0
76.0763253105948 54.0
76.1021798374697 55.0
76.2172363707769 54.0
76.2253598723555 54.0
76.27833097807458 53.0
76.30342014278138 53.0
76.48265207696328 52.0
76.51862732327714 51.0
76.6039361609463 52.0
76.61061331875311 53.0
76.67604226894 52.0
76.69247834295312 53.0
76.73510684049754 52.0
76.77902781448394 53.0
76.86788029379181 53.0
76.87473537773505 53.0
76.88159103786047 52.0
76.88278356469313 53.0
76.92518209042542 54.0
76.94310096219019 55.0
76.9522015798749 55.0
76.98734362981008 55.0
77.06892258169262 54.0
77.0802606053322 54.0
77.16952242567068 54.0
77.18711337072928 55.0
77.33907589821301 54.0
77.41349584453393 54.0
77.43152291668348 53.0
77.5286984337873 54.0
77.54398909578762 55.0
77.54792319061849 54.0
77.72119437466777 53.0
77.79636793937394 54.0
77.82551688453535 55.0
77.89918832527133 55.0
77.98206339826046 54.0
78.03449247477718 53.0
78.15538612325955 52.0
78.16327203184098 53.0
78.19738008634675 54.0
78.25769210308697 55.0
78.2661758877525 54.0
78.2796021542456 55.0
78.33304210498525 56.0
78.33482569296248 57.0
78.34775488706306 57.0
78.36614455610373 57.0
78.41068113940854 56.0
78.41767688699508 57.0
78.47775597544633 56.0
78.5062622538599 55.0
78.60386635312423 56.0
78.63308238239621 57.0
78.69091266106469 56.0
78.84237177547443 55.0
78.8584369660524 54.0
78.96658450292554 53.0
78.97505858865429 52.0
79.03007039179546 53.0
79.08598591386672 52.0
79.10538178897879 53.0
79.12921041977314 53.0
79.1316823226973 52.0
79.14094316074747 52.0
79.15037928414922 52.0
79.1621337096211 51.0
79.17076920454382 51.0
79.20407017611217 52.0
79.31204328745541 53.0
79.35221676768823 54.0
79.36086751075305 53.0
79.46612535541206 52.0
79.4952985998816 52.0
79.525351660777 51.0
79.60425361577904 50.0
79.60797442389892 49.0
79.6106003607941 48.0
79.62738701585918 49.0
79.63807799078083 49.0
79.69266798476836 50.0
79.6945054935693 51.0
79.70962035311065 50.0
79.73762696232492 51.0
79.82660658783466 51.0
79.92026287160535 52.0
79.9285953085071 52.0
79.94469030945038 51.0
80.00844414153842 51.0
80.17521430164203 52.0
80.24080886252844 53.0
80.25039703537611 52.0
80.30252857675652 51.0
80.31461100434818 52.0
80.3200947962591 53.0
80.33399324376643 52.0
80.51976718707225 53.0
80.60588671679679 54.0
80.63324377634318 55.0
80.6663626631334 54.0
80.66705378852342 53.0
80.72528772049833 52.0
80.75167253919653 51.0
80.77091871193129 52.0
80.81877984448865 52.0
80.90616407850632 51.0
80.9799731109827 50.0
80.99291914923054 51.0
80.99531594240952 52.0
81.05583413381692 53.0
81.16719379065796 54.0
81.20833018824551 55.0
81.21457905746361 54.0
81.23159707826478 55.0
81.28364455532383 54.0
81.28717704218631 55.0
81.31085884832495 56.0
81.31795551359784 56.0
81.35914987754225 56.0
81.37286489343508 57.0
81.39692494558487 57.0
81.5326175235446 56.0
81.55827630993775 57.0
81.57781912437278 58.0
81.58302343847662 57.0
81.63480079466999 58.0
81.65200848191219 57.0
81.77236322383646 56.0
81.79454003880852 55.0
81.82154808071314 56.0
81.82324071918582 57.0
81.83774715825132 58.0
81.92646031257566 59.0
81.95023410492637 60.0
82.02837446862864 59.0
82.14582972447523 58.0
82.15316213273013 57.0
82.30809630041003 56.0
82.57564857761041 55.0
82.5771953723265 54.0
82.58953160869575 53.0
82.62646189202552 54.0
82.63550715160459 55.0
82.6414337605439 54.0
82.6522246632943 54.0
82.67866601944091 55.0
82.68073246852555 54.0
82.68273477658713 53.0
82.88000187737119 54.0
82.92453568382255 53.0
82.94382613074004 52.0
82.95200802569444 51.0
82.98620823652858 50.0
83.00385435773977 51.0
83.06648077439436 50.0
83.09991901664637 51.0
83.16972463629982 50.0
83.21391515787136 51.0
83.25568985629272 52.0
83.2622196317198 53.0
83.27520957328609 52.0
83.27915549627346 51.0
83.2810616073661 50.0
83.29268944859987 49.0
83.3664937758852 49.0
83.42833832610525 49.0
83.44190402044323 48.0
83.46388989039123 47.0
83.51574354542744 46.0
83.54550791116282 46.0
83.55168398883195 46.0
83.68629097612829 47.0
83.70234777705757 47.0
83.72347421098326 47.0
83.74351943321169 48.0
83.76375808345378 47.0
83.76882019326983 48.0
83.87230578151791 47.0
83.87431907167057 47.0
83.91779416981825 48.0
83.91891598744161 47.0
83.92475614524157 47.0
83.96423482490927 46.0
83.96591936554071 45.0
84.01132068317115 45.0
84.01494841654865 44.0
84.02438330816224 43.0
84.07263298142321 42.0
84.1136010166498 43.0
84.12825881984766 43.0
84.13746975476931 42.0
84.14514248681354 41.0
84.21207540255178 41.0
84.2300281642906 42.0
84.2524917592878 43.0
84.30942111876853 44.0
84.33593142078081 43.0
84.38991804044397 43.0
84.44367007393755 44.0
84.45689068657266 45.0
84.5281906108472 45.0
84.54645965236023 45.0
84.57885555837788 46.0
84.6082240652095 47.0
84.65951560181338 48.0
84.77562279351194 48.0
84.82287879038698 49.0
84.84524846784636 50.0
84.85467993767882 49.0
84.87756134712409 48.0
84.91879112071038 49.0
84.91983545463981 49.0
84.9534238328644 48.0
85.02273378016591 47.0
85.02741503496722 46.0
85.05887591390587 47.0
85.05976401577661 46.0
85.08489319144388 46.0
85.11458751414496 46.0
85.13507949638668 45.0
85.13801847911783 44.0
85.1409434268446 44.0
85.15181090350865 43.0
85.19014477943158 43.0
85.21924705157306 43.0
85.31949166776336 43.0
85.41778374755931 42.0
85.41832606184488 42.0
85.50321118008482 42.0
85.51331449324472 43.0
85.57790107018228 42.0
85.61754996630081 41.0
85.63091773373765 42.0
85.64168307567522 42.0
85.65380465571806 43.0
85.77170324557207 44.0
85.77754222965993 43.0
85.80307234009342 43.0
85.82944911058576 44.0
85.84991496690773 44.0
85.90245885814566 44.0
85.90407225587005 43.0
85.94665222463959 44.0
85.98306522741994 43.0
85.98354027076626 42.0
86.01107999808968 41.0
86.02767132266584 41.0
86.04794554735423 42.0
86.13127788020785 42.0
86.161760203244 42.0
86.19421957487592 41.0
86.34342324100461 41.0
86.36441106208704 42.0
86.39990394112662 41.0
86.43927645245435 40.0
86.46874752387173 40.0
86.49471133630689 39.0
86.49696398224073 40.0
86.50212377539826 41.0
86.54373262509463 40.0
86.54501663870322 41.0
86.55432541269761 42.0
86.57457625777141 42.0
86.6198277068534 43.0
86.6261275520506 44.0
86.63257467262319 43.0
86.66432852784693 42.0
86.67394164307606 43.0
86.68518212029456 44.0
86.71693930448242 43.0
86.73735655725976 44.0
86.74658985044869 45.0
86.79200260234838 45.0
86.80222139336522 44.0
86.82985901762166 43.0
86.83925671248588 44.0
86.86333791097302 45.0
86.94300912993982 45.0
87.04633223850152 46.0
87.0623112713144 45.0
87.14446535288882 44.0
87.15001843516055 45.0
87.23694308361385 46.0
87.27763420328782 46.0
87.28621362491668 45.0
87.30475001463867 46.0
87.37234433833547 45.0
87.40139325824451 46.0
87.41512708673208 46.0
87.42541891182826 45.0
87.46851589162098 44.0
87.52679875619377 43.0
87.56942109701222 43.0
87.57572963633623 44.0
87.61154910382642 45.0
87.65796104123123 44.0
87.66670175234015 43.0
87.68728659335484 43.0
87.76070081088201 44.0
87.78441167578323 44.0
87.80931276239752 43.0
87.85358664399958 42.0
87.90047098140448 42.0
87.91207539797456 43.0
87.91854337109486 42.0
87.93031300768587 42.0
87.97168355859739 41.0
87.99161082842464 40.0
88.06393612852993 39.0
88.07916687323343 40.0
88.10841863779363 39.0
88.11701902986968 38.0
88.12123993627883 37.0
88.19691652860826 37.0
88.20994906475204 36.0
88.3166115295404 35.0
88.32200718367118 35.0
88.3388963431292 36.0
88.34403217453766 37.0
88.47135157692011 37.0
88.49401460405994 37.0
88.50229738484425 36.0
88.54818964320204 37.0
88.56149237268956 37.0
88.56737563974725 36.0
88.67417629113746 36.0
88.68189079964998 35.0
88.6931802931155 36.0
88.75119471785641 35.0
88.75266538326927 35.0
88.75923110152674 34.0
88.75965107621553 35.0
88.78608473839505 36.0
88.83318666346992 37.0
88.83792559063043 37.0
88.94216259805144 38.0
88.9477656250118 37.0
88.95497152295466 37.0
88.98368123163328 38.0
88.9924647675101 37.0
89.00011094300365 37.0
89.0302820790818 37.0
89.03898326398316 37.0
89.05446538922753 36.0
89.05545496286568 37.0
89.0967840103711 38.0
89.14418463685861 38.0
89.16803802949318 39.0
89.17884779193022 39.0
89.21070231180337 38.0
89.25179693498606 38.0
89.25732927941277 38.0
89.2799685659756 39.0
89.28480729443176 38.0
89.31961808681906 37.0
89.35595670271192 36.0
89.39326936465604 37.0
89.40178190402774 37.0
89.41474939110341 36.0
89.43752966173595 37.0
89.46150691168224 37.0
89.48566605244466 38.0
89.57234959022973 39.0
89.59127952164887 39.0
89.59621172269601 38.0
89.59883626427828 39.0
89.61287967805438 39.0
89.64076985723307 40.0
89.65189611258377 41.0
89.77860175823811 40.0
89.78247639508251 39.0
89.86635584931837 38.0
89.88407990172534 39.0
89.9077475570118 38.0
89.92986157198807 39.0
89.96799626750351 39.0
89.96956222009744 40.0
90.01428863832555 39.0
90.06863592159434 38.0
90.09187436121711 39.0
90.10822658122459 40.0
90.10923327639694 40.0
90.1123450418468 39.0
90.13425417152388 38.0
90.1347086942397 39.0
90.16876747717853 40.0
90.19273673298103 40.0
90.22668715317707 40.0
90.23733205210404 39.0
90.25392124285948 40.0
90.26038073266403 39.0
90.26055864902635 40.0
90.28606304029375 40.0
90.29884268933507 41.0
90.32108522224361 42.0
90.40630917705239 41.0
90.4298546397 40.0
90.45566583006215 41.0
90.50882600777648 40.0
90.53618748321814 40.0
90.54916913818043 41.0
90.5955312947769 40.0
90.60660188122651 41.0
90.6205256882439 41.0
90.71594628681217 42.0
90.7266681436223 42.0
90.7374172195279 41.0
90.77088443494732 42.0
90.77947355382916 43.0
90.79993475378126 42.0
90.81176051340323 42.0
90.84315260924252 41.0
90.88377992935398 40.0
90.93350443562711 41.0
90.98108886605024 42.0
91.0073898424331 41.0
91.06557030631048 42.0
91.06903503178778 43.0
91.15961277500699 42.0
91.19311398129449 43.0
91.2036835004863 44.0
91.26329976560997 44.0
91.29848193815671 44.0
91.30806917707271 45.0
91.33821720080147 46.0
91.40469865317839 47.0
91.48144694990482 46.0
91.49244890201109 46.0
91.50275504200901 47.0
91.57011755905461 48.0
91.58170454791829 49.0
91.6298742315454 50.0
91.73669754430897 50.0
91.82593831033641 51.0
91.97175223385801 50.0
91.97410816403483 49.0
91.9967813095388 50.0
92.04358437822732 49.0
92.07499011989506 48.0
92.10849767480416 48.0
92.18315204094735 48.0
92.30152248808537 48.0
92.30526462438839 47.0
92.31672672348331 46.0
92.34724875634912 45.0
92.3634808773222 44.0
92.46390791759313 44.0
92.47837653732714 43.0
92.4957572662131 42.0
92.54797303759906 41.0
92.58997858575019 42.0
92.67301530608377 43.0
92.67569297488879 42.0
92.6777187736183 42.0
92.79826097848289 43.0
92.8292257738947 44.0
92.85632748688153 43.0
92.89896648092133 44.0
92.92275577936451 43.0
92.92763840823943 44.0
93.03330536537727 44.0
93.06995295887906 45.0
93.10326598471798 44.0
93.11830797261025 44.0
93.13353829605873 44.0
93.14950813387814 44.0
93.17763362023666 45.0
93.20419901686694 44.0
93.23131936440143 43.0
93.2501030990865 43.0
93.25394273482632 43.0
93.2557560583796 44.0
93.26761193802746 44.0
93.2729172681785 44.0
93.31749548231079 44.0
93.38836501835856 43.0
93.39391086208249 44.0
93.4562365017028 44.0
93.46495250840601 45.0
93.48376490804915 44.0
93.51173998585153 43.0
93.61323575554675 42.0
93.63120930369216 43.0
93.66655515849523 42.0
93.71713534038453 41.0
93.80472255974158 42.0
93.82297206980296 42.0
93.8459155940515 41.0
93.8463891797974 41.0
93.89631955131192 40.0
93.92739560340215 40.0
93.93139768530612 39.0
93.9715251196777 40.0
94.00461361718466 40.0
94.0155809433542 41.0
94.02636891607139 41.0
94.11905658551288 42.0
94.14753573562703 41.0
94.17025767388871 41.0
94.17778675348843 41.0
94.18577962135225 40.0
94.23333034847785 41.0
94.29159031378504 41.0
94.31309249170965 41.0
94.32639324621034 41.0
94.36751835680992 40.0
94.49739098171773 39.0
94.55349326536499 38.0
94.69025955806595 39.0
94.75463146646314 38.0
94.76010849699068 37.0
94.76115540225128 37.0
94.76678674829412 38.0
94.76871356508167 38.0
94.77164527995245 38.0
94.77523173268172 38.0
94.82607534221322 39.0
94.86380901511752 39.0
94.9381386479286 40.0
94.97242022427086 40.0
94.9734460600435 41.0
94.99192851933678 42.0
94.99908206400964 43.0
95.1090794686316 42.0
95.19736569529663 41.0
95.24055629723968 41.0
95.24354859540499 40.0
95.24897851390527 41.0
95.31671562351674 40.0
95.35813590628416 41.0
95.35891767979231 40.0
95.39396605376062 40.0
95.42971380862458 40.0
95.43591724478526 41.0
95.47987479880321 42.0
95.52624989635842 41.0
95.53012258265744 42.0
95.55022182809918 43.0
95.57876543867746 42.0
95.62237778828819 43.0
95.6624802354733 44.0
95.74995045183789 43.0
95.85349035448768 42.0
95.86312623806431 42.0
95.90057491968918 43.0
95.96852680800333 43.0
96.03167774847135 43.0
96.082450770908 44.0
96.11031296910056 44.0
96.11982128662588 44.0
96.1548916665667 43.0
96.16043469151666 42.0
96.20008723392765 43.0
96.23523019471206 43.0
96.25430098224673 44.0
96.29664467178425 45.0
96.38200818433684 46.0
96.39417771230427 45.0
96.45174650218111 45.0
96.47999721969545 45.0
96.55478180546116 46.0
96.69336391770149 47.0
96.75632110947338 47.0
96.82859352789163 46.0
96.9621621135819 45.0
96.9718670800859 45.0
96.99440611187761 44.0
97.00360653696184 43.0
97.03775524472051 44.0
97.05204508855881 44.0
97.12405324827031 45.0
97.15517482054973 44.0
97.19533148195316 44.0
97.217146216459 43.0
97.22245199339551 42.0
97.23003761092818 41.0
97.3450156150116 42.0
97.38223199910459 41.0
97.41425670945507 42.0
97.4441459572512 43.0
97.44889335912829 43.0
97.45637643358681 43.0
97.52285571407238 43.0
97.55325033140905 43.0
97.62305493773074 43.0
97.62991009827857 43.0
97.650280189924 42.0
97.70949818075357 42.0
97.73330444778821 41.0
97.73937632236542 41.0
97.81094256916863 41.0
97.81752220201476 42.0
97.87424038831125 41.0
97.89768276290887 41.0
97.94110824013728 41.0
97.95097862761523 40.0
97.98231304005292 41.0
98.07754953364032 40.0
98.07787684885996 40.0
98.14689835917211 41.0
98.17123557432447 40.0
98.21139558093888 39.0
98.23224324154403 40.0
98.31508456080725 40.0
98.35762353421802 40.0
98.36179445250922 39.0
98.37000250795238 38.0
98.3754081767776 39.0
98.42562866655248 38.0
98.44129536065277 39.0
98.48521654458554 40.0
98.48658906901272 39.0
98.55498864124453 39.0
98.558556432132 40.0
98.5744559861662 40.0
98.58908477763843 41.0
98.63989219384119 40.0
98.68175247667376 40.0
98.68303428801997 41.0
98.70112520259586 41.0
98.76243966639392 40.0
98.86289050103866 40.0
98.86481726035707 40.0
98.94625563949144 40.0
98.95969687782228 41.0
99.0075953281314 40.0
99.01741329072239 39.0
99.08718355087751 39.0