0.0 45.0
0.014563587063842197 44.0
0.02599601636218603 44.0
0.04283244338478483 43.0
0.05583989326573938 43.0
0.08342799743205861 43.0
0.10310715299370446 42.0
0.10733890234229171 41.0
0.10854606198084427 41.0
0.1180613387238549 40.0
0.14492317707458782 39.0
0.14529448215496668 39.0
0.15168132503337603 38.0
0.15870439465185845 37.0
0.19239759483534952 36.0
0.21559091953975704 35.0
0.22242406187798178 34.0
0.26405304844277294 34.0
0.33918028669450223 33.0
0.35204959886423726 33.0
0.35331757104487777 32.0
0.3773611884632746 32.0
0.3941195252048452 32.0
0.4462658848329025 31.0
0.46121170823901153 31.0
0.5079716024458545 31.0
0.5165908548873024 32.0
0.5248540914667034 32.0
0.5473632033978959 32.0
0.5517353736523497 32.0
0.6053421524316863 32.0
0.6463972764374237 32.0
0.6966691696103738 32.0
0.7673426683335157 32.0
0.7709922652871526 33.0
0.7834393242992584 33.0
0.8756168196616709 32.0
0.8804648940688176 33.0
0.928584918763724 33.0
1.0685396705287595 33.0
1.1234916408818365 34.0
1.1297398624388446 34.0
1.1324869929616914 34.0
1.1675288649178026 33.0
1.1928020129605679 32.0
1.2069142669846598 32.0
1.252975466527567 33.0
1.3143834746513818 34.0
1.318491342535361 34.0
1.3281672538950429 34.0
1.3427287582823595 33.0
1.359012111502976 33.0
1.3790751077119827 32.0
1.4029760244403575 32.0
1.4042658772363636 31.0
1.4403869710032413 31.0
1.4482198776842858 31.0
1.4713214151945386 30.0
1.4856111310376943 30.0
1.4923653185355452 31.0
1.5415167006703108 31.0
1.5558809302440961 31.0
1.6102942475046316 30.0
1.6397783601660403 29.0
1.6414388786350407 29.0
1.6514747077987617 29.0
1.653128315269645 30.0
1.678589390550879 31.0
1.692656357951851 30.0
1.7602510749162767 30.0
1.7709580554402913 30.0
1.7867076632575187 30.0
1.798327837250648 31.0
1.8024704026846747 31.0
1.8379385569457543 30.0
1.8485001587323395 29.0
1.8652356032730075 29.0
1.8757679519035013 30.0
1.8833916275036227 30.0
1.9412422351528629 31.0
1.9597636064956772 30.0
1.980053715026205 30.0
2.0179634414928898 29.0
2.067728173269253 29.0
2.094197958269556 28.0
2.101982657338637 29.0
2.11606149701264 29.0
2.1316580451948104 30.0
2.140402829616178 29.0
2.174108359570723 30.0
2.1777753848499772 29.0
2.1816368297474464 29.0
2.1875542730919078 28.0
2.1939883129118414 27.0
2.1940135821993785 27.0
2.2351995664171795 26.0
2.246557226009501 26.0
2.2519020734217325 25.0
2.25873387681623 24.0
2.2590429679916935 24.0
2.302185666135483 24.0
2.3227682829488625 25.0
2.332057072059924 24.0
2.342354343911237 24.0
2.36588214886895 23.0
2.406168205213677 22.0
2.423923006651174 22.0
2.429478926767595 22.0
2.4446213787896327 21.0
2.4982669219804454 21.0
2.5074428035971312 21.0
2.5405651590928633 21.0
2.5686830038570956 22.0
2.6218022215165777 23.0
2.63016420494044 22.0
2.6417276202140667 22.0
2.676288797713418 21.0
2.7007860863181423 21.0
2.7076585768428103 21.0
2.731495003219553 21.0
2.7414526176328624 20.0
2.757313697574061 21.0
2.7987652083411096 21.0
2.823695307805767 21.0
2.844663097773745 20.0
2.85526639925262 20.0
2.9117046613822044 20.0
2.9134606672872545 21.0
2.9210978327788832 21.0
2.942689519239342 21.0
2.9643620422069663 20.0
2.9660763052852284 20.0
2.967176001677615 21.0
2.9686985227956657 21.0
2.9786506852254235 21.0
2.9885242397310194 22.0
3.0106154577201214 22.0
3.0565469106226515 22.0
3.087217578639434 21.0
3.12772447106994 20.0
3.1605348496838688 20.0
3.167837526778059 21.0
3.2242169256195723 21.0
3.2330168731088826 21.0
3.2667823314225815 21.0
3.2671014518195727 21.0
3.297426986019748 21.0
3.299470112987738 21.0
3.309888291854948 21.0
3.310477089678541 21.0
3.3737871651869535 21.0
3.382502801042297 21.0
3.386615234136447 20.0
3.432571709269839 19.0
3.4376789445922395 19.0
3.477258473081159 18.0
3.4973505695262266 18.0
3.548357565632856 18.0
3.572618950511435 18.0
3.5946864398815284 18.0
3.6035397371719537 18.0
3.663322409627848 18.0
3.6652722030933864 18.0
3.6682739941538616 19.0
3.678011858495994 19.0
3.7001681252605043 19.0
3.726531024998773 18.0
3.7296432734428735 18.0
3.7484364121461624 17.0
3.784580018454691 18.0
3.819875498011712 18.0
3.8413713650455183 18.0
3.8557828283079947 19.0
3.9051642604023495 19.0
3.996655416604734 20.0
4.000376045671312 19.0
4.007495083181885 19.0
4.102259491952218 19.0
4.125120463408433 19.0
4.12956714453433 19.0
4.143759518201642 20.0
4.208121274091529 20.0
4.216934270928581 20.0
4.288640492742417 19.0
4.357180826123856 19.0
4.384377380300507 19.0
4.404897974010163 19.0
4.519307160837175 19.0
4.555813228404916 20.0
4.614881399122096 20.0
4.652763710423455 20.0
4.6677455730303175 20.0
4.681351167242613 20.0
4.711369934772522 20.0
4.714048840438959 20.0
4.765392178425834 20.0
4.77977680126905 21.0
4.787866281219476 22.0
4.801542043010099 22.0
4.802473459026717 22.0
4.803928758897023 23.0
4.822788048265277 23.0
4.827059850047553 23.0
4.844060608991257 23.0
4.878744503802085 22.0
4.967308577943062 23.0
4.995094639504899 23.0
4.9982246574509475 23.0
5.003195349519351 24.0
5.039153825885172 24.0
5.056012464954756 23.0
5.07877437896638 22.0
5.105731394526397 22.0
5.1286633281597815 21.0
5.159327899209479 21.0
5.15969719362698 22.0
5.173111633944497 22.0
5.17681703071121 22.0
5.178397213295275 22.0
5.201313033543345 21.0
5.204106644137037 20.0
5.215735599052909 21.0
5.272118463797308 20.0
5.291318100988015 20.0
5.299596511429914 19.0
5.312174089195166 19.0
5.343546577696512 18.0
5.352741191312771 17.0
5.353068222778205 17.0
5.3538361969360055 17.0
5.354690580111532 16.0
5.41110020601009 16.0
5.436518400812377 16.0
5.459388512528007 15.0
5.588750795655177 15.0
5.590422943890357 16.0
5.601435542099895 16.0
5.62360696970005 16.0
5.654870492627568 16.0
5.663050114351936 16.0
5.6762180476526884 16.0
5.6822005286414665 16.0
5.691227174749078 16.0
5.69203255270584 16.0
5.723263930020385 16.0
5.879546883196027 16.0
5.890896454536542 16.0
5.935218233616819 16.0
5.943050816894019 16.0
5.978492966377343 16.0
6.063041635280423 16.0
6.112457305373304 16.0
6.289750737185762 16.0
6.325889703515672 16.0
6.3516894450118055 15.0
6.35828243256295 15.0
6.37540296630485 15.0
6.377772717365093 15.0
6.4374141487467025 15.0
6.449523467626626 14.0
6.490684562688869 15.0
6.498071801324204 15.0
6.507636359022569 15.0
6.5378246462619884 16.0
6.565858736011377 16.0
6.577973139014703 17.0
6.579019936701808 16.0
6.637291954334454 15.0
6.6552991908156605 15.0
6.657857685683175 14.0
6.6762342315677765 13.0
6.697186521777118 12.0
6.743406456211758 12.0
6.771192543211482 12.0
6.785878287499679 12.0
6.802218108365401 13.0
6.817211832408291 13.0
6.8329678801101 13.0
6.854066815350841 14.0
6.862691523123962 14.0
6.870659511126365 14.0
6.942403966535237 14.0
7.0098538828076835 14.0
7.028784527557209 14.0
7.061844096037203 14.0
7.11846437487249 13.0
7.1201649462762 13.0
7.126390019027675 13.0
7.175224622723703 13.0
7.1869671016778796 13.0
7.241285899844437 13.0
7.286579302326549 13.0
7.342944678054295 12.0
7.371284077441619 12.0
7.420650595437038 11.0
7.436648444509717 11.0
7.50051426379216 11.0
7.509864809916339 11.0
7.514631274824312 11.0
7.542285845459597 10.0
7.56051208563488 10.0
7.5682932175068105 11.0
7.595716541361069 11.0
7.6190536513835525 11.0
7.656360268240784 11.0
7.695156873712345 11.0
7.69918967928733 11.0
7.87425677215279 11.0
7.88304072937175 11.0
7.900340140455419 12.0
7.983619428725074 12.0
8.018859902369789 12.0
8.050266627675475 12.0
8.140242672813685 12.0
8.149245498530865 12.0
8.186254061629846 12.0
8.21107833458151 12.0
8.25053021755805 12.0
8.251172399076617 11.0
8.26092239958471 11.0
8.296266109320307 11.0
8.387221850952805 10.0
8.399121924801317 9.0
8.480869238505807 9.0
8.483268692103334 8.0
8.598891103871482 9.0
8.607416488464455 9.0
8.702901039673723 9.0
8.737720100217542 9.0
8.752649290236151 9.0
8.773606975703585 8.0
8.803886992621328 7.0
8.85268252561781 7.0
8.891405601413114 7.0
8.982390079849392 7.0
9.001872703032538 7.0
9.004668639990525 7.0
9.019436014499531 7.0
9.107818617325565 7.0
9.177158055168398 7.0
9.19778529031312 7.0
9.221774240629417 7.0
9.35053518599698 7.0
9.381006863690063 7.0
9.401465489840634 6.0
9.438196026719115 6.0
9.451602036564493 7.0
9.509562840554056 7.0
9.524274053426247 7.0
9.533174871126164 7.0
9.547104680470131 7.0
9.551379464814321 7.0
9.55903513664612 7.0
9.605582298577382 7.0
9.65983710194432 7.0
9.678162471040846 6.0
9.685557634021785 6.0
9.800100579718013 6.0
9.824808446454854 6.0
9.863251896941998 6.0
9.871544782336791 6.0
9.880990319761732 6.0
9.94417603517135 5.0
10.011796492919538 5.0
10.037069816519601 6.0
10.038494733928971 6.0
10.041238592856512 6.0
10.08149611848298 6.0
10.14557880972539 6.0
10.157469330780092 6.0
10.200641097578476 6.0
10.310191441794098 6.0
10.330502635439288 5.0
10.456172096769205 4.0
10.45656439124995 4.0
10.482540330001946 4.0
10.528243152075815 4.0
10.540117992743761 4.0
10.587498633561003 3.0
10.591526581525601 3.0
10.6214624285836 3.0
10.82490656179144 3.0
10.830314516238802 3.0
10.833720621430981 3.0
10.878378334497521 3.0
10.896998078238157 3.0
10.983502250731982 3.0
10.986733112465904 2.0
10.99864708806039 2.0
11.105691695664605 2.0
11.115984698075229 2.0
11.131709705475657 3.0
11.222188263367356 3.0
11.267123101212082 3.0
11.358265843373124 3.0
11.39949913510082 2.0
11.436037104687227 2.0
11.461538429231293 2.0
11.495348646653987 2.0
11.553796336085846 2.0
11.559517837168961 3.0
11.69133487438079 3.0
11.69203849574963 3.0
11.745180226951234 3.0
11.844736783693156 2.0
11.890021226727178 2.0
11.94362297554995 2.0
11.98290219412338 2.0
12.02758984243606 2.0
12.029790352258962 1.0
12.0570843589042 1.0
12.092178283228298 1.0
12.118944174899106 1.0
12.125665105878099 1.0
12.126768302931604 1.0
12.255538368414634 1.0
12.299692569426217 1.0
12.468554100009214 1.0
12.499332100027893 1.0
12.553316809831212 1.0
12.631160336765701 1.0
12.678847911310896 1.0
12.767248066656851 1.0
12.845147776790663 1.0
12.882152969920623 1.0
12.913338063811613 1.0
12.948583660943022 1.0
12.963062666723712 1.0
13.059636499855948 1.0
13.078756856107603 1.0
13.190019031421622 1.0
13.26866694583803 1.0
13.31290068985191 1.0
13.32732503394489 1.0
13.364835233318672 1.0
13.429781237757263 1.0
13.44219356961209 1.0
13.483696662697668 1.0
13.670352538616026 1.0
13.71276579589071 1.0
13.716706465041485 1.0
13.74072462939426 1.0
13.772754200251343 1.0
13.817155608662077 1.0
13.880666867924816 1.0
14.07636240602193 1.0
14.12814601950408 1.0
14.190687462113493 1.0
14.206589884251882 1.0
14.218403253773987 0.0
14.223828734744062 0.0
14.268036036458827 0.0
14.270739444474355 0.0
14.439010425808501 0.0
14.58619652280456 0.0
14.726554887863507 0.0
14.78754687744114 0.0
14.802596726608915 0.0
14.971330759069257 0.0
15.431632915334234 0.0
15.581123869024026 0.0
15.635203243472295 1.0
15.680516165666837 1.0
15.840989310080797 2.0
15.921193980664318 1.0
15.97045669843798 1.0
16.297614494778784 1.0
16.486932704244207 1.0
16.645890141049968 1.0
16.923372024984214 1.0
17.182775091669612 1.0
17.241786425760534 0.0
17.43988887934115 0.0
17.777430383492458 0.0
17.89887811506131 0.0
18.120453730262728 0.0
18.179975793424692 0.0
18.634596459249785 0.0
18.73947764057777 0.0
18.783509284779704 0.0
19.005670229693052 0.0
19.140263274494618 0.0
19.174039851651237 0.0
19.233845414518434 1.0
19.314298169658677 1.0
19.473215815023366 1.0
19.5229788826643 1.0
19.836395966831493 1.0
19.890267277219106 0.0
19.900068178124375 0.0
20.346469872392674 0.0
20.56825831940686 0.0
20.581509636483773 0.0
20.613552755495633 0.0
20.922656528506316 0.0
21.855730335059075 0.0
21.947701014238895 0.0
22.024240498060106 0.0
22.21084645206896 0.0
22.3658339603407 0.0
22.38953124724592 0.0
22.394932860344937 0.0
22.496946491074787 0.0
22.58440834271946 0.0
22.74468931235295 0.0
22.825252063777207 0.0
22.9247735010535 0.0
22.982476039585563 0.0
23.078394399356366 0.0
23.125789918417738 0.0
23.268081071416447 0.0
23.387704880770684 0.0
23.545243094037396 0.0
23.561714451650122 0.0
23.681966711086364 0.0
23.83372017361702 0.0
23.852956589236918 0.0
23.872648289671666 0.0
23.951247442297184 0.0
23.985189807351155 0.0
24.00382984746187 0.0
24.301914612465257 0.0
24.31027197884276 0.0
24.34102487401075 0.0
24.357735289480164 0.0
24.39905504108641 0.0
24.53130155908123 0.0
24.53220411120431 0.0
24.6322432540028 0.0
24.76239958264299 0.0
24.796334699745497 0.0
24.971706048390665 0.0
25.059253359697344 0.0
25.170815366371716 0.0
25.19483419744871 0.0
25.321949724152198 0.0
25.335673938240415 0.0
25.41571688044174 0.0
25.439771266136173 0.0
25.583885776011215 0.0
25.59214333419541 0.0
25.837221472018687 0.0
26.084873733206337 0.0
26.2516347313434 0.0
26.357482877373105 0.0
26.529243523314054 0.0
26.572285945440104 0.0
26.654864766629185 0.0
26.676117959423447 0.0
26.685526677467493 0.0
26.76509090099035 0.0
26.95692791150729 0.0
27.204440642978142 0.0
27.222079776757656 0.0
27.261938863365735 0.0
27.34869890592439 0.0
27.459061191780375 0.0
27.477525233256042 0.0
27.536182792642908 0.0
27.551115590756254 0.0
27.700434417031147 0.0
27.765480326357018 0.0
27.861948877260048 0.0
27.94484442208509 0.0
28.014984417331625 0.0
28.169462653813447 0.0
28.427847506729563 0.0
28.53903107070917 0.0
28.790084540196908 0.0
29.023364406556762 0.0
29.08711573842117 0.0
29.126072435347602 0.0
29.213360982753816 0.0
29.219950727139924 0.0
29.230635235699957 0.0
29.51855983474757 0.0
29.63603475086202 0.0
29.841747588560526 0.0
29.899304975816023 0.0
30.220131392135368 0.0
30.2403366325611 0.0
30.280549646815224 0.0
30.597897574095942 0.0
30.605162449888613 1.0
30.812429476337634 1.0
30.918253448619478 1.0
31.0327050364057 1.0
31.1706340057372 1.0
31.27729535380347 1.0
31.29642826910156 1.0
31.422301633526256 1.0
31.50044873481356 1.0
31.658358278768322 1.0
31.664673563250528 1.0
31.84862891736202 0.0
31.884345918510537 0.0
31.92965561432105 0.0
31.949570837571457 0.0
32.094520506242745 0.0
32.19529108462917 0.0
32.208498081497986 0.0
32.22062886385142 0.0
32.297159135708974 0.0
32.41281526778443 0.0
32.56502695657969 0.0
32.57527593644071 0.0
33.02296732056996 0.0
33.09731132798711 0.0
33.36980332978254 0.0
33.36994285054267 0.0
33.48954952739305 0.0
33.57426903950823 0.0
33.68789285679883 0.0
33.79041611210736 0.0
33.82814449566977 1.0
33.83280531096461 1.0
33.902459396312395 1.0
34.08920365387214 1.0
34.093873602104495 1.0
34.11416008409434 1.0
34.1633850217376 1.0
34.21642366793517 1.0
34.23985622528011 1.0
34.2572881729178 1.0
34.28325904753215 1.0
34.33227220151515 2.0
34.359109000408985 3.0
34.473639896201504 3.0
34.496538742851065 3.0
34.5096384497875 3.0
34.64099374494372 3.0
34.72760798372173 3.0
34.86631744102517 2.0
34.89408095956527 2.0
34.897914087418954 2.0
34.97009905398543 1.0
35.03942842450201 1.0
35.07852363785032 2.0
35.092608368883056 2.0
35.1317496879968 2.0
35.226953562996094 2.0
35.28813536126279 2.0
35.30078133742493 2.0
35.53244862020035 2.0
35.57737828876667 2.0
35.61989297018913 2.0
35.62404077209815 2.0
35.662043884964675 2.0
35.693723082714826 2.0
35.745368686009094 2.0
35.75474501616384 2.0
35.852276904338886 2.0
35.89409749337268 2.0
35.89682202494786 2.0
36.008905978945776 2.0
36.07978028943869 2.0
36.08302707637464 2.0
36.20893604745768 2.0
36.23161958383275 1.0
36.32365001169031 0.0
36.3370706190222 0.0
36.340533362787426 0.0
36.47207325288661 0.0
36.50246768042573 0.0
36.50733629591019 0.0
36.52210244067213 0.0
36.57841164847777 0.0
36.59828161028378 0.0
36.63794613064076 0.0
36.64728093787509 0.0
36.93155439662047 0.0
36.93797259728627 0.0
37.04691640911431 0.0
37.13765318643721 0.0
37.14555986483245 0.0
37.280412422763796 0.0
37.45076935119383 0.0
37.48781870819797 0.0
37.76495962224894 0.0
37.81259414417669 0.0
38.19662071875138 0.0
38.198224020376934 0.0
38.25260007156706 0.0
38.25670591561655 0.0
38.38698545869431 0.0
38.46146402452725 0.0
38.46712443768685 0.0
38.51037002198044 0.0
38.85909968512243 0.0
38.87116835700436 0.0
38.96081151557551 0.0
39.03287086835842 0.0
39.25726785825276 0.0
39.35686537107155 0.0
39.38981192058308 0.0
39.50305998699398 0.0
39.5313398060348 0.0
39.58153751855753 0.0
39.660379587582746 0.0
40.363658397881416 0.0
40.540827996230874 0.0
40.76362239408353 0.0
40.916145286902164 0.0
40.95763786581713 0.0
41.01660254573917 0.0
41.16387912912163 0.0
41.16536176608252 0.0
41.41723286164799 0.0
41.48021163794117 0.0
41.48025360682645 0.0
41.48211775752963 0.0
41.50174133544092 0.0
41.58711750081742 0.0
41.63603855852446 0.0
41.80347455062418 0.0
41.84382252572609 0.0
41.89825487823937 0.0
42.241866780822356 0.0
42.245500670644326 0.0
42.59482696472637 1.0
42.80330718147026 1.0
42.86791976554345 1.0
42.882447661879105 0.0
42.9722383267364 0.0
43.04871566956813 0.0
43.060649058767595 0.0
43.16673058217401 0.0
43.189051676944445 0.0
43.193580694591006 0.0
43.28403777553515 0.0
43.5029415453997 0.0
43.50608048488706 0.0
43.5108138929425 0.0
43.607957157830405 0.0
43.66242036609803 0.0
43.72564517924335 0.0
43.80030265499915 0.0
43.80110799707388 0.0
44.02554101713449 0.0
44.0642709895071 1.0
44.199990013695256 1.0
44.26248164392616 1.0
44.268320890493754 1.0
44.26988892531024 1.0
44.456991440813134 1.0
44.58574673389944 1.0
44.62017114888806 1.0
44.63374467233871 1.0
44.64789143716488 1.0
44.72509373305735 1.0
44.72668987637939 2.0
44.74153058174113 2.0
44.97020846637515 2.0
45.042221851310266 2.0
45.047939565321876 2.0
45.15724037479477 2.0
45.20560896770771 2.0
45.32059893763812 2.0
45.40641221128287 2.0
45.66659526114329 1.0
45.74788682674411 1.0
45.76997898325536 1.0
45.776194354031325 1.0
45.91016543135405 1.0
46.001533165943776 1.0
46.04021970558401 1.0
46.086946367416395 1.0
46.16475886619906 1.0
46.18802760445802 1.0
46.26453697972351 0.0
46.824276679257 0.0
46.83650573027843 0.0
46.896157310283094 0.0
47.081881652876035 0.0
47.269570417011145 0.0
47.47882462939199 0.0
47.82816385216995 0.0
48.1724188246931 0.0
48.256215142194925 0.0
48.50854714477135 0.0
48.60714232811505 0.0
48.82215150483536 0.0
48.95483768294404 0.0
49.785843189848464 0.0
50.26127177199038 0.0
50.30273743130973 0.0
50.388144148925484 0.0
50.557293833705515 0.0
50.58239469504377 0.0
50.89410347446793 0.0
50.89573884895127 0.0
50.90697413251855 0.0
51.054873084539686 0.0
51.080785572378694 0.0
51.14588637339248 0.0
51.34380515431042 0.0
51.38456537767039 0.0
51.58534839317981 0.0
51.84290364054818 0.0
51.93650601492204 0.0
51.97468651933507 0.0
52.02327236221337 0.0
52.086169043184384 0.0
52.09060596351981 0.0
52.11501748271522 0.0
52.32869159206019 0.0
52.37808955311453 0.0
52.385792964614 0.0
52.5244073227962 0.0
52.74472799448243 0.0
52.89553949483888 0.0
53.00478683897565 0.0
53.04299263086687 1.0
53.080645009373214 1.0
53.186663918560505 1.0
53.29228047807056 1.0
53.35312421375158 1.0
53.56776671259153 1.0
53.626411915722784 1.0
53.71559189670062 2.0
53.894149954522376 2.0
53.94668190407449 2.0
54.18049446991275 2.0
54.24412567236253 2.0
54.24953592133056 2.0
54.37877299180677 2.0
54.45691892558074 2.0
54.50735929817243 3.0
54.552904172109244 3.0
54.65049807411313 3.0
54.744496816416934 2.0
54.768425439798676 3.0
54.877390513888436 3.0
54.92340707804054 3.0
54.94555788630339 3.0
55.03924106207794 3.0
55.0527951353738 3.0
55.05562934268744 3.0
55.060632464852624 3.0
55.10755885717984 3.0
55.12852539008254 3.0
55.27037598837551 3.0
55.41576696320928 3.0
55.46097638308954 3.0
55.49704428374499 3.0
55.56928577666863 3.0
55.589925945285394 2.0
55.60264686452176 1.0
55.622262730331826 1.0
55.71212927451561 1.0
55.74634778404681 0.0
55.771360020614466 1.0
55.7847746401269 1.0
55.89151215480121 1.0
55.894294407007955 2.0
55.90043514166583 2.0
55.948624209310886 2.0
55.970709199232054 2.0
56.03590117324724 2.0
56.19497482874326 2.0
56.225771296708814 1.0
56.43630904483641 1.0
56.623381554473724 1.0
56.669475066407465 1.0
56.810514140339954 1.0
56.8391275843835 1.0
57.002683751511256 1.0
57.14268680696881 1.0
57.23888208774759 1.0
57.261987435882055 1.0
57.31402416982675 1.0
57.55350366487321 1.0
57.55525939119761 1.0
57.59173035588855 1.0
57.72768411549112 1.0
57.82430574276734 1.0
57.9508158470546 1.0
58.091474233856964 1.0
58.16372430980136 1.0
58.27700302334029 1.0
58.364644445424574 1.0
58.405474651216075 0.0
58.42460724545446 0.0
58.576668705551576 0.0
58.62056467037119 0.0
58.69104325708018 0.0
58.72360249531734 0.0
58.87705088808198 0.0
58.97775599149535 0.0
59.15910431429395 0.0
59.1903666173356 0.0
59.27378365448279 0.0
59.333559219199756 0.0
59.42099349321737 0.0
59.48544558335097 0.0
59.5564141835641 0.0
59.615335978354025 0.0
59.72708274029467 0.0
59.758725277204604 0.0
59.824308145572765 0.0
60.331333744883715 0.0
60.40301877210054 0.0
60.41485933144954 0.0
60.42737948370314 0.0
60.42823451397369 0.0
60.45071123458373 0.0
60.56614950787275 0.0
60.76643276001939 0.0
60.85094201613101 0.0
61.00635689352153 0.0
61.0182324825715 0.0
61.19665096986117 0.0
61.28863765259684 1.0
61.400124635847064 1.0
61.94265294723617 1.0
61.96278718295461 1.0
62.066603514045845 0.0
62.159475638690786 0.0
62.23875686203751 0.0
62.2574403623945 0.0
62.347285437379924 0.0
62.36791908290758 0.0
62.41450851971588 1.0
62.43141671593096 1.0
62.52807162088408 0.0
62.67244934591011 0.0
62.69176264122544 0.0
62.72759901601601 0.0
62.73157773905543 0.0
62.757055414329955 1.0
62.764009429914985 1.0
62.78890918969218 0.0
62.80747161502563 0.0
62.89014647956716 0.0
63.02620287222607 0.0
63.0690225039871 0.0
63.0982608485429 0.0
63.38993857360519 0.0
63.821473410275175 0.0
63.82575201781732 0.0
63.842324182522866 0.0
64.02677251929519 0.0
64.40414026269195 0.0
64.41852676105373 0.0
64.58839299846444 0.0
64.6022322678241 0.0
64.67072428119839 0.0
64.69057190813358 0.0
64.71657742509413 0.0
64.7559315739182 0.0
64.83267613265981 0.0
64.91237066082802 0.0
65.06540361023028 0.0
65.17235423643521 0.0
65.18146868024532 0.0
65.24685081249285 0.0
65.32932584423195 0.0
65.37982591242282 0.0
65.45496388524101 0.0
65.58175401474058 0.0
65.66172089713088 0.0
65.73950614038941 0.0
65.76892889948847 0.0
65.89804304067584 0.0
65.99047958568278 0.0
65.99230929677425 0.0
66.21358107950392 0.0
66.24514375257398 0.0
66.56735733618765 0.0
66.64911124527073 0.0
66.88463599752906 0.0
66.96439503584915 0.0
67.09208026967372 0.0
67.47848185717051 0.0
67.60654750552713 0.0
67.85030241053587 0.0
68.27756608589416 0.0
68.40062515444386 0.0
68.43504808998591 0.0
68.48193732496254 0.0
68.70979879954366 0.0
68.99789974331449 0.0
69.06650624100625 0.0
69.09988666751124 0.0
69.33856682044004 0.0
69.52605372373326 0.0
69.54837086163613 0.0
70.03746019571327 0.0
70.23211075532437 0.0
70.54027791615741 0.0
70.57908849350208 0.0
70.58675781371136 0.0
70.63044011240389 0.0
70.65523117957522 0.0
70.67997294893041 0.0
70.68011591171356 0.0
70.7711734750297 0.0
70.78576966287568 0.0
70.79121096225718 0.0
70.98180276937703 0.0
71.12821596606958 0.0
71.22083580213626 0.0
71.23139637015814 0.0
71.3903366684712 0.0
71.4269586128742 0.0
71.59427031364189 0.0
71.61255896832527 0.0
71.72184339860682 0.0
71.8166958027406 0.0
72.09719370317788 0.0
72.22826979000153 0.0
72.27374055333945 0.0
72.27715326635953 0.0
72.52856397636111 0.0
72.68654368272794 0.0
73.02738535508571 0.0
73.30410748437914 0.0
73.36018100287481 0.0
73.36838034804907 0.0
73.54948550118156 0.0
73.59554331422024 0.0
73.61411800380633 0.0
73.72182775609242 0.0
74.15435732454212 0.0
74.1701091378558 0.0
74.35995192073246 0.0
74.64259805562963 0.0
74.7022246147202 0.0
74.92053762670376 0.0
74.95111735459892 0.0
75.74665501659106 0.0
75.75786849867364 0.0
75.79963214287874 0.0
75.8540628982733 0.0
75.90568534907958 0.0
76.2062225259036 0.0
76.29664382009956 0.0
76.35384001133785 0.0
76.59135086652027 0.0
76.59843227377783 0.0
76.6299138487177 0.0
76.67870638837002 0.0
76.76587747673697 0.0
76.77839411896211 0.0
76.7999862395261 0.0
77.09475846847644 0.0
77.12169687038107 0.0
77.51776214939359 0.0
77.5648483904854 0.0
77.58464282270877 0.0
77.67750576069767 0.0
77.68363702940724 0.0
77.77639569650174 1.0
77.94312826682005 0.0
78.28820422573871 0.0
78.2883649915578 0.0
78.613048186132 0.0
78.62249295609718 0.0
78.65898949933272 0.0
79.03346744335254 0.0
79.1225156832913 0.0
79.2325392191308 0.0
79.45617409083304 0.0
79.54158468961604 0.0
79.72717728292707 0.0
79.99063470979954 0.0
80.12166188246994 0.0
80.19804035445954 0.0
80.24393648301859 1.0
80.25123351342552 1.0
80.34635398183248 1.0
80.36687243957874 1.0
80.37223228737277 1.0
80.46524388544546 1.0
80.52533855699134 1.0
80.61908614767376 1.0
80.62991832823018 1.0
80.73795460571195 1.0
80.7974673228666 1.0
80.90914045187031 1.0
81.03658046067012 1.0
81.19339550601705 1.0
81.21091089911987 1.0
81.29967358849245 1.0
81.31702975301489 1.0
81.53517461822463 0.0
81.58272124036566 0.0
81.7303991797939 0.0
81.7391385119649 0.0
81.77946167101025 0.0
81.90488003065366 0.0
81.92089509778549 0.0
81.95903263791627 0.0
82.19215127566797 0.0
82.3447729894944 0.0
82.42909845903229 1.0
82.51335555636618 1.0
82.56870474989513 1.0
82.83291592516386 1.0
83.04279930573561 1.0
83.15672759347382 1.0
83.26485061981124 1.0
83.31575445686764 1.0
83.35024607414339 1.0
83.35187281659515 1.0
83.35256428491888 1.0
83.51344210372524 1.0
83.56574586577534 1.0
83.58171244738952 1.0
83.66017030054694 1.0
83.78184350705489 1.0
83.8226157915454 0.0
84.0620584857051 0.0
84.08746534852493 0.0
84.19474371865853 0.0
84.48083694517089 0.0
84.58431401437119 0.0
84.80675906122148 0.0
85.3067282441802 0.0
85.37882314319886 0.0
85.42773905010434 0.0
86.03715378535014 0.0
86.29908378634981 0.0
86.37216766091815 0.0
86.41177836987747 0.0
86.54555386406635 0.0
86.70942024825354 0.0
86.82108442476138 0.0
87.14629568594216 1.0
87.56167450618737 1.0
87.63589063374796 1.0
87.66083616062646 1.0
87.72884365915104 1.0
87.77954873174401 1.0
87.83337533072584 1.0
87.87972203328731 1.0
87.88367436560378 1.0
87.93348699349004 1.0
88.2216949851402 1.0
88.26796990678586 1.0
88.31120584326959 1.0
88.3338497276542 1.0
88.43278944031208 1.0
88.60721092716267 1.0
88.64856213211692 0.0
88.7179771451441 0.0
88.77513131577264 0.0
88.93285344469864 0.0
88.98189960590528 0.0
89.01412274102744 0.0
89.68800456607056 0.0
89.74171762013029 0.0
89.74351269308295 0.0
89.80328195114691 0.0
89.86203765628377 0.0
89.86324499333747 0.0
89.95970679007407 0.0
90.00441170717654 1.0
90.03680699460035 1.0
90.07531076397208 1.0
90.09727363750652 1.0
90.17758162599551 1.0
90.34086098222303 1.0
90.35285350578276 2.0
90.47436005608948 2.0
90.50236110029408 2.0
90.66223553143577 2.0
90.77230138283261 2.0
90.77454627649836 2.0
90.80939578870804 2.0
90.81213886250423 2.0
90.82287719520912 3.0
90.84838388165745 2.0
90.85518919242877 2.0
90.87908400009108 2.0
90.98132487576922 2.0
91.16217583883986 2.0
91.23614782480367 2.0
91.25389769905264 2.0
91.2593815765741 3.0
91.3131506811236 3.0
91.36548308834519 3.0
91.37045339770265 3.0
91.40896960582307 3.0
91.41817097760769 3.0
91.43735273541776 3.0
91.44134380364665 3.0
91.44653676200825 3.0
91.5570759199695 3.0
91.57916823552387 3.0
91.60450775298774 3.0
91.62247160553125 3.0
91.62858889766689 3.0
91.6353538474211 3.0
91.65358760336919 2.0
91.8904047330864 1.0
91.89215558008256 1.0
91.91215112167295 1.0
91.9973954925711 1.0
92.17393152986232 1.0
92.17964483615067 1.0