0.0 45.0
0.05569026099244659 44.0
0.06103352577370332 43.0
0.06952214515435393 43.0
0.08863954169310351 42.0
0.09707679221619829 42.0
0.11664662155123788 42.0
0.13678005106924096 41.0
0.14583274791478107 40.0
0.15342401917600884 39.0
0.21944701105459402 40.0
0.2455987430550456 40.0
0.2461532757093479 39.0
0.2532817852073091 40.0
0.2605927464245513 39.0
0.26883787844222895 39.0
0.2693429537846543 38.0
0.28514074361656344 39.0
0.3407429094887552 39.0
0.3544891247375709 39.0
0.3633848962665436 39.0
0.3830129568731064 39.0
0.3865125170791864 38.0
0.4007495940717914 37.0
0.4225049203168264 36.0
0.42861334428568276 36.0
0.43521482885543 35.0
0.45365286756613965 35.0
0.4556538239025728 36.0
0.4699302171094951 35.0
0.4735955760178568 34.0
0.4737287385577926 34.0
0.47375507148835483 34.0
0.5429463141444304 33.0
0.552319156301905 33.0
0.5797220375130231 33.0
0.6144845108851618 33.0
0.6236057763001005 32.0
0.668740259496601 32.0
0.6860021433801359 31.0
0.7416388535933167 32.0
0.7802767625875295 31.0
0.7995686616546359 30.0
0.8821093181136324 30.0
0.8822025747871814 30.0
0.8878812991358426 29.0
0.9157879932694389 29.0
0.9545510835952985 28.0
1.0230756670355212 29.0
1.032365708455988 29.0
1.0631399035287854 29.0
1.101972246888452 30.0
1.139140761107785 29.0
1.1463481788751737 29.0
1.2499471414282775 28.0
1.2958170642771611 28.0
1.3677674497575292 28.0
1.3732307046110421 28.0
1.384492915976803 29.0
1.424321941129309 29.0
1.4550007805227512 28.0
1.4789972876415745 27.0
1.4888381826286854 27.0
1.49235961153465 27.0
1.5033984483835092 27.0
1.5038022977982455 27.0
1.5430759261295317 27.0
1.6393494835020235 27.0
1.6428636023041332 26.0
1.6585840990705225 26.0
1.699919988283406 25.0
1.7119373429611984 24.0
1.8290184057948073 23.0
1.829994873554248 22.0
1.8315578931418925 21.0
1.8664458971538387 21.0
1.8673111391801809 20.0
1.8776684628378637 20.0
1.8923017685458887 19.0
1.9151917408448043 19.0
1.9438919494109168 18.0
2.003814927757545 19.0
2.0226506374023336 19.0
2.039107386474256 20.0
2.0459676477739883 20.0
2.0681909364539224 21.0
2.0827375317963774 21.0
2.100695871258926 21.0
2.1168312046520743 22.0
2.1312493668711228 22.0
2.1503640936515422 23.0
2.182718406315579 22.0
2.186670656802773 22.0
2.198475828656146 22.0
2.258542796224277 21.0
2.271994906630309 21.0
2.303487423549891 22.0
2.3127233885236396 22.0
2.3369291887645804 23.0
2.3375056055070744 23.0
2.369922207013477 23.0
2.3902727307583325 23.0
2.3957153221253935 24.0
2.407690888554446 25.0
2.4247490262015003 25.0
2.4728557094238535 25.0
2.5038045214539646 26.0
2.513446373045683 26.0
2.518212184667943 27.0
2.5207612185354686 27.0
2.5438682330899693 27.0
2.5774483162805955 26.0
2.581939578688364 25.0
2.613540044103512 25.0
2.7531732657669243 25.0
2.754264934258455 25.0
2.787083710355792 25.0
2.8024987027851473 25.0
2.8025816379983692 25.0
2.8063283145547153 26.0
2.809149530263489 26.0
2.8373528678648317 27.0
2.8676502053498716 26.0
2.9033236770590447 25.0
2.9111067238324746 25.0
2.933874044717092 25.0
2.950872980579477 25.0
2.975976017821142 25.0
2.999605432596109 26.0
3.006665616474809 25.0
3.0352188981459096 24.0
3.053134031539471 25.0
3.1118938723856515 25.0
3.1482086936297695 24.0
3.155816795347759 23.0
3.180571719909223 23.0
3.1842254765071667 24.0
3.2022525182331063 23.0
3.235367621109367 24.0
3.2667485904301543 25.0
3.283426912183947 25.0
3.2838057728688392 26.0
3.2960561501283365 26.0
3.3240164784390296 25.0
3.3358767317473488 26.0
3.370743654789027 26.0
3.404140223131058 26.0
3.4315501859763837 27.0
3.4353281750931584 26.0
3.452183706971482 25.0
3.4805838932509987 24.0
3.48337433105058 25.0
3.4837670207129676 24.0
3.49143695607266 24.0
3.529132361249269 24.0
3.5725082595472752 24.0
3.589491318391723 25.0
3.6054068348016015 25.0
3.636580639681502 25.0
3.6586787459366614 25.0
3.6617261716388096 24.0
3.7206739038540118 24.0
3.754977099815509 24.0
3.768620505524919 24.0
3.7737279608506595 23.0
3.777287972871074 24.0
3.810017212034179 23.0
3.829098616788905 22.0
3.834957668557812 23.0
3.9319495961735087 23.0
3.9347143985463826 23.0
3.9356695774795534 23.0
4.001468157915879 23.0
4.091722027598833 23.0
4.13419346973058 24.0
4.146655471263932 25.0
4.15037526993207 25.0
4.187686457045665 24.0
4.191565619955091 25.0
4.208116658207135 25.0
4.25878959778473 25.0
4.265474212565633 24.0
4.321430527654351 24.0
4.355252745357847 24.0
4.369362523556733 25.0
4.382444890410276 25.0
4.393120737377409 24.0
4.416109366289653 24.0
4.436582246442424 25.0
4.471928300480201 24.0
4.473366529488806 23.0
4.486176588120876 23.0
4.506366163109866 23.0
4.518216031949251 23.0
4.526557845193268 22.0
4.537875685799432 21.0
4.541926976934936 22.0
4.5926442296727545 23.0
4.620557003701357 22.0
4.62699727845749 21.0
4.651943950877647 22.0
4.6630999587844135 22.0
4.682208869624544 22.0
4.740093688244932 22.0
4.746354866587384 21.0
4.777291896901641 20.0
4.814219914175671 20.0
4.898491476212231 20.0
4.8994935655149705 20.0
4.940833357017306 20.0
4.94773914451296 20.0
5.017754769505044 21.0
5.0703510035933315 21.0
5.097797827355197 21.0
5.10703079356451 20.0
5.147311961623631 21.0
5.1716087197589795 21.0
5.201717437296701 21.0
5.230107057931316 21.0
5.322612797401227 22.0
5.336547960898242 23.0
5.34263792802946 22.0
5.378004759539403 23.0
5.44654329777219 24.0
5.464039456131945 24.0
5.469047983119085 24.0
5.480424729432043 23.0
5.572851030637248 24.0
5.582833957203701 24.0
5.621963140056525 23.0
5.632579070479848 22.0
5.695270738302058 21.0
5.725805980620699 21.0
5.73419758730202 21.0
5.743495035476161 21.0
5.78980252594536 21.0
5.830885615271041 21.0
5.83402193078323 21.0
5.876491271488849 22.0
5.942572787917247 22.0
5.954367614933812 22.0
5.970043914840431 22.0
5.996614139089364 23.0
6.003812326453112 23.0
6.022878626845335 23.0
6.04430444267554 23.0
6.087716065160547 23.0
6.13284136591869 24.0
6.1662845675242135 24.0
6.181342690144552 24.0
6.20386703227989 24.0
6.2204651313126815 25.0
6.226839997394648 26.0
6.228236060833106 27.0
6.261408781478895 28.0
6.268996719102588 28.0
6.300168426898118 28.0
6.334016459265669 29.0
6.362659362418446 30.0
6.3772085253970054 30.0
6.382608669614964 30.0
6.424490990689215 29.0
6.43183553397048 28.0
6.444102652675789 27.0
6.449359091600999 26.0
6.461890030127643 26.0
6.470684913511503 25.0
6.503067510506907 25.0
6.536772491732292 25.0
6.580072362775036 25.0
6.5871907809673536 26.0
6.620848938924553 26.0
6.622358503680541 25.0
6.64251655205544 25.0
6.66324799105806 25.0
6.714750741363937 26.0
6.737442385392461 26.0
6.738222482317033 26.0
6.753446697287071 27.0
6.78135803732323 27.0
6.823001059961387 26.0
6.8282137576969815 26.0
6.842655986279027 26.0
6.871267011692837 26.0
6.875962562467971 26.0
6.885734076250854 27.0
6.905836860674218 28.0
6.906763302017051 27.0
7.005113469428202 27.0
7.03609266301185 27.0
7.046264832643963 27.0
7.085351984104727 28.0
7.175573893461611 28.0
7.182480802837365 28.0
7.246611957823853 28.0
7.256374393233238 27.0
7.25881824279719 27.0
7.2848026234953 26.0
7.319402241031577 26.0
7.323063573630601 26.0
7.344982869042878 26.0
7.357493584194972 26.0
7.3990029577638605 27.0
7.400752526819045 26.0
7.416619587304221 26.0
7.421872829880251 26.0
7.437494086515027 27.0
7.471240507722955 27.0
7.579253039809391 27.0
7.608817548024276 27.0
7.615009297342678 27.0
7.646593665327151 27.0
7.665778026351594 27.0
7.733293192146976 26.0
7.78640826385505 25.0
7.805895917348899 25.0
7.81949783379867 24.0
7.82805346491083 25.0
7.833648202193989 26.0
7.882122457356201 27.0
7.882923818189029 27.0
7.895585672969872 28.0
7.932222150646576 28.0
7.941966808832413 28.0
7.962842114384001 28.0
7.969156276821377 27.0
8.017134539653371 27.0
8.05220485444533 26.0
8.07432407512764 27.0
8.113801255815524 27.0
8.121992930747485 27.0
8.163651785523642 28.0
8.174457906681171 29.0
8.234098655374414 29.0
8.269022255331489 30.0
8.278556004743466 29.0
8.292720944291766 29.0
8.308575467427467 29.0
8.316451411264616 29.0
8.375420961305718 29.0
8.421842198014195 28.0
8.431756198040013 28.0
8.43439011168435 29.0
8.450302248579225 29.0
8.460031760861884 29.0
8.492196308250918 29.0
8.557944857624529 29.0
8.615784680147494 29.0
8.616654837016172 30.0
8.670030934119717 30.0
8.672955523571648 30.0
8.706993981587342 30.0
8.722584981121278 30.0
8.728807391763178 30.0
8.762172710327489 30.0
8.763928474956828 30.0
8.783422102274592 31.0
8.787929468118342 31.0
8.801575102578447 32.0
8.816092364873391 33.0
8.908140440962583 34.0
8.941366874687324 34.0
8.97252460539668 34.0
8.973791976000141 34.0
8.984642189318624 35.0
8.992151133908262 35.0
9.019547913012236 35.0
9.019955436011047 34.0
9.02275064694677 35.0
9.05617600320447 35.0
9.057468174594437 34.0
9.087234115792215 34.0
9.0980574757469 34.0
9.100533806412855 34.0
9.146465064613764 33.0
9.19284216773689 33.0
9.194907274560903 33.0
9.19495785948402 32.0
9.228595622492564 33.0
9.272284717313388 33.0
9.312882765865613 34.0
9.315541583596985 34.0
9.315850401062438 35.0
9.334206437531597 36.0
9.362787708481015 35.0
9.363952669296511 35.0
9.3678867125274 34.0
9.370371070845396 34.0
9.437739989276738 35.0
9.440930360153452 34.0
9.482250264245575 33.0
9.49205414419644 34.0
9.508939041099033 33.0
9.509413827178896 33.0
9.512010099651791 33.0
9.512925655561746 34.0
9.517562653801418 35.0
9.540852953213935 36.0
9.553867641570271 36.0
9.556195405620375 37.0
9.594423464438371 37.0
9.595088885095036 36.0
9.686716469622514 36.0
9.696843046236966 36.0
9.721493835747413 36.0
9.721956785957392 37.0
9.722532217418545 37.0
9.744590753475942 37.0
9.748304530493044 36.0
9.800477928254429 36.0
9.823701112737462 35.0
9.825301901627894 35.0
9.833476433279756 35.0
9.84382698482181 34.0
9.885247765461786 33.0
9.890818954164859 33.0
9.923740303933485 33.0
9.946088263120709 33.0
10.016889831812898 33.0
10.017597730984855 32.0
10.022161655618318 32.0
10.027590087797972 32.0
10.076632484126897 31.0
10.123945513021331 31.0
10.135197852424595 31.0
10.13641310847877 32.0
10.14922873473952 32.0
10.159736132121425 32.0
10.174890029111642 33.0
10.212797340533232 33.0
10.310124408540144 34.0
10.324551044648258 34.0
10.32499832929873 35.0
10.335972347276423 35.0
10.344052561666723 34.0
10.349007612694209 35.0
10.37746651867317 35.0
10.389027066685205 35.0
10.421290461097302 34.0
10.455626863829943 35.0
10.462346876649285 34.0
10.500261750757984 34.0
10.544805947290033 34.0
10.555230898565608 34.0
10.575753603343061 33.0
10.655835534319202 34.0
10.68024143162525 34.0
10.692194496116755 35.0
10.699721462409203 36.0
10.795557439471082 36.0
10.798154789501153 36.0
10.809062563550517 36.0
10.80984283887335 36.0
10.907539620222948 36.0
10.908034931702002 37.0
10.922254028237287 37.0
10.940404842035733 36.0
10.970586651582513 36.0
10.996956772787227 36.0
11.006971651525493 37.0
11.143264591528666 37.0
11.169196071132477 38.0
11.1831142227206 38.0
11.192115164811717 39.0
11.19932148143501 40.0
11.211777229259232 41.0
11.215790692191774 42.0
11.221851378218764 41.0
11.23011236247128 40.0
11.235050200192662 41.0
11.268045485808516 42.0
11.268359293042291 43.0
11.2791951384727 43.0
11.306905153835379 43.0
11.328471416786979 44.0
11.40444338427116 44.0
11.411738188640047 45.0
11.427739680560832 45.0
11.445537594568293 45.0
11.47758030939922 44.0
11.4892731273176 45.0
11.544227796402065 46.0
11.559551811682667 46.0
11.638383787390847 46.0
11.656340680023057 46.0
11.720564082494063 46.0
11.727234372730445 47.0
11.79081595071264 46.0
11.823204915845679 46.0
11.855129500825546 47.0
11.890625658501303 48.0
11.908634015355624 48.0
11.924319997976287 49.0
11.947011219461219 49.0
11.998959439423068 50.0
12.021509973587428 49.0
12.183153710646891 50.0
12.208169069083842 50.0
12.230749688753669 49.0
12.247774205948945 49.0
12.302133080889641 50.0
12.317510044515169 51.0
12.323350827710408 50.0
12.32616096256049 49.0
12.353316250869993 50.0
12.372523702301228 51.0
12.42842375223828 52.0
12.53988471947335 53.0
12.551741993710475 53.0
12.55650779643182 54.0
12.573524281311911 55.0
12.58142102724716 54.0
12.604599761223005 53.0
12.6100295887464 53.0
12.638169877447844 53.0
12.648632007682998 53.0
12.684862331097845 52.0
12.720385780000496 52.0
12.770571637670237 52.0
12.814995053613053 51.0
12.82193240712483 51.0
12.878203315008632 52.0
12.886778306136753 52.0
12.949035890111208 51.0
12.961808076373389 51.0
13.001568287629798 51.0
13.007423456734525 51.0
13.016603291357205 50.0
13.036064132418181 49.0
13.077810724487673 48.0
13.08722317373324 47.0
13.099610059094848 46.0
13.116802667384263 46.0
13.146345472510164 45.0
13.170775431734192 45.0
13.17861676975587 45.0
13.188053765692786 46.0
13.216417838104489 45.0
13.23149587583666 46.0
13.275226699625726 45.0
13.281095099440574 44.0
13.291640251395659 44.0
13.303309517009989 44.0
13.354291388483833 44.0
13.385791181472669 43.0
13.392111329264344 44.0
13.3936561117632 44.0
13.398835367691659 43.0
13.461437947290875 43.0
13.512949091097642 43.0
13.534350080345613 42.0
13.59477909155948 42.0
13.66339896761138 42.0
13.69583752548937 43.0
13.71765813337019 43.0
13.741686632191339 42.0
13.745615584320115 43.0
13.788751936167102 43.0
13.79420498260591 43.0
13.795453969529897 42.0
13.859811980786791 43.0
13.87602660397333 44.0
13.911709210597472 43.0
13.917925996319664 43.0
13.945702278623331 42.0
13.955938511910414 41.0
13.998597496936519 41.0
14.023539016576683 42.0
14.04501316190603 43.0
14.056317102887885 42.0
14.085641243021957 43.0
14.106529928197626 42.0
14.117452344668942 42.0
14.165379229712485 42.0
14.209820892381309 42.0
14.24125772615507 43.0
14.285627532200637 44.0
14.29425717030888 44.0
14.318071238940135 45.0
14.353111160110043 44.0
14.35715020631639 45.0
14.403674287681481 46.0
14.41331885221311 45.0
14.43331330565333 45.0
14.436469011900137 46.0
14.473401813700649 47.0
14.49598341257277 47.0
14.498631048686526 46.0
14.530992116582132 46.0
14.593053336598217 47.0
14.60170673655997 48.0
14.6124364304351 48.0
14.672995842071787 48.0
14.681646367541058 48.0
14.746933391769053 47.0
14.76532298349356 46.0
14.776594210261077 47.0
14.778950121329416 48.0
14.817055190555857 49.0
14.841605147147288 49.0
14.86132150479858 50.0
14.965673996706249 51.0
14.98407770411958 52.0
14.996327951985004 53.0
15.013363519784006 53.0
15.027135118684285 52.0
15.028998587623535 53.0
15.047949474544241 53.0
15.048458838720057 53.0
15.13396603792731 54.0
15.173482421228744 54.0
15.177661895041922 53.0
15.19141207342971 53.0
15.218388120833865 54.0
15.21978744786383 55.0
15.219892889958588 55.0
15.23431475210401 56.0
15.296595987057243 56.0
15.327470156512275 56.0
15.35186611186938 57.0
15.38480944324501 58.0
15.398236996422417 57.0
15.419876939728598 56.0
15.420798396803313 57.0
15.463203574806926 58.0
15.476775166284597 57.0
15.483323593344831 58.0
15.4973360810521 57.0
15.539698706824545 58.0
15.552751282118008 58.0
15.57354286985367 57.0
15.582555701955348 57.0
15.583633625971721 57.0
15.609612279512861 56.0
15.617343905618416 57.0
15.683178346208594 57.0
15.692295025780234 58.0
15.861519354088118 57.0
15.937013139253803 58.0
15.938978536758052 59.0
15.959963021898437 59.0
15.986397580927104 58.0
16.00310203561589 59.0
16.073347313116066 58.0
16.088179621449456 59.0
16.09163311883361 60.0
16.1574636058666 61.0
16.158905983030436 62.0
16.1915969245264 63.0
16.25543554210962 63.0
16.283613173695443 63.0
16.304151701041945 64.0
16.305790334940326 64.0
16.44798284161148 65.0
16.468704893834975 66.0
16.520286218737713 67.0
16.530780508072525 68.0
16.596945630397837 69.0
16.6198704124705 70.0
16.62093464178542 69.0
16.63795232102977 68.0
16.67921076881135 69.0
16.68215959879012 70.0
16.756233849343303 71.0
16.809812415429356 72.0
16.81926676008705 72.0
16.85921049403574 73.0
16.913176314965124 73.0
16.93435860708155 72.0
16.958351209736968 73.0
17.0074656145344 74.0
17.06245190812292 75.0
17.080204068724015 76.0
17.122533216390135 75.0
17.198840264021495 74.0
17.212373083469192 74.0
17.248631245066534 75.0
17.29365865681913 76.0
17.373785570436336 76.0
17.38612594118792 76.0
17.491502618764116 77.0
17.55572600636326 76.0
17.586707714387835 77.0
17.675324664684076 76.0
17.698400492140504 77.0
17.74380088954267 78.0
17.956827693294425 79.0
17.970152242244634 78.0
18.012323945897194 77.0
18.01366318341682 77.0
18.086730041162674 78.0
18.097208001817 78.0
18.165574828417885 79.0
18.3840138529677 80.0
18.421684228923414 80.0
18.704120700168684 81.0
18.801642747209026 80.0
18.835650077859842 80.0
18.884504674152932 81.0
18.954065793579204 82.0
18.97467499323231 83.0
19.018888273022327 84.0
19.188882337638677 84.0
19.23606764160273 85.0
19.283451936958098 84.0
19.49985398025543 85.0
19.533254753769068 86.0
19.643950573217943 87.0
19.80926856207808 86.0
20.059257115627585 85.0
20.143836564725433 84.0
20.16043569871637 85.0
20.174294333833927 86.0
20.484354396023274 85.0
20.56583401886848 86.0
20.67897376379648 85.0
20.708822563083295 84.0
20.711976209505796 83.0
20.76942037379401 82.0
20.879777392385957 83.0
21.123013422028297 82.0
21.14320643401875 83.0
21.16859223665295 84.0
21.19592573258861 85.0
21.235610167307915 84.0
21.27016824871615 83.0
21.296606533899002 82.0
21.335362025432715 81.0
21.44582120949976 82.0
21.495647580880828 83.0
21.507805481195263 82.0
21.534064452243697 83.0
21.548547671484542 84.0
21.60220771877 83.0
21.66513532838051 84.0
21.76374202627576 84.0
21.803610272682892 83.0
21.875180988539185 82.0
21.933136860688453 82.0
22.191147754145774 83.0
22.241207700623956 82.0
22.252506803945455 83.0
22.400779192493175 83.0
22.433674378480376 82.0
22.494376501606954 83.0
22.531714876158844 83.0
22.566066131925385 84.0
22.622160745578533 83.0
22.749181313854443 82.0
22.779517544309567 83.0
22.82991176242167 84.0
22.93250677028536 83.0
22.952589556567528 82.0
23.04855666937199 83.0
23.110853563080532 84.0
23.121741757573233 83.0
23.27306848720537 82.0
23.46246382926364 83.0
23.464473109005265 84.0
23.705558236610646 83.0
23.98457481167107 84.0
23.98707568704658 85.0
24.10227889324459 84.0
24.146919180479507 85.0
24.63320585273622 86.0
24.78433311033206 85.0
24.906754866162483 86.0
24.979176219966945 87.0
25.098155250303233 88.0
25.405000258929608 87.0
25.424288029293553 88.0
25.47930321028753 89.0
25.641749125877944 90.0
26.245848513705774 89.0
26.688924209720593 90.0
26.699789837849156 89.0
27.366487427572682 88.0
27.37693590895638 87.0
27.40836030806136 86.0
27.49758866012761 87.0
27.813478745594605 86.0
27.84290144469869 85.0
27.917537330776003 86.0
28.028778573065022 86.0
28.6083599430117 87.0
28.64834403776467 87.0
28.858239249159308 86.0
28.886441966315214 85.0
28.964537861202977 84.0
29.107399567451083 83.0
29.250174811655768 82.0
29.2794498788519 83.0
29.41526404404653 82.0
29.45827455932792 81.0
29.47946263044754 82.0
29.490125329564712 81.0
29.5096616109376 80.0
29.70019001409439 81.0
29.76749872847843 82.0
30.087322200612423 81.0
30.27352437768682 80.0
30.408312131154354 81.0
30.50787790814508 80.0
30.69604642092943 79.0
30.711492776343878 80.0
30.827856596508038 81.0
30.896005070434498 82.0
30.910743511867274 83.0
30.9267220238824 82.0
30.932182983115883 82.0
31.002624680329973 81.0
31.041644936859196 80.0
31.152492460052795 81.0
31.17271367965403 82.0
31.21086561868192 83.0
31.214760876046007 84.0
31.219700833012237 84.0
31.428439173707226 85.0
31.485265610249378 84.0
31.495421059621265 85.0
31.574729351968212 86.0
31.579309081897478 85.0
31.590260024583085 86.0
31.63265610768207 85.0
31.855369242595234 86.0
32.094746372155775 87.0
32.438088820701694 88.0
32.628588615118424 87.0
32.81608661808054 86.0
32.87872617634364 86.0
32.92684142197878 87.0
33.13971773415857 86.0
33.246632486737056 85.0
33.36462214589312 85.0
33.48806798114473 84.0
33.769545902142006 85.0
33.866585112784804 86.0
33.961366333568805 87.0
33.97529557167613 86.0
34.01563523654724 87.0
34.09974223898023 86.0
34.2124495944652 87.0
34.351462550748735 86.0
34.383908639133836 87.0
34.4535665466847 86.0
34.61840679116189 85.0
34.758025457457485 84.0
34.85449695057437 83.0
35.347309760180345 82.0
35.44078194178483 83.0
35.492469463887275 82.0
35.636449121488496 81.0
35.70413957532817 80.0
35.74565360036795 79.0
35.96156029747496 80.0
35.985154597051206 81.0
35.99048228364156 82.0
36.01300839929389 83.0
36.087140772521124 84.0
36.18555906063122 85.0
36.42171809518097 86.0
36.55736906070146 87.0
36.57478726751554 86.0
36.65776277765833 85.0
36.71705597106438 84.0
36.7436462672637 85.0
36.77323927237253 86.0
36.91120547463878 87.0
36.93706298999113 88.0
37.20530730069708 87.0
37.23087260672176 86.0
37.27551602990441 85.0
37.48344000113771 86.0
37.60204985473445 85.0
37.644036760258075 86.0
37.67354421362306 85.0
37.765933887912084 86.0
37.84332510331005 87.0
37.84460550232041 86.0
37.937181351225135 85.0
37.97258922040768 84.0
38.069157181348 85.0
38.186681079580985 86.0
38.22603412427028 85.0
38.60077924328147 84.0
38.67810189134998 85.0
38.80032651310706 84.0
38.867480128090484 83.0
38.89019611010958 84.0
38.909582156900974 83.0
39.00629608121616 82.0
39.017233766194806 81.0
39.03602952185052 82.0
39.17051708132695 83.0
39.30227252262551 82.0
39.43541108865116 82.0
39.457008759378546 83.0
39.479325912115186 84.0
39.50851614790867 85.0
39.511642370539676 86.0
39.56421493453388 87.0
39.6244355933897 86.0
39.773134130181255 85.0
39.91866096679959 84.0
40.065680256197076 83.0
40.07798489214389 83.0
40.0997269958186 84.0
40.599929658570055 85.0
40.81073961923394 84.0
41.05517750622519 85.0
41.13534220187086 84.0
41.137229289071854 85.0
41.14375716756765 86.0
41.427287824780855 87.0
41.526137159842726 86.0
41.68436336270125 87.0
41.77451995559126 86.0
41.832645319209426 87.0
42.0598739428554 86.0
42.167255576058146 85.0
42.18237926025999 86.0
42.31245145389353 85.0
42.358045782942696 86.0
42.46913301286657 87.0
42.56139873191775 88.0
42.794246789523406 87.0
43.06579178725837 86.0
43.093023999484124 85.0
43.11769741247286 86.0
43.33470352479371 85.0
43.362845527590714 84.0
43.61003466513546 85.0
43.69424841652283 86.0
43.796407849352086 85.0
44.10931390598037 84.0
44.1365175437829 85.0
44.15663029665563 84.0
44.260324652023954 85.0
44.32776043929065 86.0
44.33712042410242 85.0
44.404941249537494 84.0
44.53371218760392 85.0
44.55226039747644 86.0
44.70497544596635 85.0
44.722764923708745 84.0
44.75436073835145 85.0
45.10074753421649 86.0
45.11305102893059 85.0
45.143207558049326 84.0
45.26769407543373 83.0
45.274700249995895 84.0
45.58262390147879 83.0
45.64074055055702 83.0
45.67325368084577 82.0
45.69777131517453 83.0
45.69871858917156 84.0
45.78283571639011 85.0
45.78430290000726 86.0
45.90435880431571 85.0
45.9483504763204 84.0
46.01633940158442 85.0
46.427966484341134 86.0
46.4319711227458 87.0
46.5574332211094 86.0
46.731494136122265 85.0
46.83664819516896 84.0
46.83822055126928 83.0
46.96664720379811 82.0
46.97954742733446 83.0
47.046097452857666 84.0
47.14747617046439 85.0
47.172764640586834 85.0
47.18901881413749 86.0
47.203833959852616 85.0
47.265417514164355 86.0
47.271964026836 85.0
47.50921615799365 84.0
47.57094422451839 85.0
47.622932830121016 84.0
47.68137659483521 85.0
47.79558844758669 84.0
47.8556814757148 83.0
47.87777151230192 82.0
47.891317259430494 83.0
47.98792342514091 84.0
48.213525109635874 83.0
48.2715902675182 82.0
48.30118327261444 83.0
48.346581005761486 84.0
48.45859034869629 83.0
48.6742912732708 82.0
48.71415551663352 81.0
48.7530033095947 82.0
48.90656619632899 83.0
48.90898259963242 84.0
48.95144045547678 83.0
48.95477594931153 84.0
48.989440308556716 83.0
49.011115138798765 83.0
49.040181683148894 82.0
49.05155853364125 83.0
49.113401992283514 84.0
49.26129914469957 85.0
49.465388168008744 86.0
49.476166416667375 85.0
49.51097355916969 84.0
49.54505356590561 83.0
49.65003148411798 83.0
49.65353466513543 82.0
49.73487280517456 81.0
49.79121137025398 82.0
49.824754218640024 83.0
49.85537413175377 84.0
49.86596455469626 83.0
50.11196259002179 84.0
50.1456692092509 85.0
50.305766543738656 84.0
50.407921609252334 85.0
50.448466564297945 86.0
50.60432726008848 87.0
50.742028423618194 88.0
50.752930541854056 87.0
50.94989011287393 88.0
51.00435832076712 87.0
51.2903243968553 88.0
51.30847672832342 87.0
51.5388960873668 86.0
51.597264400862514 87.0
51.80523355939259 86.0
52.149413222280174 85.0
52.26851922355667 84.0
52.59002255842036 85.0
52.701652590907926 84.0
53.02281966920175 85.0
53.033627191493366 86.0
53.12270704207224 85.0
53.367636357316066 84.0
53.54324513166507 85.0
53.56177138681469 86.0
53.91732959036218 85.0
54.06645297296434 86.0
54.2019644349293 87.0
54.25308847787572 88.0
54.29515913157981 87.0
54.529318809222566 86.0
54.54889020426311 85.0
54.72354344828579 84.0
54.78737326767047 85.0
54.86221743479764 84.0
54.98129877617188 84.0
55.02662650673051 84.0
55.06742838924346 84.0
55.30621931298529 85.0
55.32026042113878 84.0
55.454370390244584 85.0
55.525834145753 84.0
55.73663075995026 84.0
55.82456829240243 85.0
55.8515661103037 84.0
55.98544245552277 83.0
55.992938733322646 82.0
56.01485950969703 83.0
56.053010854629086 82.0
56.14638246988895 81.0
56.16470691889081 80.0
56.20237614934948 81.0
56.50596253066128 80.0
56.519009089093416 79.0
56.5513490669501 80.0
56.557098675601544 81.0
56.63689555955047 82.0
56.64604259882903 83.0
56.68915211473657 83.0
56.829510803350985 82.0
57.064871580193596 83.0
57.0657244154155 83.0
57.30530908790287 84.0
57.36845700076842 83.0
57.38265482041197 84.0
57.40252601702821 83.0
57.73678529717394 82.0
57.80156343238928 83.0
57.852265050764416 84.0
57.924321802059545 85.0
58.0147085026749 86.0
58.19054551244986 87.0
58.34095182787117 86.0
58.35563611983358 87.0
58.36074199214542 88.0
58.44282360353273 87.0
58.46739335274348 88.0
58.55359374507767 87.0
58.6304931157232 86.0
58.68445026402274 85.0
58.965546756689946 86.0
59.01510103078344 85.0
59.05637881380979 86.0
59.267887024863285 85.0
59.590863564375766 84.0
59.700084236568635 83.0
59.765518045704795 84.0
59.8569144989763 85.0
59.9493813933945 86.0
60.2582864687328 87.0
60.34493230874251 86.0
60.53283619302427 85.0
60.634241987355814 84.0
60.65786576812381 85.0
60.676656723893764 84.0
60.80294590783885 83.0
61.17801468071386 82.0
61.27907363417162 81.0
61.39013090892005 82.0
61.42376570173129 81.0
61.43865610429921 82.0
61.72256310300494 83.0
61.78122863860847 84.0
61.81262700931075 83.0
61.85810094519682 84.0
61.90427166557737 85.0
61.9837022032626 84.0
62.07240278423581 83.0
62.15766512989251 84.0
62.39938488819775 85.0
62.52729420318975 86.0
62.626655172635566 87.0
62.80605526201729 88.0
62.89282626443351 89.0
62.953397588618785 88.0
62.989760937729635 87.0
63.083831548416185 86.0
63.109414051036616 85.0
63.16639367003838 84.0
63.24509244183923 85.0
63.54391550446719 86.0
63.54393165827599 85.0
63.65807541182695 86.0
63.72478088281637 85.0
63.7882683952923 84.0
63.86608548603826 85.0
64.10629121305782 86.0
64.2813736302075 87.0
64.60766616496547 86.0
64.68248737095635 87.0
64.82070813044099 88.0
64.89803293445738 89.0
64.9728376726939 88.0
65.10661736478195 89.0
65.12743227196688 88.0
65.344464854455 89.0
65.75243757502798 88.0
65.7618421340467 87.0
65.76875892343527 86.0
65.81686239214318 87.0
65.88244214653537 88.0
65.98973880429456 87.0
66.41523860143704 86.0
66.48619009415063 87.0
66.61348213191653 88.0
66.66362551652622 87.0
66.69053110691225 88.0
66.95945670698725 87.0
66.96144098837271 86.0
67.07625209359236 87.0
67.09414719451762 86.0
67.10281541484295 87.0
67.26381850714824 88.0
67.2967210161237 89.0
67.41509679234753 88.0
67.86400885572823 87.0
67.95729207935572 88.0
68.0025272863202 87.0
68.0313763884632 88.0
68.04458287326122 87.0
68.70905886162114 86.0
68.80824857211377 85.0
68.93167044195883 86.0
69.03627775678896 87.0
69.12476603201625 86.0
69.23204369994498 85.0
69.28539779375036 86.0
69.37625562302463 87.0
69.39389819860277 86.0
69.7389923716034 85.0
69.92261748930565 86.0
70.00403154352703 85.0
70.02846540420529 86.0
70.1957880249782 85.0
70.27603929747578 86.0
70.34659977164834 87.0
70.59128714364012 88.0