0.0 0.0
0.00625359827230767 1.0
0.06919656274796404 2.0
0.10785872687578939 3.0
0.11401894729642832 4.0
0.14478864239018785 5.0
0.1551473057021992 6.0
0.22108928594643157 5.0
0.2233874077373769 6.0
0.23317761446898735 7.0
0.27186532258489116 6.0
0.2904561639168135 5.0
0.3300499665056057 6.0
0.35105282645752156 7.0
0.42939290777513 8.0
0.48487243595084173 9.0
0.49067029528789213 10.0
0.5332148375110405 11.0
0.5361842974151584 10.0
0.5687435644384956 11.0
0.5705561833257511 10.0
0.5740140823582792 11.0
0.6146587341422384 12.0
0.620448503605256 13.0
0.6369006534784853 12.0
0.6577323615876587 11.0
0.6582629438495134 12.0
0.6634963131243466 11.0
0.6761171954197955 12.0
0.697159376627645 13.0
0.713775156118941 12.0
0.7676322637746485 11.0
0.7888645055351112 12.0
0.7907045793717379 13.0
0.8307803744127777 14.0
0.8439169971369663 15.0
0.854345274536961 14.0
0.9043399811907349 15.0
0.9139620491429801 14.0
0.9273722627580097 13.0
0.9591941897671332 12.0
0.962314001586298 13.0
0.9727196069795517 14.0
0.981800819516179 15.0
1.0000911088256712 14.0
1.0224683140010218 15.0
1.0548146119011181 16.0
1.0688249458859604 17.0
1.1022424958168797 16.0
1.10527655296428 15.0
1.1636618068716833 14.0
1.1781324239255526 15.0
1.183624282933191 14.0
1.2371606056075293 13.0
1.255091521876965 12.0
1.271229507906553 13.0
1.2851661297377273 14.0
1.3223244021334868 15.0
1.330491477285478 14.0
1.3315451079425789 15.0
1.3375772464845321 16.0
1.4015090088515088 15.0
1.4116218297346332 16.0
1.431932084990243 17.0
1.43239264425466 18.0
1.4462391555620002 19.0
1.461613155184846 20.0
1.4787747514740048 19.0
1.4929972276326362 20.0
1.5018167546352559 19.0
1.5040364239405262 18.0
1.5349882967773174 19.0
1.5798888429249354 20.0
1.6176834013979935 19.0
1.6283213597370483 20.0
1.6745464325354356 21.0
1.7060840487380793 22.0
1.713032283996147 23.0
1.7341095727176372 24.0
1.7437777513670825 25.0
1.7581301296615788 26.0
1.7657094378185587 27.0
1.7673750992973887 26.0
1.783667318388833 25.0
1.7875783801706862 26.0
1.7991176003778833 27.0
1.8062458189913122 26.0
1.8234100718082824 25.0
1.8459572778084785 26.0
1.9069599950369682 25.0
1.9164705757651632 24.0
1.9549190940815198 25.0
2.0179488780086077 24.0
2.0366258394135603 25.0
2.0847837669194416 24.0
2.0920095248287036 25.0
2.1224554642195597 24.0
2.1542474327759225 25.0
2.174868747560318 24.0
2.1893597441183084 25.0
2.2160833690144415 26.0
2.220300176812151 25.0
2.2316159102643374 26.0
2.256271695118574 25.0
2.270794036310544 26.0
2.2977313427961374 27.0
2.39070037489578 26.0
2.395345204187222 27.0
2.4016020023489735 26.0
2.420773866824038 25.0
2.508868546930931 24.0
2.5380661881904114 25.0
2.553194830346269 24.0
2.6315371386277353 25.0
2.633892625701909 26.0
2.6443181235126048 27.0
2.6760093162785807 26.0
2.729564208957016 27.0
2.817280681472108 28.0
2.834408560963527 29.0
2.8525175371276954 28.0
2.8574145286094943 29.0
2.8875380646203106 30.0
2.8916421741254186 31.0
2.9083438735025604 32.0
2.910458689608181 33.0
2.9134120661928735 34.0
2.954904944188554 33.0
2.9782932018243478 32.0
3.0067182067305933 31.0
3.012135991721989 30.0
3.025687053106387 29.0
3.1188883050145013 30.0
3.1244113120372576 29.0
3.147566163375615 28.0
3.2110266179107687 27.0
3.2274795029240186 28.0
3.2569930159213296 27.0
3.3146168885517935 26.0
3.317340548395182 27.0
3.3360146545949796 28.0
3.3366851649780074 29.0
3.3631936918813405 30.0
3.369542393836853 29.0
3.378046978675815 30.0
3.417981131373366 31.0
3.4262144866023427 30.0
3.4399329990996392 31.0
3.454160615082423 32.0
3.5448954428077677 31.0
3.569720104527361 30.0
3.607199029800485 31.0
3.6214278049607818 32.0
3.623180815203215 33.0
3.7026272956663067 32.0
3.728562664340083 33.0
3.7431661560121734 34.0
3.7481020840255814 33.0
3.7815366078717605 34.0
3.8096554430572374 33.0
3.8369469257013455 34.0
3.857950822613798 35.0
3.8740488242586455 34.0
3.894613518201874 35.0
3.9297318137840365 34.0
3.930554968795851 33.0
3.9462653116626316 34.0
3.9605654220019564 35.0
3.9751368413302535 36.0
4.003713759496104 37.0
4.007109204604582 36.0
4.023996744922343 37.0
4.046733421811445 36.0
4.082172095802723 35.0
4.094905632145485 36.0
4.099693493575504 37.0
4.1105555990453 36.0
4.130586797683398 37.0
4.140484695538889 36.0
4.14467715233092 35.0
4.145301928506881 36.0
4.165057406619239 37.0
4.2081675483340115 38.0
4.250863493411261 37.0
4.334138915304833 38.0
4.349593671716949 37.0
4.35295792246279 38.0
4.427862910287716 37.0
4.444616132039143 38.0
4.473435096966407 37.0
4.504012943164436 38.0
4.50469884179913 37.0
4.532268038096983 36.0
4.543900472066827 35.0
4.5522266285870545 34.0
4.555086797153125 33.0
4.573504869949158 34.0
4.578823302986062 35.0
4.598034025557745 34.0
4.606665136697723 35.0
4.679820136324281 34.0
4.690846846223901 35.0
4.7060379976798945 34.0
4.715196856896017 33.0
4.723649360622878 32.0
4.745900403577222 31.0
4.761371306903328 32.0
4.784506580675361 31.0
4.810059689259549 30.0
4.815172711647534 31.0
4.877797922267997 32.0
4.8808115949249915 31.0
4.8849245465909314 30.0
4.886746177372407 29.0
4.895426624758727 30.0
4.906686352846231 29.0
4.935788953365953 28.0
4.972662128002987 27.0
4.988370247625895 28.0
5.041434901756433 29.0
5.045489959540841 30.0
5.076387315065497 29.0
5.1186362048326375 30.0
5.169486724476571 29.0
5.206866302054849 30.0
5.265326183180625 29.0
5.313932663398155 30.0
5.334312739768545 31.0
5.354504485477715 30.0
5.365205597709435 31.0
5.489592808197725 32.0
5.489857036820472 33.0
5.507139152748268 34.0
5.53287248356015 33.0
5.540894407089955 32.0
5.586649822751487 31.0
5.593142572465767 32.0
5.6019789004530915 31.0
5.615839067559543 30.0
5.636342521009394 31.0
5.652371135279219 30.0
5.656629717671051 31.0
5.674238016353413 30.0
5.681908343485786 29.0
5.684929776466543 30.0
5.715350004765925 31.0
5.757331315994818 32.0
5.7922182334265475 31.0
5.871829008013759 30.0
5.877867772142693 29.0
5.882874291333534 28.0
5.914736286223169 27.0
5.9318939148270955 26.0
6.00858849445227 27.0
6.02735919593224 28.0
6.03550096897167 27.0
6.044791858383533 28.0
6.045319380499571 27.0
6.061896901116426 28.0
6.111930026918463 27.0
6.131135228479445 28.0
6.1462976532822164 29.0
6.153662299427782 28.0
6.180470372194484 27.0
6.183677408054003 28.0
6.216759915314191 27.0
6.221423920644361 26.0
6.267136456327365 25.0
6.277523875559794 26.0
6.305277882598308 25.0
6.338575948654472 26.0
6.343466170216261 25.0
6.344731698493855 24.0
6.360137870749748 25.0
6.413928071133338 24.0
6.415847022197471 23.0
6.429006639504198 24.0
6.445228409355315 23.0
6.470821140816945 24.0
6.527130363407193 25.0
6.537697986152938 24.0
6.574654819601793 25.0
6.631509024461476 26.0
6.639273165603947 25.0
6.6762114805845645 24.0
6.702800233829502 23.0
6.720332483884179 24.0
6.736911324964897 25.0
6.7454251620733015 26.0
6.773390982786198 27.0
6.7777488648473945 28.0
6.79652242988242 27.0
6.804155148841772 26.0
6.861883743616108 27.0
6.888544978998622 26.0
6.891325355558367 25.0
6.971456805007955 26.0
6.9807423347976965 27.0
7.001585998930907 26.0
7.030346020373902 27.0
7.051132071392249 26.0
7.090329009564368 25.0
7.10505950305563 24.0
7.148792456807023 25.0
7.151793298604749 26.0
7.211018786205341 27.0
7.261739230716009 28.0
7.2858863040520525 27.0
7.303768331073394 28.0
7.318065823374147 29.0
7.328622207477198 28.0
7.347675209550376 27.0
7.365022438118061 26.0
7.3851467022916175 25.0
7.4019678030485405 24.0
7.538173226769526 25.0
7.538579896437118 26.0
7.61868784041989 27.0
7.628001656549066 28.0
7.63097597722709 29.0
7.634983712975024 28.0
7.641969755575685 27.0
7.64649475330622 26.0
7.686926828123984 27.0
7.6928414344341025 28.0
7.718009968822339 29.0
7.720578348720494 28.0
7.859805184596194 29.0
8.008349797603515 30.0
8.032169850737157 31.0
8.046394204399537 32.0
8.064783216548514 31.0
8.080261378373116 30.0
8.081920236385054 29.0
8.119600204346675 30.0
8.130108967923764 31.0
8.158261717109498 32.0
8.161273441907081 31.0
8.232697342977747 30.0
8.281767431929017 31.0
8.293802853544259 30.0
8.327469485690695 29.0
8.335365016855265 30.0
8.34629407699785 29.0
8.373013774369252 28.0
8.410361309809332 27.0
8.43717637215533 28.0
8.443133753903373 29.0
8.471998801687848 30.0
8.518612823102313 29.0
8.518914424071754 28.0
8.523786051615378 29.0
8.534171127639558 28.0
8.54942033709873 27.0
8.592565090511258 26.0
8.633422162437812 27.0
8.640850814533607 28.0
8.652059613949412 29.0
8.675253232551276 30.0
8.67673529060318 31.0
8.702998616845205 32.0
8.730298342788936 31.0
8.77760205993862 32.0
8.789739960225711 33.0
8.843340074447113 32.0
8.85645744432361 31.0
8.90273537202425 32.0
8.905143267284673 31.0
8.9291446918501 32.0
8.966673065111893 33.0
9.026647327128968 32.0
9.052928056097796 33.0
9.058738451723325 34.0
9.120153933921733 35.0
9.131748286511998 36.0
9.135861189976326 35.0
9.147115244109346 34.0
9.148111099836482 33.0
9.170089027534118 32.0
9.178430938047624 31.0
9.193646237745401 32.0
9.20994478858248 33.0
9.26752915823531 32.0
9.281572584699422 31.0
9.283689545213445 30.0
9.318805988537106 29.0
9.322344959365585 28.0
9.354446815475217 29.0
9.365041890162361 28.0
9.39458405383743 29.0
9.399537635326963 28.0
9.405416260012606 29.0
9.423307987401104 30.0
9.436247898720586 29.0
9.471188279651058 30.0
9.485804368196826 31.0
9.512276469511427 32.0
9.528966402447512 33.0
9.537460151917555 34.0
9.542551739447504 35.0
9.554028538519598 34.0
9.60005721792572 33.0
9.621916264112395 34.0
9.622314645574306 33.0
9.624097587438738 32.0
9.694871186561281 33.0
9.731260495078063 34.0
9.843799796324893 35.0
9.846744500078202 36.0
9.860335949798143 37.0
9.884736958777838 36.0
9.91709746863579 37.0
9.95387872825772 36.0
9.96287842289704 37.0
9.967112101716324 38.0
9.981319721500276 39.0
10.04893990075313 40.0
10.060384611967562 41.0
10.072810865854086 40.0
10.156219480272108 39.0
10.159369672359484 38.0
10.169433421706783 39.0
10.177870024341141 38.0
10.212718095021343 39.0
10.28569333539618 38.0
10.338177463569279 37.0
10.360299999102 36.0
10.363080252797205 35.0
10.36949478739691 36.0
10.409088084900375 37.0
10.482858641696597 38.0
10.50881748857822 37.0
10.528342772488697 36.0
10.550176406349683 35.0
10.56372178366212 36.0
10.57112153869791 35.0
10.59320028148398 34.0
10.609174680667076 35.0
10.624722994661637 34.0
10.636851241089605 35.0
10.637275168752415 34.0
10.664897139725737 33.0
10.719148359242014 32.0
10.729466401894069 33.0
10.744661218994446 32.0
10.747784583567789 31.0
10.762071668127456 32.0
10.788350515986037 33.0
10.804295426186329 34.0
10.816646321432563 35.0
10.860207244514356 36.0
10.866858833490882 35.0
10.887185340680361 36.0
10.889278469664163 37.0
10.910668566846597 36.0
10.923831341519437 35.0
10.956678330523157 36.0
10.96602191874054 37.0
11.017812271999244 36.0
11.022135487448297 35.0
11.031616236788592 34.0
11.073249412307549 35.0
11.091456402845939 34.0
11.108352644992813 33.0
11.13094878777993 32.0
11.170761562581873 31.0
11.174438172968676 32.0
11.176326218932434 31.0
11.1952757542098 30.0
11.253562720558657 29.0
11.316932890023354 30.0
11.330054463130972 29.0
11.347476424179261 28.0
11.357264526404238 29.0
11.506397996570566 28.0
11.521668342880556 27.0
11.539410032432745 28.0
11.552195939351316 27.0
11.575914046724217 26.0
11.610090865354662 27.0
11.688928131773546 28.0
11.690857683991183 27.0
11.702408727591296 26.0
11.747240672492971 25.0
11.774156474196715 26.0
11.782069606479048 25.0
11.800399024645362 26.0
11.826805444832171 25.0
11.861012211858972 26.0
11.87273023550565 25.0
11.947920562995533 26.0
12.034776137290255 25.0
12.057422441251056 24.0
12.061558091812943 25.0
12.063780910769568 26.0
12.14239798101464 27.0
12.16195857644392 28.0
12.240973683060947 27.0
12.26083043965497 26.0
12.317344164525982 25.0
12.338849876341271 26.0
12.368021995673002 25.0
12.419172235882478 24.0
12.479964032744165 23.0
12.530023639141868 22.0
12.605705279631977 21.0
12.652098245841936 20.0
12.752432781388162 19.0
12.784957350368577 20.0
12.793728437746438 21.0
12.80420053703643 22.0
12.831029696066848 21.0
12.96836204138566 20.0
13.077680949365847 19.0
13.082164443122457 18.0
13.115379119651099 19.0
13.269270967336698 18.0
13.30269770352213 17.0
13.537147084633 16.0
13.57259002259312 17.0
13.600595948152463 18.0
13.605677745153555 19.0
13.640985126265752 20.0
13.672035117315488 21.0
13.674706533251724 20.0
13.739640290734298 19.0
13.74160657382665 18.0
13.784875025554493 19.0
13.806211669631283 18.0
13.825759031484546 17.0
13.886073211122614 18.0
13.929769970244402 19.0
13.979957013470596 20.0
14.21638960692094 19.0
14.254838840506666 18.0
14.280983667296127 17.0
14.352901706837352 16.0
14.35387672695458 17.0
14.391803085010556 16.0
14.438361171635968 15.0
14.551220856592591 14.0
14.617919054936827 13.0
14.673783760242262 12.0
14.707461479506748 11.0
14.719493010754038 12.0
14.875973609406165 13.0
14.895731382495324 12.0
14.922111894880908 13.0
14.99022965558358 12.0
15.03291333287654 11.0
15.056934601927159 10.0
15.11273431466817 11.0
15.127119409119537 12.0
15.182993640593262 13.0
15.245656786934454 12.0
15.346044846375765 11.0
15.383872729680688 10.0
15.394870821605739 9.0
15.451519634419185 10.0
15.519808287616254 9.0
15.537758506125254 10.0
15.562804812859973 9.0
15.60313032213396 10.0
15.627425195900514 11.0
15.644870819298344 12.0
15.79433222200166 11.0
15.802549640652469 10.0
15.983098319037108 11.0
16.047649932461734 10.0
16.130398262583075 9.0
16.16781214314781 10.0
16.171336057206815 11.0
16.233664295564164 10.0
16.41588497879883 9.0
16.65935101085472 8.0
16.694232104547336 7.0
16.829096120760983 6.0
16.8947051057154 5.0
16.984038830275313 6.0
17.18056443885462 7.0
17.28492445917734 6.0
17.329678834566213 5.0
17.37069782692328 6.0
17.626343006366348 5.0
17.900272093664544 4.0
17.98350529289098 5.0
18.227822024069905 4.0
18.41149440532264 3.0
19.040472862404844 2.0
19.102537532878305 3.0
19.129348132135853 4.0
19.31426348214304 5.0
19.39050724351483 6.0
19.42868352056233 7.0
19.447251281154877 6.0
19.448372711853533 7.0
19.48881220553091 6.0
19.53923611485479 5.0
19.62654223771993 6.0
19.655579658182095 7.0
19.681155091011224 8.0
19.69337511307372 7.0
19.720895507914044 8.0
19.728407658305187 7.0
19.804315973288404 6.0
19.82060761235621 7.0
19.856645576199774 8.0
20.07922239869519 7.0
20.113738679258546 6.0
20.289019627162894 7.0
20.496414877608746 8.0
20.844467110991737 9.0
20.91251237604241 8.0
20.959833904013944 7.0
21.00585463996573 6.0
21.038016645657667 7.0
21.09500066559046 8.0
21.168355403844476 9.0
21.20078102878321 8.0
21.272015838280872 9.0
21.349947789531868 10.0
21.36135078542867 9.0
21.452719354005104 8.0
21.54272089601812 7.0
21.675340589967306 8.0
21.684150072843988 7.0
21.687113925135836 6.0
21.69014787737761 5.0
21.77062937950505 4.0
21.79660809868741 5.0
22.032905964025584 4.0
22.28748637213299 3.0
22.346586482284863 4.0
22.41602245720725 3.0
22.423281668695623 4.0
22.59582200834378 3.0
22.638332943773893 4.0
22.657432639530292 5.0
22.709105072553797 4.0
22.887492554942018 3.0
22.940039549584828 4.0
22.945723118643244 5.0
22.96652369398994 6.0
23.20321349668662 5.0
23.237691764157745 4.0
23.250481065580715 5.0
23.255223750167676 6.0
23.355659350393275 5.0
23.357366270524818 6.0
23.476964472818004 7.0
23.486207567196217 8.0
23.558608586147436 7.0
23.60404021521155 6.0
23.64319386399977 7.0
23.706976010919615 8.0
23.83337519047735 9.0
23.866278623756386 10.0
24.004699576145107 9.0
24.03141976998208 8.0
24.32264277345349 9.0
24.38303636970313 10.0
24.505828914165967 9.0
24.525539728863038 10.0
24.576764922867692 11.0
24.63406923107836 12.0
24.65006891512005 11.0
24.768287861737036 12.0
24.807997799771698 11.0
24.952011168663205 10.0
24.952546816559096 9.0
25.01856589285704 8.0
25.064735332675568 7.0
25.24789378113067 8.0
25.269506574407835 9.0
25.399710785719694 10.0
25.419619700347457 9.0
25.491867696000586 10.0
25.507000472214646 11.0
25.562283880242923 10.0
25.683681488238815 9.0
25.81403989176739 8.0
25.839287329958186 9.0
25.847031380258503 10.0
26.002605728659432 11.0
26.036769858191022 12.0
26.18088687359449 11.0
26.277837279597982 10.0
26.645483242379587 11.0
26.656028961435542 10.0
26.702596725747142 11.0
26.721998986136178 10.0
26.722761996339365 9.0
26.84355166510278 8.0
26.91195864563734 7.0
26.920783134005422 6.0
27.06879441509986 5.0
27.168948247805616 6.0
27.176517635998525 5.0
27.407857269911123 6.0
27.437610387828435 5.0
27.5167798212653 4.0
27.636039800120095 3.0
27.751999302096216 2.0
28.20750456058477 1.0
28.344993189714454 2.0
28.61439652197583 3.0
28.723316497007797 2.0
28.773212364895123 3.0
28.79138989305773 4.0
29.035999314346213 3.0
29.18368272500879 4.0
29.200620095751006 5.0
29.3959472876582 6.0
29.636190239109737 5.0
29.72963493444215 6.0
29.731468449543215 5.0
29.737117964916067 6.0
29.90264935798213 5.0
29.940845750914708 6.0
29.964003096060832 5.0
30.387138078180758 4.0
30.46199617628308 5.0
30.557284470935414 6.0
30.991796269861954 5.0
31.00105882834939 4.0
31.160615561771824 5.0
31.262437540471215 6.0
31.578312970189394 5.0
31.65869702425934 4.0
31.801650214371442 3.0
31.818703912813035 4.0
32.047447394015116 3.0
32.14425352984639 4.0
32.27985167986191 5.0
32.94446763482589 4.0
32.99575216190221 5.0
33.065967049697655 4.0
33.12046171117121 3.0
33.37829796562861 4.0
33.81134304688154 5.0
33.88116089209126 4.0
34.225503639964046 3.0
34.2401505650719 2.0
34.62916698798158 1.0
34.68445343966342 2.0
35.531104152417484 3.0
35.759337816951756 2.0
35.8364216244963 3.0
35.84063730423239 4.0
35.98159533133491 5.0
36.65131945448027 6.0
36.891050524663704 5.0
36.98406679771631 4.0
37.046909181140414 5.0
37.08824075023581 4.0
37.20263289291188 3.0
37.28954791780504 4.0
37.663017423742794 3.0
37.72209158229721 4.0
37.79297029632379 5.0
37.9112598858012 4.0
38.239893388217105 5.0
38.47285519212853 4.0
38.71882466885977 5.0
38.7521655978994 6.0
38.928099486304994 5.0
39.127206964154894 4.0
39.1951345273674 5.0
39.318280330325656 4.0
39.32606379922014 3.0
39.554241628066414 2.0
39.6053839444028 3.0
39.65546213726771 4.0
39.658670130779235 5.0
39.721527091597714 4.0
39.83117480099593 5.0
39.8875203650084 4.0
40.04325224660454 3.0
40.28103650812682 4.0
40.33929830590021 3.0
40.606533270020435 2.0
40.75506897536625 3.0
40.76224675080573 2.0
40.790133016577926 3.0
41.425712415237385 2.0
41.78357015004962 3.0
41.82820399834924 2.0
41.96039632010685 3.0
42.10917046558921 4.0
42.1276693176308 5.0
42.59014931993383 4.0
42.74125598240387 3.0
42.76398618659301 4.0
42.770550133807646 3.0
42.866381201170036 4.0
43.32464475968253 5.0
43.51392210420972 6.0
43.74811036576712 5.0
43.88960066081951 6.0
43.98854291336109 7.0
44.02160802989566 6.0
44.168970944309095 5.0
44.30317527404631 6.0
44.32599925106371 5.0
44.54256761563146 4.0
44.673058799904254 3.0
44.792701648445444 4.0
44.97596609686027 5.0
44.99597397439279 6.0
45.018048821291245 5.0
45.37630578961605 6.0
45.44228629898688 5.0
45.524957315606656 6.0
45.5785802869734 5.0
45.7148206514282 4.0
45.91398143403181 3.0
45.985638496871594 4.0
46.18205375697033 3.0
46.426993980089165 2.0
46.63271335658575 1.0
46.915510587792106 2.0
47.116239140135306 1.0
47.50763263620133 2.0
47.63513408358873 1.0
47.81724932911925 2.0
48.0954814202285 3.0
48.09761968200253 4.0
48.101903466897724 5.0
48.18900519693464 6.0
48.190464075623886 5.0
48.320841702616974 4.0
48.348372111211106 3.0
48.42230359672968 4.0
48.43871367311258 5.0
48.55044616954578 6.0
48.9658708837117 5.0
49.06105998730388 4.0
49.133263684158344 5.0
49.21692192984116 4.0
49.295131585037716 3.0
49.51500045995359 2.0
49.681410665283295 3.0
49.80341726578508 2.0
49.89740630921016 3.0
49.92437103142291 2.0
50.15964545785012 3.0
50.54452653391239 2.0
50.67732744685007 3.0
50.843076103591066 4.0
50.895899194530564 5.0
50.974045983706 4.0
51.01058086029077 3.0
51.01474522839192 2.0
51.26226710272252 1.0
51.55310151359025 2.0
51.59443125577225 1.0
51.942135530289924 2.0
52.14709017266823 3.0
52.35865692871477 2.0
52.40340985354977 1.0
52.67478120272347 2.0
52.883150071791114 3.0
53.12230897531323 2.0
53.20880092517892 1.0
53.39958251507927 2.0
53.630227036160086 1.0
53.67667371047377 2.0
53.72330478571781 3.0
53.94259627837713 2.0
53.989865708705985 1.0
54.63732438428743 2.0
54.67526698938575 3.0
54.7711922406836 4.0
54.87855266658291 5.0
55.02611043285507 4.0
55.10815286578262 3.0
55.30422673117171 2.0
55.39526663708063 3.0
55.40906615590579 2.0
55.46200370227308 1.0
55.49027923636897 2.0
55.55854070496744 1.0
55.75755996921853 2.0
56.00128877823648 3.0
56.0498322618827 2.0
56.100264098049735 3.0
56.20091685062211 4.0
56.31256000560489 3.0
56.377444647078775 2.0
56.38632204144616 1.0
56.42050342553671 2.0
56.48395479310926 3.0
56.570918641931016 4.0
56.60472745327619 3.0
56.92246040301978 4.0
57.07221596381387 3.0
57.30935105718451 4.0
57.3846793218438 5.0
57.41555473405359 4.0
57.443119082887236 3.0
57.51412710960173 4.0
57.56969933503259 3.0
58.026615484793034 4.0
58.05922569162919 5.0
58.07214486308867 4.0
58.30137924475832 5.0
58.43359729692925 4.0
58.480134178592564 5.0
58.58411948397696 4.0
58.62332979309968 5.0
58.69894478312785 4.0
59.40269563764232 5.0
59.406888428375765 4.0
59.4397789853549 3.0
59.454981217877766 2.0
59.544210587440666 3.0
59.73005265264141 4.0
59.73574129762769 3.0
59.80881203774425 2.0
59.84304188202961 1.0
59.87152579587598 0.0
59.88652863243723 1.0
59.9144022002636 2.0
60.050175105381314 3.0
60.29114598831137 2.0
60.372147058541884 3.0
60.378995784536976 4.0
60.52774045622394 5.0
60.62408488538928 6.0
60.647844564474084 5.0
60.67882344992583 6.0
60.78319940253181 7.0
60.83582975208081 8.0
60.901704612593555 7.0
60.9742283412413 8.0
61.04473830112164 9.0
61.140975268549276 8.0
61.1471389350532 7.0
61.48911261142805 6.0
61.57120783936766 7.0
61.616665110643076 6.0
61.71656607761249 7.0
61.76133289726348 8.0
61.775136529512295 7.0
61.82456547886915 6.0
61.92074772786089 5.0
62.2878007034351 4.0
62.42987671940333 3.0
62.43383180388869 2.0
62.46014644359131 3.0
62.594612643160524 4.0
62.83000079590151 3.0
62.93159625956477 2.0
63.00236435063156 3.0
63.023204683438095 4.0
63.09724679662921 5.0
63.12438354613395 4.0
63.17313954948963 3.0
63.25682464634067 2.0
63.513055697302235 3.0
63.56931307497962 4.0
63.682442134552765 5.0
63.73950519597519 4.0
63.82279499464653 5.0
64.17073525095604 4.0
64.24063626924952 5.0
64.34518738792346 4.0
64.40820057801135 5.0
64.47126727525026 4.0
64.52395680458868 3.0
64.59210238510542 2.0
64.75125034498292 1.0
64.82175925865951 2.0
64.87680244151525 1.0
65.58522343085987 2.0
65.77836632202519 3.0
65.90406598425265 2.0
66.06407789960286 3.0
66.37485583472721 4.0
66.38450078810837 5.0
66.5545456240276 4.0
67.05947236081927 5.0
67.26569225850125 4.0
67.61151617061833 5.0
67.63098811915154 4.0
67.73500056810411 5.0
67.77923669111021 4.0
68.02560805271807 3.0
68.06626646121377 2.0
68.27307917040699 3.0
68.60792713088404 2.0
68.76013615944524 3.0
68.81029136637925 4.0
68.93459800530839 3.0
69.1505294829029 2.0
69.21559369304295 3.0
69.26341761904912 2.0
69.32764606494364 3.0
69.34483457910387 2.0
69.66438083942668 1.0
70.01114932859653 2.0
70.27821832381603 3.0
70.31473559430248 2.0
70.70712141176563 1.0
70.71492378226733 2.0
70.82275686261598 1.0
70.98187733995128 2.0
71.02748586874037 3.0
71.45211276991445 2.0
71.87795845591458 1.0
71.90223015842915 2.0
72.11889202047324 3.0
72.18677595794479 2.0
72.21567538424141 3.0
72.28795086319411 4.0
72.3441321751291 5.0
72.40134552460633 6.0
72.72341175031508 5.0
72.8214242364267 6.0
72.84241661834032 7.0
72.84653937967104 6.0
73.03177483633883 5.0
73.11334987832342 6.0
73.25504120291947 5.0
73.38370015188107 6.0
73.39963293976683 7.0
73.43935516083573 8.0
73.45188336773725 9.0
73.45927784056514 10.0
73.5359726428856 9.0
73.5503745001026 10.0
73.60684874866517 11.0
73.74549281040495 10.0
73.81463412277631 9.0
73.90716212811793 10.0
73.91735552811775 11.0
73.95438815686376 12.0
74.05018622928912 11.0
74.14880162060486 12.0
74.21944634373068 11.0
74.282599836392 12.0
74.3316558399793 11.0
74.34999640180764 10.0
74.37357420181645 11.0
74.4074980804534 10.0
74.42873464495251 9.0
74.47465939849384 8.0
74.55012441324592 7.0
74.70393535796654 6.0
74.76175314254606 5.0
74.79268238204497 6.0
74.80166544778369 5.0
74.87787603929286 6.0
74.91624640917959 5.0
74.99039711202158 6.0
75.14932197510423 5.0
75.21249278102316 6.0
75.21372810667735 5.0
75.31521142677632 6.0
75.3386754609774 5.0
75.51290428288533 6.0
75.52866500096437 5.0
75.61168510310851 4.0
75.68328889610936 3.0
75.7285114165075 4.0
75.74583684889281 5.0
75.8695671865151 6.0
75.91327775160482 7.0
76.32530871974811 6.0
76.33719811128444 7.0
76.38728631856374 6.0
76.39703930373209 5.0
76.55494267307542 4.0
76.6857886515175 3.0
76.69867495993286 2.0
76.71393138063775 1.0
76.81324449534733 2.0
76.8431076825287 3.0
76.92131807471252 4.0
76.9473176673728 5.0
76.98580909263197 6.0
77.0622196567965 7.0
77.09569192111735 6.0
77.16705962071897 5.0
77.2009806194713 4.0
77.23544554688543 5.0
77.3611092535627 6.0
77.42104324521621 7.0
77.47338329094354 6.0
77.72526106952925 7.0
77.74035552660123 8.0
77.76618770452798 9.0
77.80685263413899 8.0
77.88735773767614 9.0
77.91538838530818 10.0
77.94597977484733 9.0
78.00834355371137 8.0
78.01583019646874 7.0
78.02958555617786 6.0
78.04136020916567 5.0
78.13982029941458 4.0
78.37255045621153 5.0
78.37286003234911 4.0
78.42975674408869 3.0
78.63687252687528 4.0
78.69832983697992 5.0
78.75671822655707 6.0
78.87135313925916 7.0
78.88766788845017 6.0
78.90773084072943 7.0
78.92146063520435 8.0
79.1183340085569 9.0
79.18771372149759 8.0
79.18783147826684 7.0
79.25633000178435 8.0
79.28081811861175 9.0
79.28415950528245 10.0
79.33871344255262 9.0
79.34476965781278 10.0
79.38026405221038 11.0
79.39178090320418 10.0
79.39375448080891 9.0
79.39836513732179 8.0
79.50364087545286 9.0
79.72055078260752 10.0
79.79234330302407 9.0
79.8336204695162 8.0
79.90637415523952 7.0
79.92752273064602 6.0
80.04005761076571 5.0
80.06015522851735 4.0
80.21816003450343 3.0
80.28942456587295 4.0
80.46966526711357 3.0
80.56851159296943 4.0
80.71213151611158 3.0
80.93525929019225 2.0
81.15317142419258 3.0
81.34783210996123 4.0
81.72982628528669 3.0
81.84707430023839 4.0
81.88339250936694 5.0
81.88883092021577 4.0
82.3735356920946 3.0
82.38515871923127 2.0
82.45267719444018 3.0
82.65463579117171 4.0
82.75419040109982 3.0
82.82335342155176 4.0
82.97685200516675 3.0
83.1100194675826 4.0
83.4010158339575 3.0
83.66205758066806 4.0
83.80556411554275 3.0
83.81146616628564 4.0
83.94315452413973 5.0
83.96801766946486 4.0
83.9843069022332 3.0
84.06085393950697 4.0
84.1475854672818 3.0
84.27079074525676 4.0
84.42480627506117 5.0
84.45908528531064 6.0
84.48576059846272 7.0
84.74653758489681 6.0
84.90143351620173 7.0
84.92059817559256 8.0
84.96395689692385 7.0
85.16814598267635 6.0
85.2117716775569 7.0
85.28175357248266 6.0
85.46767118898788 7.0
85.5602881563872 6.0
85.72157441941825 5.0
85.94367150746218 6.0
86.13937065327279 7.0
86.15131059821213 6.0
86.21906581190363 7.0
86.4793613892337 6.0
86.6473212549657 5.0
86.73202125870701 4.0
86.84985985313276 5.0
86.85146708025839 4.0
87.10484173784116 5.0
87.28846746387283 6.0
87.52701274269936 5.0
87.75211128091192 6.0
87.7868624025297 5.0
87.87584442270555 6.0
87.88672068570483 7.0
87.91967367239629 6.0
88.0302842441598 5.0
88.44935240399857 4.0
88.46878924159618 5.0
88.50067764117125 4.0
88.66178248647783 5.0
88.70257597911207 4.0
88.81285144745672 3.0
88.84402365856303 4.0
88.98800904714427 3.0
89.03688954275012 4.0