0.0 45.0
0.003850554569988859 44.0
0.021181274636414033 43.0
0.05105276415701067 43.0
0.06463906644011383 43.0
0.09890906962110751 43.0
0.10443101658626364 42.0
0.12583956361733167 42.0
0.14376334906889787 42.0
0.14853082856732977 43.0
0.15934922883939304 42.0
0.17605916738648758 42.0
0.221265137027141 42.0
0.24682577336604747 42.0
0.25780610016400873 42.0
0.27702397073375096 42.0
0.30230054111262555 41.0
0.37137997310026927 40.0
0.39274888514934464 41.0
0.4023659643439838 41.0
0.4471304139094687 40.0
0.4548212322678693 40.0
0.45995824192443424 39.0
0.4951889930909792 38.0
0.5046049401608513 37.0
0.5552745077186243 36.0
0.5555027851886256 36.0
0.5600498632140253 36.0
0.5700287772812407 36.0
0.5736223249670677 36.0
0.5742916699969235 36.0
0.6139636498016341 35.0
0.6493791743902781 35.0
0.659350285328951 35.0
0.6670525704523667 35.0
0.7284564849431553 36.0
0.7368417227204805 35.0
0.7444342985828263 35.0
0.8021266792987811 34.0
0.8397337819371923 33.0
0.9919230411388198 33.0
1.0087130154960915 33.0
1.0714898214129667 34.0
1.0810365718555806 34.0
1.1200012464171099 34.0
1.134876470627877 34.0
1.1875084573995631 33.0
1.20016520939379 33.0
1.2007181811055694 33.0
1.2212142314055627 33.0
1.2389547272337769 32.0
1.2684947207499202 32.0
1.2788925655307408 32.0
1.365857168876112 33.0
1.4653903348984523 32.0
1.4660355761263575 33.0
1.4977752336704648 33.0
1.522618216455912 32.0
1.5265024039057693 32.0
1.5272581185252418 32.0
1.5532329211285092 32.0
1.5568127172534032 33.0
1.5732399904454883 32.0
1.58149966788645 32.0
1.5999238937826057 33.0
1.638845808761848 33.0
1.643731386376669 34.0
1.6781868627219658 35.0
1.7146095634125116 34.0
1.737319790367194 33.0
1.7431156151376763 32.0
1.7444258898590892 32.0
1.7536702839349514 33.0
1.8212740524173083 33.0
1.8310457957980995 33.0
1.8393884639198 33.0
1.872787856268122 32.0
1.8877495806386342 32.0
1.9121301690821522 32.0
1.931771517060078 32.0
1.9471899947120261 33.0
1.9812206065341773 34.0
1.9822062749704288 35.0
2.0257187229102884 35.0
2.0393431895746708 35.0
2.064426365448921 35.0
2.071261067515299 35.0
2.0730280492443898 36.0
2.0803165255961558 35.0
2.10052825588199 36.0
2.1561307546917066 36.0
2.156620540228841 35.0
2.1582883892933795 35.0
2.184965920237249 35.0
2.2311699919825965 35.0
2.264044245630693 35.0
2.265393108639598 35.0
2.2707342310939533 35.0
2.3071338639969627 35.0
2.3081104485070267 35.0
2.3512386717297797 36.0
2.367877877545362 35.0
2.4128704367517804 34.0
2.4737075130548782 35.0
2.5836313135996387 36.0
2.609397164506223 35.0
2.6432514192840855 35.0
2.6543946575354456 36.0
2.661488547129219 35.0
2.6820657789642675 36.0
2.707608859294729 35.0
2.7376162294660764 34.0
2.757402321479335 34.0
2.759232966230437 34.0
2.787234726135904 35.0
2.7924480163582426 35.0
2.81294831252984 35.0
2.819446749847073 35.0
2.8203535331536367 36.0
2.885815106295475 36.0
2.90738951264111 36.0
2.913669538481767 36.0
2.9607630335520505 36.0
2.965146400978807 35.0
3.0284968778545727 36.0
3.031220466270683 36.0
3.050063223365986 36.0
3.062734133513138 35.0
3.0649685411723353 35.0
3.0791667837245273 34.0
3.079253950722441 33.0
3.0811016659810897 32.0
3.0985477157379337 31.0
3.171095495839496 31.0
3.235921368816646 31.0
3.2541487061196515 31.0
3.2702021242629957 30.0
3.271810394993627 31.0
3.2888122942808886 31.0
3.3281624815623108 31.0
3.350012068126604 32.0
3.3672612750938753 32.0
3.393841525605836 31.0
3.4025237829148156 32.0
3.4554963528210902 32.0
3.4609178634169564 32.0
3.462524433399618 33.0
3.467451298635883 32.0
3.485432606115326 33.0
3.525937127235627 33.0
3.536392643479642 32.0
3.55443932565728 33.0
3.5767487955332893 33.0
3.5829279590247025 33.0
3.5936316901841203 32.0
3.5960894339819136 31.0
3.6112374793367015 31.0
3.623375524284251 31.0
3.633491322464352 31.0
3.6547438125073928 31.0
3.6795941171318054 32.0
3.693004746080819 33.0
3.701475974741909 32.0
3.718406265874228 32.0
3.7253442772186327 33.0
3.7256895817052866 33.0
3.729841163218109 34.0
3.7360252454323373 35.0
3.7559583319039573 36.0
3.7674561577137298 35.0
3.7739614201856475 36.0
3.8075134859042263 36.0
3.8684466471002694 37.0
3.8804067317114725 37.0
3.88671603169728 36.0
3.889608889836848 36.0
3.898963557880765 37.0
3.920751107277745 38.0
3.958536824752835 39.0
3.995669273342558 39.0
4.007801464512452 38.0
4.016582155269324 37.0
4.026754122630056 37.0
4.03416517118377 36.0
4.0476784107883725 37.0
4.090569650956897 37.0
4.115693076565566 38.0
4.1419816823184314 37.0
4.181802115309981 38.0
4.214115845880437 38.0
4.226439469293451 38.0
4.2322260931257984 39.0
4.2323845326523895 39.0
4.253067901910189 38.0
4.294147329433587 37.0
4.33859809407328 37.0
4.406521466318394 36.0
4.419984841692925 36.0
4.483524999298091 37.0
4.488854320085708 36.0
4.498452210601797 36.0
4.508774138405968 35.0
4.510852892820733 34.0
4.578786440654192 33.0
4.591692202899003 34.0
4.60571333775378 35.0
4.672280142592027 36.0
4.820385747317483 35.0
4.82528329793503 36.0
4.829464842706491 35.0
4.874916690146233 35.0
4.8822526955944126 35.0
4.945556583126813 34.0
4.949899498195886 35.0
4.965836880201253 35.0
5.006049210707746 35.0
5.036074653727943 36.0
5.063802181908612 37.0
5.064876646314044 38.0
5.090168183312925 37.0
5.0961479441604105 37.0
5.104355102120407 36.0
5.121305586075328 36.0
5.149443008848563 35.0
5.150225066394377 36.0
5.173945841483657 36.0
5.195455108404296 37.0
5.200812857938796 37.0
5.204668806069234 37.0
5.211613847902783 37.0
5.230110994907573 37.0
5.235281222160998 36.0
5.250150211629461 37.0
5.302700404965407 38.0
5.347746585511809 39.0
5.358364628837587 39.0
5.3725507777422505 38.0
5.396516000063267 39.0
5.41507272956418 38.0
5.431897241708557 38.0
5.442584589403455 38.0
5.486265810546648 37.0
5.5083916067667165 36.0
5.540179727916101 37.0
5.55918973704707 36.0
5.642313079035717 37.0
5.667823480742904 38.0
5.692397918965024 37.0
5.719905848547595 38.0
5.731057454827859 37.0
5.733290621962866 38.0
5.74493218234423 37.0
5.750655277543636 36.0
5.784975763118203 37.0
5.789075927997169 37.0
5.800134581894779 36.0
5.805351354622536 37.0
5.809809169928815 37.0
5.83436944920293 37.0
5.892371048814932 37.0
5.8985871229912314 37.0
5.9166121097597735 37.0
5.923797376462133 37.0
5.926434109465077 37.0
5.933971516324236 37.0
5.961412035088588 37.0
5.96294296104435 38.0
6.005121716670255 38.0
6.032560584818897 37.0
6.040079834894083 38.0
6.040844819540056 38.0
6.055267081516381 37.0
6.068277717442285 37.0
6.075818852562276 37.0
6.151821144604865 36.0
6.195851181910715 37.0
6.213839333060321 37.0
6.216858564569399 36.0
6.22634979507055 36.0
6.257514360814345 35.0
6.2664162057103585 34.0
6.269429510461994 34.0
6.298111192989398 34.0
6.309894904668369 35.0
6.338779282613279 35.0
6.339178593061214 35.0
6.371874085144691 34.0
6.3796037284563525 34.0
6.414532737362748 35.0
6.425956592980599 35.0
6.429066038886597 35.0
6.432926292307926 36.0
6.447856478764737 35.0
6.504722327673959 34.0
6.527412757126722 35.0
6.55690425160723 34.0
6.694970824877176 34.0
6.767751325036846 34.0
6.776759952876058 34.0
6.8140166871634475 33.0
6.824369182863783 34.0
6.866350814631115 34.0
6.866698840623237 33.0
6.901285346969679 33.0
6.95734745924043 33.0
6.978119593329129 33.0
7.006199094088763 33.0
7.023924675553425 34.0
7.030664662726292 34.0
7.048206375161364 35.0
7.089897705600566 36.0
7.0978874268859 37.0
7.119612201365186 37.0
7.137812845333591 38.0
7.146188940772473 38.0
7.14903468261069 37.0
7.154368354293516 36.0
7.228386385278466 37.0
7.262156185407613 38.0
7.305144367811074 39.0
7.305368486413503 39.0
7.331658833400279 40.0
7.354081304099978 41.0
7.384016701928719 40.0
7.393075072577263 41.0
7.406592906519427 42.0
7.42051130295762 42.0
7.427319632673684 43.0
7.477481170572375 44.0
7.477690885475875 45.0
7.4840474276977185 45.0
7.529204097197316 46.0
7.53816963654556 47.0
7.551659559180018 47.0
7.578568279264749 48.0
7.656636543804801 49.0
7.668113502234616 48.0
7.7161382631399045 48.0
7.72778331728798 49.0
7.746649587995815 49.0
7.753864661659031 50.0
7.757170723389476 51.0
7.766628294540641 52.0
7.77538016939524 51.0
7.795119423006467 52.0
7.7965677551479144 51.0
7.797132538164543 51.0
7.816556135397704 50.0
7.890644138986435 50.0
7.946507804676381 51.0
7.988529446438356 51.0
8.00006232504292 51.0
8.01109712843589 52.0
8.017853349627083 52.0
8.1635964467623 53.0
8.180754645122304 54.0
8.196241797582212 55.0
8.2870100437846 56.0
8.287673493776698 57.0
8.290327985696152 58.0
8.297176822227986 59.0
8.39987455442766 59.0
8.436189179612358 60.0
8.451991996157732 61.0
8.457563272838087 61.0
8.479265494676428 61.0
8.535235275626091 60.0
8.602838774244589 61.0
8.62647932695845 62.0
8.69492369029029 62.0
8.727798238402228 63.0
8.731380000127725 64.0
8.747336358207889 63.0
8.791115832389316 64.0
8.792146164307772 65.0
8.798988978696578 65.0
8.813907263507051 64.0
8.876136518131986 65.0
8.944833973957337 65.0
8.985096937241416 65.0
8.986405904064176 66.0
9.001000210897137 65.0
9.0876842434482 66.0
9.153696347871152 65.0
9.168821917821276 64.0
9.239037435228763 63.0
9.384178026327909 62.0
9.393209480553788 62.0
9.487259887247165 62.0
9.490704853596927 61.0
9.507623574072381 61.0
9.52921079754998 61.0
9.577189890761193 62.0
9.593381309274479 61.0
9.596830652003534 62.0
9.621734071567882 63.0
9.65350862113264 64.0
9.689375278600375 63.0
9.713041287512448 64.0
9.72997465981606 65.0
9.757346880284036 64.0
9.831524685435214 64.0
9.851320368814083 65.0
9.90461120765841 66.0
9.907953556868083 65.0
9.942005923608656 65.0
9.96856692391026 66.0
10.0039398698695 66.0
10.063235557721853 65.0
10.076637543355087 66.0
10.141351062530301 66.0
10.184261565158053 65.0
10.224199382846043 66.0
10.277837416090733 66.0
10.320249483443614 66.0
10.359670208753025 65.0
10.36883389858099 64.0
10.40165380585519 64.0
10.531425329450398 65.0
10.546828591780617 65.0
10.579221995641552 64.0
10.617519039136567 65.0
10.635020481412706 66.0
10.638370276445425 66.0
10.683479660840202 67.0
10.770924894889022 68.0
10.787055983164425 69.0
10.802594078630845 70.0
10.820322508679618 69.0
10.82139226511736 70.0
10.864532951125113 69.0
10.961584920665159 70.0
10.962503132516222 69.0
10.963211402529216 70.0
11.08080420520013 71.0
11.14866710146908 70.0
11.16909698587134 69.0
11.170120676489427 70.0
11.21648518615737 71.0
11.397800099094598 72.0
11.40105401277998 71.0
11.463760647872826 70.0
11.465759161913319 70.0
11.606215915196117 70.0
11.615983881748788 71.0
11.61892835697448 71.0
11.636546888536978 72.0
11.638030043179576 71.0
11.678844808344103 71.0
11.689302634236244 72.0
11.706024914200633 71.0
11.716863679802671 70.0
11.776135488960136 69.0
11.792884494629865 69.0
11.841753448547223 70.0
11.892460116314536 69.0
11.958350680526573 70.0
12.05982080285786 71.0
12.061730764718549 71.0
12.128034393453158 70.0
12.15143103051938 71.0
12.161087940570628 72.0
12.193905664324022 72.0
12.202774596366108 73.0
12.218050592954466 74.0
12.225447529477055 75.0
12.377161161845015 74.0
12.527437035558865 73.0
12.534409187678378 74.0
12.537467501300693 74.0
12.642760562083549 73.0
12.648663936094163 72.0
12.652013522478745 73.0
12.656432097850162 74.0
12.809656380928894 75.0
12.817019501032012 75.0
12.840413254833908 76.0
12.860519895313182 77.0
13.001465701049568 78.0
13.113105084440358 79.0
13.375004653112013 78.0
13.768467671530054 77.0
13.806072904987174 77.0
13.81594826443691 78.0
13.919936814847905 77.0
13.95938944157901 78.0
13.975106648831673 79.0
14.104933872317213 78.0
14.174834260449112 79.0
14.19283198160039 78.0
14.293929188440577 79.0
14.320236009883516 78.0
14.338205883017299 77.0
14.404763962642015 78.0
14.490693445442872 79.0
14.632789860447257 80.0
14.672909670475308 80.0
14.715608339207948 81.0
14.915624528044424 80.0
14.932244643672316 81.0
14.949336579551375 82.0
14.967743738366305 83.0
14.999480644244008 84.0
15.327475538111191 84.0
15.414239318765857 85.0
15.471468712257145 86.0
15.544344629990867 87.0
15.676549616908025 88.0
15.731871600043435 88.0
15.788510425228717 88.0
15.870778805731428 88.0
15.907797445645064 89.0
16.110283052537245 88.0
16.197021629886127 87.0
16.222366275900725 86.0
16.47917208410026 85.0
16.490383929891617 86.0
16.604740428331773 87.0
16.626000275509274 88.0
16.762017692687063 87.0
17.016239556809662 86.0
17.192394916159643 87.0
17.21623791605871 86.0
17.3267251869365 87.0
17.64561278017717 86.0
17.761353104919575 87.0
17.87945460632028 86.0
17.91894542084608 87.0
18.04178023737992 88.0
18.047064207940288 87.0
18.06398964350903 86.0
18.099281078282242 87.0
18.196294129533253 86.0
18.567763339369595 87.0
18.878502567373594 86.0
18.912193138220626 87.0
19.008280235988593 88.0
19.291806704705767 87.0
19.320590361118906 88.0
19.41622172861197 87.0
19.423372589769127 86.0
19.550808534332912 87.0
19.574713325233102 86.0
19.60623198293392 85.0
19.616732617710063 86.0
19.79227300623592 87.0
19.90236366561009 88.0
19.957537636372283 87.0
19.99539667043783 86.0
20.020558967485055 85.0
20.028517179566872 86.0
20.42899773453947 87.0
20.983682114723752 86.0
20.99648256700166 85.0
21.346586986375627 84.0
21.732251648181798 85.0
21.753640358336856 84.0
21.83175125464554 85.0
22.276840861047894 86.0
22.56297065480048 87.0
22.565862485307132 88.0
22.788194287251365 87.0
23.039062160588383 86.0
23.08581734240746 85.0
23.13168349827368 84.0
23.225182654549855 84.0
23.338162969310993 84.0
23.346633330227487 83.0
23.48171639922051 82.0
23.67299443344768 83.0
23.722731673510463 82.0
23.7953995373249 81.0
23.817240410302148 82.0
23.90807452730755 83.0
23.981617774989616 82.0
24.04794547088605 83.0
24.249329133447183 83.0
24.36750933551218 82.0
24.399849450222355 83.0
24.406923751883713 82.0
24.42326555120873 81.0
24.43982316974645 82.0
24.45651502417209 83.0
24.610976020434897 82.0
24.917342386251335 81.0
24.93718634191128 82.0
24.97135550873532 81.0
25.000767653653334 82.0
25.115108417375946 83.0
25.299700155376247 82.0
25.424392737671226 83.0
25.44292615732614 82.0
25.468439267267783 81.0
25.557222703618393 82.0
25.61580866880107 83.0
25.722904806112002 82.0
25.761733125732327 81.0
25.875401717790048 80.0
26.026683375456496 81.0
26.114468618396153 80.0
26.207473135080022 81.0
26.244843840767416 82.0
26.28978190197535 82.0
26.414625878781912 83.0
26.48567555190134 83.0
26.569619670275838 84.0
26.635977852205603 85.0
26.637163901629613 86.0
26.642468547584542 85.0
26.66523344979539 85.0
26.933498221059132 84.0
26.969682587539154 85.0
27.01660205329533 84.0
27.169054404330577 83.0
27.215259301096314 84.0
27.26280021862523 84.0
27.276933165207634 85.0
27.29617460009951 85.0
27.900514025682824 86.0
28.00556896622405 87.0
28.07419813056713 86.0
28.224931477673064 87.0
28.490818599364303 86.0
28.509786719190675 87.0
28.56702126121832 86.0
28.811206953945742 85.0
29.04735704621265 84.0
29.119918598992005 85.0
29.401546790124303 86.0
29.419243405697422 85.0
29.703140738912104 84.0
30.100137539114268 85.0
30.12693211466171 86.0
30.709134784781046 85.0
30.810706342980843 84.0
30.868445491028673 85.0
31.174025450355412 86.0
31.24804263452463 85.0
31.414583136329593 86.0
31.48770736733251 87.0
31.50914885397178 86.0
31.747124231906106 87.0
31.92231186692632 86.0
31.966263133433134 87.0
31.969431084934524 86.0
31.98711945098638 87.0
32.13581517576698 88.0
32.13982965368784 87.0
32.200403489220705 86.0
32.327568740681635 85.0
32.36213744443018 84.0
32.425604611349705 83.0
32.43078560128921 84.0
32.47534574550936 85.0
32.508608766785315 84.0
32.89532646399419 83.0
33.07100885439654 84.0
33.34291630461237 83.0
33.35718659658742 82.0
33.38082958580308 83.0
33.3813573371197 84.0
33.38510674386855 85.0
33.57497868574887 86.0
33.61678483060328 87.0
33.78816165186225 86.0
34.05239443305217 87.0
34.16490097059503 88.0
34.4161204237576 89.0
34.51795085490222 88.0
34.81539080553502 89.0
34.96008095732951 88.0
34.98867109561418 87.0
35.05415231325 86.0
35.19891741170627 87.0
35.20252700225051 86.0
35.53646216747414 87.0
35.54346340204584 88.0
35.725566941698 89.0
35.99611619632473 90.0
36.228808508821025 89.0
36.27795795819838 88.0
36.471715323612905 89.0
36.54835669384989 88.0
36.57024876937882 89.0
36.5848421930037 88.0
36.60044529171756 87.0
36.67318604779526 86.0
36.86824706956198 87.0
36.89347234537372 86.0
37.09123995794368 85.0
37.10492443459038 86.0
37.18728774079502 85.0
37.28607220188446 84.0
37.30608275293405 85.0
37.32904893591664 86.0
37.75045663290532 87.0
37.845660233208065 88.0
37.93182440857472 87.0
37.987588451748415 88.0
38.86876930084731 89.0
39.052772806115215 88.0
39.15069449328602 87.0
39.170752597142 88.0
39.360716012237845 89.0
39.68405376169051 88.0
40.045774167715265 87.0
40.122042259531014 86.0
40.24350881467958 85.0
40.30837293033878 86.0
40.33958704491458 85.0
40.5826286603299 84.0
40.69495677253164 83.0
40.724455915857476 82.0
40.773626304378816 83.0
40.81926752049612 84.0
40.977808902590255 83.0
41.01465392430184 84.0
41.16938261073343 85.0
41.1984167268575 86.0
41.23059954547976 87.0
41.358211800611656 88.0
41.41371629682833 89.0
41.50793658307304 88.0
41.6536882101702 87.0
41.81573803896263 86.0
41.85293285364094 87.0
41.9329745512429 88.0
41.94519006336338 87.0
42.18072108589543 86.0
42.376742569708455 87.0
42.477575581359524 88.0
42.59718883085232 89.0
42.847967788777275 88.0
42.907847759958685 89.0
43.34150476146241 88.0
43.43563818388852 88.0
43.550557254469844 88.0
43.627436991614836 89.0
43.958708747160976 88.0
44.24654169787524 87.0
44.298322230212875 86.0
44.345788823514795 85.0
44.42463438983712 84.0
44.4925159814347 83.0
44.968578481819165 82.0
45.036474076510636 83.0
45.15316443462768 84.0
45.20442281632786 83.0
45.24445957159465 84.0
45.31836120054989 85.0
45.3580194491615 86.0
45.37183941576467 85.0
45.457014929977404 86.0
45.67178985671989 85.0
45.754346720484996 86.0
45.80215566458234 85.0
45.892653069570976 84.0
45.99659986219938 85.0
46.322937296629824 86.0
46.32561872745912 85.0
46.32929859473055 86.0
46.473132645642465 86.0
46.53629830081228 85.0
46.897665622432854 86.0
47.035399236878746 85.0
47.10603661211104 84.0
47.16232352864719 83.0
47.19705760773899 82.0
47.332124241130046 81.0
47.379864421213696 80.0
47.462776263544974 81.0
47.569319483251064 82.0
47.575775089629225 83.0
47.578484027022114 84.0
47.67863371425369 83.0
47.69686930863231 83.0
47.710362814276166 84.0
47.719299262748876 85.0
48.01577711360214 86.0
48.057895686996886 85.0
48.14227056483702 86.0
48.185764977349876 85.0
48.188196678616094 84.0
48.19824829025904 85.0
48.293243168428376 84.0
48.295264184075215 83.0
48.30528111323841 84.0
48.36318689492813 85.0
48.54640671043986 86.0
49.0748617659693 87.0
49.10202269537083 86.0
49.13422513647284 85.0
49.299057637653966 84.0
49.563195535925345 85.0
49.59779541367213 84.0
49.68965921439917 85.0
49.74545190783401 86.0
49.967606066529484 85.0
50.129912733799756 86.0
50.19852182052532 87.0
50.214370791879276 86.0
50.30046742976106 85.0
50.30743765095137 86.0
50.63192584130017 87.0
50.75865772980154 86.0
50.85753773463312 85.0
50.86260573433749 84.0
50.88510237925788 85.0
51.04819208329935 84.0
51.056749056290734 83.0
51.067376599939955 84.0
51.266920501605725 85.0
51.30078750615215 85.0
51.41680785673844 86.0
51.58029450644469 85.0
51.626832488471244 84.0
51.747984289920524 84.0
51.79997950655366 83.0
52.24766521114509 82.0
52.29850395816296 83.0
52.384678662097805 84.0
52.66908477143868 83.0
52.86321682029213 82.0
52.999863373523965 83.0
53.010194472122244 84.0
53.02458131556578 83.0
53.05149514947618 82.0
53.0568777505742 83.0
53.183321437922345 84.0
53.25909246240418 83.0
53.3070122154911 82.0
53.40308496762896 83.0
53.46198888867747 84.0
53.5529856275057 85.0
53.79331792916919 86.0
54.2363686936259 87.0
54.30054411376841 86.0
54.56388567158104 85.0
54.59203941772461 86.0
54.92664809991185 87.0
55.01868362225995 88.0
55.049854909162974 87.0
55.3937846109387 86.0
55.420238770418756 85.0
55.4289915513767 86.0
55.498228830695815 87.0
55.50532499709721 86.0
55.5421241493576 85.0
55.62825741163822 84.0
55.63176746037395 85.0
55.69922269148296 84.0
55.72337274277241 83.0
55.867753845848455 82.0
55.993780546423224 83.0
56.01334503051871 84.0
56.02584400419199 85.0
56.15080983818478 86.0
56.212405804846675 87.0
56.43010070479994 86.0
56.43671459881301 87.0
56.779649126242695 86.0
56.98552767076879 85.0
57.08818813416165 86.0
57.16305038995061 85.0
57.24359049504728 84.0
57.264544634422414 83.0
57.2692511981296 84.0
57.2895252176688 85.0
57.403707083580514 86.0
57.481738340339426 85.0
57.63358492176108 86.0
57.710839318764386 85.0
57.796677948454864 86.0
57.84349679645625 85.0
58.02587483933414 86.0
58.19151988000316 85.0
58.379559587671736 84.0
58.40011432001578 83.0
58.50035008198673 82.0
58.71709387127281 81.0
58.74271584569867 82.0
58.76065880154161 83.0
58.79525170804094 84.0
58.89743213238104 83.0
58.90299713114586 84.0
58.90394295731361 85.0
59.1188884019928 86.0
59.23035785621394 85.0
59.46362756270584 86.0
59.76247104696943 85.0
59.883339227998846 86.0
60.24160540775745 85.0
60.31490569924591 86.0
60.43963281895226 87.0
60.534371436498105 86.0
60.58660712679196 87.0
60.73951988690212 88.0
60.97409001699608 89.0
61.13398396089501 90.0
61.18356095215142 89.0
61.34718460608337 88.0
61.67423817722856 89.0
61.74321773235465 88.0
61.77320822410668 89.0
62.6870896067921 88.0
62.75966768543709 87.0
62.780564076249725 88.0
63.294011538453965 89.0
63.58337565818579 88.0
63.599322838110396 87.0
63.83928471836731 86.0
64.23578685307862 87.0
64.23973907277062 88.0
64.84263565834829 87.0
64.85425979120974 86.0
64.89426979368231 85.0
64.90817712380361 86.0
64.92973409042864 87.0
64.98715989624904 86.0
65.02428968951256 85.0
65.02437366950163 85.0
65.13272662677039 84.0
65.14463621801305 83.0
65.19756746478471 84.0
65.26998758074205 83.0
65.30004767521562 84.0
65.32384929618648 85.0
65.4426205275974 84.0
65.47367181288384 84.0
65.53917574735829 83.0
65.67002296321405 82.0
65.75786639263661 83.0
65.81015044527568 82.0
65.85221269099617 81.0
66.05774092449964 80.0
66.09219362769315 81.0
66.25759128373285 82.0
66.3860749668461 81.0
66.4191838843916 81.0
66.783010303474 80.0
66.98285600483482 81.0
67.03744898262929 80.0
67.0733162867933 79.0
67.08347974100137 78.0
67.27336846381033 79.0
67.27662101783513 80.0
67.29017807853288 81.0
67.29381906694834 80.0
67.42012125349947 81.0
67.44739722353548 82.0
67.97616822242034 81.0
68.01895610127013 80.0
68.05461396197487 81.0
68.05627827346507 82.0
68.06347144596984 83.0
68.09416322000988 82.0
68.26898986820903 83.0
68.27600190629741 83.0
68.28489800780052 84.0
68.31499245003322 84.0
68.46377513370909 85.0
68.79333159934856 84.0
68.85351371931934 84.0
69.15887524777068 85.0
69.33636274881607 86.0
69.58389476025532 85.0
69.59758781173821 84.0
69.60797042323416 85.0
69.67204281250918 86.0
69.73135920298813 85.0
69.75268177648866 86.0
69.79466053226956 85.0
70.14329132926807 84.0
70.23671596341924 83.0
70.5132253370498 84.0
70.91304619131667 85.0
70.9559918001029 84.0
70.97782524346763 83.0
70.97807314466951 84.0
71.16079652448451 83.0
71.2025068621435 84.0
71.34691076735838 83.0
71.37107883873429 84.0
71.41762817452172 85.0
71.51917665202159 84.0
71.58749305679218 83.0
71.62022288899738 82.0
71.78021207226229 81.0
71.79573840893866 80.0
72.04181885744465 81.0
72.16877954867451 80.0
72.17487422017624 79.0
72.34718957042406 80.0
72.41383656814934 81.0
72.70570686127066 80.0
72.78326186512588 80.0
72.82657260684323 79.0
72.82874247033229 78.0
73.01044489784204 77.0
73.0554583451418 77.0
73.06082515123641 76.0