0.0 0.0
0.04055798859044246 1.0
0.05195654095529731 2.0
0.06310572661637494 3.0
0.08090024616362136 4.0
0.08571897328757927 5.0
0.1029400781505016 6.0
0.1270028701514179 7.0
0.1278971891581407 8.0
0.18052810499234076 7.0
0.2908106588519868 8.0
0.30012006088116233 7.0
0.3101847576194613 8.0
0.357324700449423 9.0
0.38915659497335614 10.0
0.4152426681090857 11.0
0.4194009546323457 12.0
0.42183373696249793 13.0
0.4253400661195618 14.0
0.4439713325869649 13.0
0.44743991750076 14.0
0.47487256968897434 15.0
0.4852092329642308 16.0
0.5005311123727598 17.0
0.5122324602111608 16.0
0.5155818220892718 17.0
0.5189383949478715 18.0
0.5726608903209983 19.0
0.6584412815918361 20.0
0.6651831918155812 19.0
0.6681142474097643 20.0
0.6979832308860918 19.0
0.7272886522602371 20.0
0.7824891972993671 21.0
0.7854341723528199 22.0
0.7932326472406573 23.0
0.8425996124681358 24.0
0.8519438836902902 25.0
0.8651324536624575 26.0
0.8700503730252559 27.0
0.8713711667066029 26.0
0.8828225979695772 25.0
0.9070836404796985 24.0
0.9322297149222861 23.0
0.9410349305451995 22.0
0.9582166562789609 21.0
1.0095159290708735 22.0
1.025587313432444 23.0
1.0630645783692225 24.0
1.1618952669985871 25.0
1.169904694078005 26.0
1.191793884038416 25.0
1.2420896199076914 26.0
1.2609373665115755 25.0
1.2633450006602172 24.0
1.2952838550276626 25.0
1.3412902215667324 26.0
1.4291855959510436 27.0
1.470474523408982 26.0
1.4718558943680617 27.0
1.5038215674602744 28.0
1.5462679788600107 29.0
1.5551204382855968 30.0
1.5682903677437194 31.0
1.5874571893485636 32.0
1.5997356073941837 31.0
1.6162746216960466 30.0
1.6434503401227731 29.0
1.649109349431929 28.0
1.6964659574508532 27.0
1.7105732111867316 28.0
1.7206039196237615 29.0
1.871075409581389 30.0
1.949617963538979 29.0
1.9927632520607172 28.0
2.0029238886719836 29.0
2.0046997389427874 28.0
2.045088276668154 27.0
2.0956794486828203 28.0
2.143492492318845 29.0
2.161417663755319 28.0
2.1788604905075823 27.0
2.199483349072114 26.0
2.2083109831510064 27.0
2.2104574744286283 28.0
2.2684269915096165 29.0
2.28936781784454 28.0
2.290911579390579 29.0
2.301935445352082 30.0
2.316751322675701 29.0
2.3208990900584983 28.0
2.3363996701664616 29.0
2.341493263893676 30.0
2.3441509866114623 29.0
2.3460737603976156 28.0
2.3534932155657247 29.0
2.370284863411447 28.0
2.401989549581687 29.0
2.4095018942044426 28.0
2.4182282413777516 27.0
2.4733497540509775 26.0
2.4866161683654955 27.0
2.5178994265203007 26.0
2.531863193721565 27.0
2.5655055815184102 26.0
2.598486453814504 27.0
2.668622935675079 28.0
2.714174404122504 29.0
2.726901789074826 30.0
2.754446939140229 29.0
2.7963646645396993 30.0
2.797094944658076 31.0
2.7971171239109105 32.0
2.8580344562110693 31.0
2.902467778711994 32.0
2.9182662643188135 31.0
2.974764631264454 30.0
3.0190917713201095 31.0
3.0198392608556515 30.0
3.044452136964714 29.0
3.0763796661410834 30.0
3.0789977386254614 29.0
3.147729258973824 30.0
3.1746226610148196 29.0
3.1940172703065928 28.0
3.2310925269097757 29.0
3.2555689330609563 30.0
3.258432483290858 29.0
3.280171651908695 28.0
3.304805228493048 29.0
3.319962512458353 28.0
3.3359826181144583 29.0
3.3659773491492344 28.0
3.3948644664809007 27.0
3.398346359163495 26.0
3.414286402226275 25.0
3.425124922771772 24.0
3.4359801475222658 23.0
3.443584620012712 24.0
3.448151676110363 23.0
3.4893712331837174 24.0
3.5278255951662225 25.0
3.550343354813462 26.0
3.5621476858925964 27.0
3.62422246859957 26.0
3.627604475104472 27.0
3.638763814826928 28.0
3.650362959061481 27.0
3.6681411107041306 26.0
3.7089232013209097 27.0
3.725718284772319 26.0
3.7317170169665204 27.0
3.752999225348253 26.0
3.762302608454112 25.0
3.863900906328743 26.0
3.8828476086224564 25.0
3.8957006298754298 26.0
3.925178123144533 25.0
3.9281181087251285 24.0
3.9676131853772234 25.0
3.984171743831632 26.0
4.064618430121024 25.0
4.093211109960638 26.0
4.149218267361599 27.0
4.151797317482487 26.0
4.156249638405231 25.0
4.172626990138673 26.0
4.241508755134346 25.0
4.252810792411145 24.0
4.283539834313359 23.0
4.2897763205148305 24.0
4.311694493901875 23.0
4.353948287448373 22.0
4.364979119500776 21.0
4.369973249759476 22.0
4.375950558935674 23.0
4.382991842347025 24.0
4.402062950474786 25.0
4.4063959051576 26.0
4.424928385491175 25.0
4.4400316411712115 26.0
4.457750050564376 25.0
4.4626591098652195 24.0
4.517053160413483 23.0
4.543515086665614 24.0
4.54890848445466 25.0
4.559663768372437 26.0
4.565603689816135 27.0
4.56617967725317 26.0
4.587633088886865 27.0
4.628345419525418 28.0
4.628685042341307 29.0
4.669122811247965 30.0
4.680254301612291 29.0
4.693342336851441 30.0
4.703699120442344 31.0
4.718588207443647 30.0
4.771391117782301 31.0
4.830877369311785 32.0
4.846165301357 31.0
4.847378415180733 30.0
4.883870994656923 29.0
4.908196351785905 28.0
4.924734408121791 29.0
4.93017462115815 30.0
4.974311080449243 29.0
5.013256892802642 28.0
5.028273266388367 27.0
5.045970629394002 26.0
5.089904318624239 25.0
5.094633833417051 24.0
5.109581605523656 25.0
5.15321251372447 26.0
5.174415361145655 27.0
5.197976791526543 26.0
5.245555611806205 25.0
5.247987061031261 24.0
5.254865789226783 25.0
5.284706403826326 24.0
5.314918252213277 23.0
5.330717420270953 24.0
5.369219136837078 23.0
5.385766418487775 24.0
5.437685816755588 25.0
5.445810780364031 24.0
5.4498080840967456 23.0
5.453916260072083 22.0
5.470126280997384 21.0
5.4822275636965045 22.0
5.4892054203632545 21.0
5.572975073601691 20.0
5.602077758562689 21.0
5.626308324945679 22.0
5.634213521334365 21.0
5.739926181084877 22.0
5.740906348246938 21.0
5.7475764384994115 20.0
5.774618351140211 21.0
5.782729634580893 22.0
5.7986251289559645 23.0
5.800454223747948 22.0
5.825522060183551 21.0
5.84993085102277 22.0
5.865440630527339 23.0
5.88740355568069 24.0
5.899581712945582 23.0
5.901292350803863 24.0
5.906853394970096 23.0
5.929980506045658 24.0
5.935795032721207 25.0
5.9528406045050675 24.0
6.000200753464568 23.0
6.004560405087458 22.0
6.0091541243508315 23.0
6.037740741649272 22.0
6.126304864441083 23.0
6.131790848880869 24.0
6.1335844678975695 25.0
6.193184496232128 26.0
6.227808170601991 27.0
6.230309856509152 26.0
6.277191080205339 27.0
6.2803220109603615 28.0
6.284516011999268 27.0
6.319515541913549 28.0
6.345999282191024 27.0
6.3846524370349425 28.0
6.386637895557863 29.0
6.39051523642638 30.0
6.398376778808753 29.0
6.411651546305701 30.0
6.478740909381201 31.0
6.491972965586378 32.0
6.509381004608985 31.0
6.520542479957008 30.0
6.537786891115314 31.0
6.601695715786982 30.0
6.659327549798973 29.0
6.691426355617502 28.0
6.722782910183463 27.0
6.822394753873752 26.0
6.870544813392072 27.0
6.88076296751877 26.0
6.962966299877999 27.0
7.014618356234159 26.0
7.051498709831601 27.0
7.125285503659725 28.0
7.195251060690602 27.0
7.2186694775475315 28.0
7.220089964724309 29.0
7.231161378443746 30.0
7.335080929767738 29.0
7.353195526322676 28.0
7.357933686731433 27.0
7.418030579184849 28.0
7.464852406425249 27.0
7.487802131984298 26.0
7.52033051846622 25.0
7.564124446337573 24.0
7.617969816713812 25.0
7.623252699864737 24.0
7.645028768052373 25.0
7.647220754734699 26.0
7.661724119078331 25.0
7.6756931258473085 24.0
7.690902105252165 25.0
7.753086935018531 24.0
7.788778976865259 23.0
7.799820834881889 22.0
7.809314919326744 21.0
7.9253453652553105 20.0
7.947901111457801 21.0
7.950838904893351 22.0
7.981954148718245 23.0
7.986566060064516 22.0
8.014315468426812 23.0
8.019247334701982 22.0
8.0464574417448 23.0
8.048908508453799 22.0
8.05908793074693 21.0
8.0791112385857 20.0
8.079722815806768 19.0
8.081557860332131 20.0
8.09037146398638 19.0
8.11615197581974 20.0
8.129054104969812 21.0
8.135020161550727 22.0
8.137340855013846 23.0
8.14036260446775 22.0
8.153997449285411 21.0
8.164026037964355 22.0
8.215593838990234 23.0
8.216659902406828 22.0
8.281533274396228 23.0
8.310265796265506 22.0
8.323360321354802 21.0
8.352505128623967 20.0
8.426924882486212 21.0
8.427400730118759 22.0
8.455702003557933 21.0
8.461499618369862 22.0
8.559895257178654 23.0
8.613242400761406 22.0
8.622510055984932 23.0
8.639104893035775 22.0
8.690035731220439 21.0
8.71972375034172 22.0
8.746741117402568 23.0
8.778151632370516 22.0
8.807125548895224 23.0
8.830095764932482 24.0
8.842245114148328 25.0
8.855585627249429 26.0
8.885219775168686 27.0
8.981637754017749 28.0
9.022273089587397 29.0
9.070587097420352 28.0
9.075537865136015 29.0
9.099478701489515 30.0
9.114962653766726 31.0
9.13653622294701 30.0
9.165166028209192 29.0
9.179715744516356 28.0
9.196285059538313 27.0
9.198947971733055 28.0
9.256187134041708 27.0
9.263089921715133 26.0
9.30988892760876 27.0
9.342424087312613 28.0
9.368101495745622 27.0
9.413233771195236 26.0
9.433563934583637 27.0
9.472894678628595 26.0
9.476508105613869 25.0
9.47875183886784 26.0
9.489507256319525 27.0
9.49712062538968 26.0
9.536981035135735 25.0
9.554406397870144 26.0
9.573313769596004 25.0
9.585470630666352 26.0
9.593593332175136 27.0
9.627958796966453 26.0
9.668959382582761 27.0
9.675391009550586 28.0
9.681964276955634 27.0
9.69871294485732 26.0
9.714860188749467 25.0
9.721397661250341 24.0
9.739551712408476 25.0
9.764787282558135 26.0
9.774749075441052 25.0
9.793606780744511 24.0
9.798807608595073 23.0
9.80981011733916 24.0
9.867502789588766 25.0
9.897441883726138 26.0
10.04123830682292 27.0
10.104214137406666 28.0
10.107345184955625 27.0
10.11787797361193 28.0
10.11832795432338 27.0
10.12037943997905 26.0
10.135211372434092 25.0
10.163750368743843 26.0
10.190901416365282 27.0
10.209213494125246 28.0
10.209703203675756 29.0
10.25563695884875 28.0
10.258378752025015 29.0
10.275755632930839 28.0
10.294927176080913 29.0
10.332828877686172 30.0
10.340386088513586 31.0
10.340650172605411 30.0
10.362221656843692 29.0
10.423168324593565 30.0
10.430755174959327 31.0
10.472918923580217 32.0
10.526897306644731 31.0
10.56155072085075 30.0
10.574630679992223 29.0
10.574949998410961 28.0
10.621713452242457 27.0
10.632388829890225 26.0
10.637598639469676 25.0
10.668506368824326 24.0
10.72162758878028 23.0
10.734009239720844 24.0
10.752656479379832 23.0
10.755596773702582 24.0
10.791890505243304 23.0
10.847931681028296 24.0
10.862438122424553 25.0
10.882931784849092 26.0
10.934768707770072 25.0
10.935173052106332 26.0
10.982336141130798 27.0
10.992280807965287 28.0
10.998235508042356 29.0
11.044238439135583 28.0
11.053865349836592 27.0
11.055723990227262 28.0
11.06664515978731 27.0
11.076638088962024 28.0
11.09757263879785 29.0
11.10825835161261 30.0
11.137926545573125 31.0
11.15793713935533 32.0
11.173642922413345 33.0
11.182274785131881 34.0
11.255785446219654 33.0
11.275808729544687 32.0
11.304636116567245 31.0
11.304645081329696 32.0
11.328026989469485 33.0
11.338541289860855 34.0
11.343288140568665 35.0
11.380530680998566 34.0
11.39727750263119 33.0
11.407019801476869 32.0
11.413676862578463 31.0
11.456881305008885 30.0
11.461037762305162 31.0
11.478792289247634 32.0
11.503706096604724 33.0
11.509148524586061 34.0
11.535092860228154 35.0
11.586830893753412 34.0
11.595223732000695 35.0
11.609360239954766 34.0
11.613444293814624 33.0
11.635405114683191 32.0
11.661618702050694 31.0
11.67771984181599 32.0
11.727691827076622 33.0
11.753587495809061 32.0
11.870492023558564 31.0
11.880583227282832 32.0
11.945150569419509 33.0
11.970671495888945 32.0
11.98181655726918 33.0
12.006942157974231 32.0
12.04497269687018 31.0
12.052402886923911 32.0
12.089723811085086 33.0
12.117802536949984 32.0
12.130624057335712 31.0
12.131646243065646 30.0
12.167207298453313 29.0
12.199668927036614 28.0
12.244990065678968 29.0
12.257367098258836 28.0
12.264143600998914 27.0
12.310844564994081 26.0
12.32771040502209 27.0
12.341415998568248 26.0
12.368614399585232 27.0
12.389975980175818 26.0
12.412093758711071 25.0
12.421493571986451 24.0
12.440552590848853 25.0
12.461634407340819 24.0
12.468330488789295 25.0
12.473498941560376 24.0
12.505726787623264 23.0
12.563004131126764 24.0
12.623747409283965 23.0
12.65749837530552 24.0
12.661343191034153 23.0
12.684921642271611 22.0
12.716866471708348 21.0
12.730255832764673 22.0
12.735033124025687 21.0
12.73733220928989 20.0
12.74921368523807 21.0
12.761194266383045 20.0
12.782944076156882 21.0
12.89417712731778 20.0
12.896972953891424 19.0
12.930759081012354 20.0
12.941449424390305 21.0
13.028927447996248 22.0
13.107537733455095 23.0
13.131414220114403 22.0
13.168441717099872 21.0
13.170726999476788 20.0
13.178122611540616 19.0
13.182296800000005 20.0
13.206907395472063 19.0
13.25693102960291 18.0
13.265886649889957 17.0
13.327892469725317 18.0
13.378328178780833 17.0
13.412724779738156 16.0
13.460120734372719 15.0
13.463754253960747 14.0
13.486018426841051 15.0
13.659481354546584 14.0
13.66322728941639 15.0
13.675999407624353 14.0
13.809727747955588 15.0
13.905153205039326 16.0
13.946383398057403 17.0
13.949335355083884 18.0
13.982687176681875 19.0
13.984503286579649 18.0
14.00323559795203 17.0
14.01176343228104 18.0
14.098054575715862 19.0
14.123551296712915 18.0
14.146736396725156 19.0
14.151011336582894 18.0
14.36259896875873 19.0
14.386746657473045 20.0
14.415630270030022 19.0
14.423129864501746 18.0
14.465001151592496 19.0
14.465778815555577 20.0
14.480859739326167 19.0
14.481101741178575 18.0
14.495202256112313 17.0
14.511297240899841 18.0
14.511577456141913 17.0
14.562898852724926 16.0
14.563920680432892 15.0
14.572934815671317 16.0
14.622295604453816 15.0
14.632399762828799 14.0
14.724899749255332 15.0
14.732444652573955 16.0
14.790544941720324 15.0
14.80410535075463 16.0
14.880325940829389 17.0
14.995799173207113 18.0
15.082409513717625 17.0
15.101743913540862 18.0
15.14279955880012 17.0
15.143693993197683 18.0
15.155948432560047 19.0
15.218821822568874 18.0
15.403143178479434 17.0
15.417255081344964 16.0
15.487217132306913 15.0
15.526272947527733 14.0
15.552635659503323 15.0
15.552813467408162 14.0
15.638089523719431 13.0
15.663079075094265 12.0
15.784069141726368 11.0
15.86295734303318 12.0
15.938206284942064 11.0
15.955555904283814 10.0
16.009826162440024 11.0
16.205348846353097 10.0
16.268210354476007 9.0
16.281338248534727 8.0
16.351957418959177 7.0
16.417697804176356 6.0
16.51949466287365 7.0
16.53195245201949 6.0
16.69053323531747 5.0
16.787512177675953 6.0
16.82739137929276 5.0
16.94840447696416 4.0
16.949966064771505 5.0
17.146839648867342 4.0
17.1613842936579 5.0
17.200707230300317 4.0
17.208329919890044 5.0
17.837274462884945 4.0
17.889776324701735 5.0
17.927228513463596 4.0
17.993362371040355 3.0
18.028375149086184 4.0
18.14694074876306 5.0
18.19347306284341 6.0
18.21801309089072 5.0
18.267827655761337 6.0
18.278372016795483 7.0
18.281297926287593 8.0
18.340380132367102 7.0
18.371211068503072 6.0
18.3808403961187 5.0
18.405987971382533 6.0
18.436448274468074 7.0
18.745682804550746 8.0
18.852247783281726 7.0
18.927075255420352 8.0
19.019927083943383 7.0
19.174947920679905 6.0
19.21339774532358 5.0
19.28255373229256 6.0
19.36032380934565 7.0
19.463059919976985 6.0
19.52822224792485 5.0
19.542861323752323 6.0
19.6439892740074 5.0
19.648902246936277 4.0
19.979857938358926 5.0
20.228350642064317 6.0
20.350636928624397 7.0
20.471382624734588 6.0
20.51118867263157 7.0
20.529097615929278 8.0
20.575375285268947 7.0
20.653290759055682 6.0
20.917585756926677 7.0
21.039327636169407 6.0
21.05951406923117 5.0
21.155030351105435 4.0
21.302693376743314 5.0
21.341566444271773 4.0
21.53036007212911 5.0
22.00448072129351 6.0
22.182793342643993 7.0
22.34554117680809 6.0
22.437489112716865 5.0
22.569671305890598 4.0
22.603740259669443 3.0
22.60944969350734 2.0
22.828054421606033 3.0
23.091381219166447 4.0
23.233294625088345 3.0
23.298851997201925 4.0
23.304869177830057 5.0
23.38166312808953 6.0
23.619412322080258 7.0
23.641343477577706 8.0
23.722476371785728 9.0
23.767650709805395 8.0
23.831952918159416 7.0
23.876794018403405 6.0
24.25152429778183 5.0
24.27714120462813 6.0
24.404474893027334 5.0
24.7126238938836 6.0
24.810514574883495 7.0
24.816648967580363 6.0
24.888693839632793 7.0
25.139897351457627 6.0
25.35779254774281 5.0
25.529118845635246 4.0
25.54375929826392 5.0
25.833101740142226 6.0
25.867770316246563 5.0
26.012012591302785 6.0
26.116472708868915 7.0
26.260982360171916 6.0
26.382606787580578 5.0
26.491168409819036 4.0
26.63934730373529 3.0
26.681621627082254 4.0
26.81879917045214 3.0
26.97231184280073 4.0
27.006537037173846 3.0
27.042886210056935 2.0
27.056389706705165 3.0
27.170351887258953 4.0
27.291668201249742 3.0
27.36776802011405 4.0
27.612957968178975 5.0
27.665585383290892 6.0
27.67351043993092 5.0
27.695469954819607 6.0
27.73835959202231 5.0
27.802262936213744 4.0
27.86413834509311 5.0
27.918868346247873 6.0
27.983009112518246 7.0
28.266466792923943 6.0
28.40268380857839 7.0
28.41806847633799 8.0
28.446436309866005 7.0
28.481497247979565 8.0
28.60541074408951 9.0
28.636143711282582 8.0
28.911364106089362 7.0
28.932608660950123 6.0
28.991177629589515 5.0
29.19455559856353 4.0
29.269811556328396 3.0
29.447843786295138 4.0
29.464808669492516 3.0
29.490138904717394 4.0
29.79229220834229 3.0
29.91789584373727 2.0
29.990669221225506 1.0
30.152339660360074 2.0
30.28096550996449 1.0
30.617197569091072 2.0
30.734495901671263 3.0
30.7415871542657 2.0
31.044967480778485 1.0
31.153389277588907 2.0
31.163634384027485 3.0
31.29003837553886 4.0
31.492507956270174 5.0
31.56230529200132 6.0
31.56939626851992 5.0
31.623754610288984 6.0
31.72757888798948 7.0
31.867531966810752 8.0
32.013827148532904 9.0
32.05381918032695 8.0
32.24866637207012 7.0
32.28034479115359 6.0
32.54575116852794 7.0
32.7744958976044 6.0
32.85282138935546 7.0
32.87597601227729 6.0
32.88305368067943 7.0
32.89072577570833 6.0
32.92677164751075 5.0
33.07911857571551 6.0
33.28972802901213 5.0
33.292497277595935 6.0
33.31227887019585 7.0
33.5943956464497 6.0
33.78367934733789 5.0
33.81351778468431 6.0
33.84882537297147 7.0
33.89929880449257 8.0
33.97984237525964 7.0
34.081961624065876 6.0
34.29553230605465 7.0
34.35593151351536 6.0
34.49490033758758 7.0
34.498097953151145 8.0
34.78053880416518 7.0
34.96161905351259 6.0
34.985915129080745 5.0
35.054912072119855 4.0
35.066903604381054 5.0
35.09705533597813 4.0
35.348212524529394 3.0
35.39082858414977 2.0
35.41679293666445 3.0
35.92037675583465 4.0
36.08918797159029 3.0
36.187536714425676 4.0
36.19351073769273 5.0
36.51660525210676 6.0
36.52722104987339 5.0
36.55039300306725 4.0
36.86399299987561 3.0
36.93647006688638 4.0
36.98226853140501 5.0
37.14364826498424 4.0
37.17024690283574 3.0
37.227959182608295 4.0
37.279527269383735 3.0
38.001365434834206 4.0
38.023502717154635 5.0
38.25804011096769 4.0
38.38357056865998 5.0
38.38743168652734 4.0
38.57996707020886 5.0
38.65067140969955 4.0
38.96126797618467 5.0
39.131008275745735 4.0
39.171806590117775 3.0
39.29189142730906 2.0
39.409389837610696 3.0
39.55854349354848 2.0
39.6458714979469 3.0
39.81777059708645 4.0
39.86686340980392 5.0
39.964584462321284 4.0
40.05157468643511 3.0
40.161810940839075 2.0
40.247143205312845 1.0
40.53340001601012 2.0
40.705569501991626 3.0
40.75728728596477 4.0
40.89700779623776 3.0
41.19325056750223 4.0
41.229147759706706 3.0
41.23526022116904 2.0
41.572293860775595 3.0
41.61452413122887 2.0
41.72960938649704 1.0
41.812155264604776 2.0
42.03465572912448 3.0
42.23332946868847 4.0
42.37049010163792 5.0
42.65378223382709 4.0
42.74060650719713 5.0
42.761159851049655 6.0
42.77857453263271 7.0
42.860292853913144 6.0
43.2380767572096 7.0
43.61362347511914 6.0
43.73301958787707 7.0
43.73669007484884 6.0
43.78771905369295 5.0
43.87786857927103 4.0
43.938915801845745 5.0
44.0025696424439 4.0
44.06623350776526 5.0
44.139998416255324 4.0
44.14719686550716 5.0
44.171164790656526 6.0
44.33208032383521 5.0
44.56428937517688 6.0
44.61848124334364 5.0
44.62590425546799 4.0
44.642831506893884 3.0
44.84149391242523 4.0
45.04065655907126 3.0
45.05842966491556 4.0
45.09778958679532 3.0
45.18662122858379 2.0
45.22278010034712 3.0
45.30914281147783 4.0
45.414407107949515 3.0
45.46188507382319 4.0
45.49780014878683 5.0
45.53785222799163 6.0
45.62402115558543 7.0
45.71087926856695 6.0
45.86063536403159 5.0
46.1912926131721 4.0
46.2302539623671 3.0
46.310036322369506 4.0
46.356930146410186 3.0
46.407758092520254 4.0
46.543486609936544 5.0
46.639912195737004 4.0
46.80049859747877 5.0
46.981189173360605 6.0
47.268657334094506 5.0
47.42497752911727 6.0
47.47030686738163 7.0
47.51858869280727 6.0
47.54194154535223 7.0
47.58758020099308 8.0
47.59066944976169 7.0
47.61965460120332 6.0
47.62027315712173 7.0
47.6821693664608 8.0
47.70719698498676 7.0
47.77011281156289 6.0
47.787857931353614 7.0
47.83672104332049 6.0
47.842985429042216 7.0
47.95834055758126 8.0
47.96611900590191 7.0
48.13671262676825 6.0
48.18410952162385 5.0
48.2449671650715 4.0
48.34939641691132 5.0
48.48253532210327 4.0
48.56778922922063 5.0
48.577905218497406 6.0
48.60931590230507 5.0
48.659250859235144 4.0
48.73991731734757 3.0
48.889871713214546 4.0
49.04671593116215 3.0
49.081834716559484 4.0
49.38412621139966 5.0
49.483169841738714 6.0
49.502145467433465 5.0
49.513244591435004 4.0
49.53813652494099 3.0
49.574158262872835 4.0
49.60214107285032 5.0
49.637880055968864 4.0
49.77041641310585 5.0
49.83016804076043 6.0
49.90218708201707 5.0
50.020683745043485 4.0
50.02996112765831 5.0
50.155397229799384 4.0
50.30926464616309 5.0
50.311695856353936 4.0
50.380154076042 5.0
50.41100073233007 4.0
50.47339844080756 3.0
50.72665188078832 4.0
50.97049052375915 5.0
50.98858808663803 6.0
51.04005403606583 7.0
51.27207124921823 6.0
51.27944052243451 7.0
51.296064840364664 6.0
51.31027359688837 5.0
51.58066549833815 6.0
51.61454310247377 7.0
51.71184733913297 8.0
51.89086719734477 9.0
52.00556288081618 10.0
52.01452186468804 11.0
52.071987561031946 10.0
52.14643117305138 9.0
52.20014368383405 8.0
52.252834164653365 7.0
52.40400844109471 6.0
52.4811182010903 5.0
52.54135994013873 4.0
52.88543939316778 3.0
52.88980361655598 4.0
53.08097686908274 5.0
53.194031497382916 4.0
53.27175437420508 3.0
53.32406763479793 4.0
53.629063343216494 5.0
53.90412806037367 6.0
53.92904989846412 7.0
54.001360039777474 6.0
54.02412916086676 5.0
54.02767661886988 6.0
54.04140030084003 7.0
54.10910645247265 6.0
54.283297236049705 7.0
54.292314028081954 6.0
54.45159527339519 5.0
54.4818629858683 6.0
54.56693452936336 5.0
54.589244194801786 4.0
54.61756468222066 3.0
54.637639563541946 2.0
54.664835573623236 3.0
54.770937996524246 4.0
54.86507169553979 5.0
54.869774172956504 6.0
54.95800944942608 7.0
54.989182721209865 8.0
55.09323393591372 9.0
55.1039928311585 8.0
55.17011533970018 7.0
55.22809099491295 6.0
55.24320965324029 5.0
55.29417023812191 4.0
55.30277298960498 3.0
55.43255679779267 2.0
55.504321124190945 1.0
55.515773404445405 2.0
55.723130891788486 1.0
56.09545894021627 0.0
56.294749763339524 1.0
56.720884926256936 2.0
56.92651955390118 3.0
57.245534356222834 4.0
57.441208996615174 3.0
57.44163430730592 2.0
57.5530258330833 3.0
57.76266301145381 4.0
57.8716509869398 3.0
58.02384658278493 4.0
58.113776860267656 5.0
58.14231443847657 4.0
58.209569477782594 3.0
58.242361623591776 4.0
58.34293638587589 5.0
58.44124157906502 4.0
58.77804607577161 5.0
58.779584477708305 6.0
58.83642477520502 5.0
58.971757418246625 4.0
58.99333931397707 5.0
59.19710230519977 4.0
59.240100099079285 5.0
59.32260778076275 4.0
59.43684079105587 5.0
59.47053292947737 4.0
59.976218727086696 3.0
60.09938037959158 4.0
60.2086850464892 5.0
60.210967971152115 4.0
60.22919799494504 5.0
60.26900327744143 4.0
60.346550948032764 5.0
60.37465889914989 4.0
60.70548747634161 5.0
60.793182031388405 6.0
60.83925291170965 5.0
60.89371065088125 6.0
60.93755781729345 7.0
60.98696535519058 8.0
61.01707432565293 7.0
61.06226556067839 8.0
61.09268263234971 9.0
61.12170629838344 10.0
61.14227856121055 11.0
61.14448901126085 10.0
61.192688206560895 11.0
61.266257060091604 12.0
61.31465635567305 11.0
61.457369349685486 12.0
61.542897286345884 11.0
61.8726694992891 10.0
61.91565803331247 9.0
61.94170953942085 10.0
61.96532108835634 11.0
61.98881071823007 10.0
62.006950090768015 9.0
62.01828342033736 10.0
62.02674377171784 9.0
62.07020247379305 8.0
62.129737406321446 9.0
62.18534740060972 8.0
62.2193203648101 7.0
62.29273460989707 8.0
62.6540867417816 7.0
62.66001732718551 6.0
62.68814751869705 7.0
62.80785060781295 8.0
62.822756848883486 7.0
62.88957919577703 6.0
63.01002382675407 5.0
63.136925961836795 6.0
63.37925633411254 7.0
63.52099306429955 6.0
63.63187644046633 7.0
63.638665600939156 6.0
63.753326162168214 7.0
63.75731465318352 6.0
63.78030919930728 7.0
63.80631500058371 8.0
63.843060568763306 7.0
63.99885815594835 8.0
64.05437697639537 9.0
64.1571107582669 8.0
64.17955344646971 9.0
64.29363436116492 8.0
64.29760416727399 9.0
64.32154055029707 8.0
64.34018878300141 7.0
64.37467019077874 8.0
64.49893714352983 7.0
64.50487046971186 6.0
64.66020358397947 5.0
64.70931600778088 6.0
64.79924047250535 7.0
64.81028185495688 8.0
64.84721977628588 9.0
65.11388306635772 8.0
65.14133976452106 7.0
65.1568056475372 8.0
65.15861106867744 9.0
65.18887800012766 10.0
65.36314348978433 9.0
65.49427529024986 10.0
65.50721637181368 9.0
65.57105874848948 8.0
65.60130022599462 7.0
65.61166546245215 8.0
65.71030472696798 9.0
65.76991766179658 8.0
65.81604673551081 9.0
65.95012709153576 10.0
65.9574494166697 11.0
65.98990769379985 10.0
66.26691366149794 9.0
66.27270275937104 10.0
66.28936070953824 11.0
66.4392020554501 12.0
66.45368510009784 11.0
66.46528323300824 10.0
66.68784694614934 9.0
66.72074717840619 8.0
66.8723180909458 7.0
67.17457721279304 8.0
67.20330774148937 7.0
67.24338794129201 8.0
67.25507277662294 9.0
67.69069445124907 8.0
67.77139825724137 7.0
67.89855172618813 6.0
67.99652936624705 5.0
68.18785386843443 4.0
68.20370794822622 3.0
68.22746602633113 2.0
68.25316089896799 3.0
68.44919864647721 4.0
68.49195243799878 3.0
68.71068659643208 2.0
68.77772305862575 3.0
68.78772496859392 2.0
69.04935518473533 3.0
69.32278551831541 2.0
69.41253191302131 3.0
69.6350626768807 4.0
69.70437791411962 3.0
69.75013886025148 4.0
69.76624298419847 3.0
69.79093816529988 2.0
70.01789454839134 3.0
70.34048566908181 4.0
70.81565749752367 5.0
70.82456382022144 4.0
71.01753422605049 3.0
71.05142436825145 2.0
71.16007741730171 3.0
71.19957844445544 4.0
71.35516686525791 5.0
71.4018591835118 4.0
71.60176774387782 3.0
71.90978575392955 4.0
71.96868001969813 3.0
72.13287324655563 2.0
72.26641740805216 3.0
72.29823818390494 4.0
72.45742182522878 5.0
72.4739651931134 6.0
72.50614123913944 7.0
72.5990230334571 8.0
72.80929174611535 7.0
72.81110282629221 6.0
72.81182293997568 5.0
73.06801661695461 6.0
73.17803239980438 7.0
73.24274514014812 8.0
73.2471735328719 7.0
73.6808187735215 8.0
73.69410888544252 7.0
73.69628803709206 6.0
73.77912815186369 5.0
73.80559622916545 4.0
73.93965938086494 5.0
74.09550941055646 6.0
74.11553945853042 7.0
74.28646343430555 6.0
74.41615333786936 5.0
74.54474000310043 6.0
74.55314332151904 5.0
74.55972356222372 4.0
74.63319692557539 5.0
74.74797411318983 6.0
75.03971122453264 7.0
75.15667908855347 8.0
75.40991128631477 7.0
75.43688048846691 6.0
75.4764273363704 5.0
75.6410268617297 4.0
76.16711388278894 5.0
76.21070167141792 4.0
76.2890684952299 5.0
76.4854871380491 4.0
76.63089093264053 3.0
76.83512986991386 4.0
76.94345180355322 3.0
76.97933580279441 4.0
76.98984055181363 5.0
77.0878950394306 4.0
77.17643267611852 3.0
77.58555569393641 4.0
77.84097526146732 5.0
77.85217294718154 6.0
77.93944692186567 5.0
77.94539929478553 6.0
77.97546947926486 5.0
78.15242519750022 4.0
78.5214639646282 5.0
78.57444391151722 4.0
78.64326472514142 3.0
78.82895037768576 2.0
79.08178112183626 1.0
79.41268466160079 2.0