0.0 0.0
0.005238265912928388 1.0
0.006363185740659607 2.0
0.05252375789680497 3.0
0.08144013575281724 4.0
0.09328976725792436 5.0
0.09893547045254868 6.0
0.1336520675294774 7.0
0.14150157750499942 8.0
0.14307287286494033 9.0
0.1653534307038806 10.0
0.16802566456154133 11.0
0.19416994416104957 12.0
0.27014362610116815 11.0
0.3052809078720988 12.0
0.35087453452731526 13.0
0.3559905067067111 14.0
0.3619760865221159 13.0
0.3640333626308251 14.0
0.39251534810857097 13.0
0.4173583171954028 12.0
0.4295907601956011 11.0
0.46978451609992095 12.0
0.4765765809699475 11.0
0.48550974492610643 12.0
0.512555924574673 13.0
0.5512446643943244 14.0
0.5959042246741559 15.0
0.6007628488167297 16.0
0.6562611534332635 17.0
0.7113950423607724 18.0
0.7858657005203444 17.0
0.8238401939769701 18.0
0.8249457967186636 17.0
0.8528188253794663 16.0
0.8718093210629219 15.0
0.9230921860153385 14.0
0.9429870067421184 15.0
0.9543131984059938 14.0
0.9822209181827819 15.0
0.99791819238918 16.0
1.0232071609840487 17.0
1.0382099575875297 18.0
1.0673380886764123 17.0
1.0998854988192832 16.0
1.1099922166640916 15.0
1.1209634589285937 14.0
1.1638921218163822 15.0
1.1644103246330513 16.0
1.1663467544795958 15.0
1.1803583657170076 16.0
1.202857466599387 15.0
1.232822437776565 16.0
1.3572114164811167 15.0
1.3661623715566367 14.0
1.452609951691657 15.0
1.4603162618575318 14.0
1.5141757614540547 15.0
1.5168665546650641 16.0
1.5590235846089884 17.0
1.5691743161398857 18.0
1.6521436061197718 19.0
1.6630246800973947 20.0
1.7228770041229382 19.0
1.7546500201906636 18.0
1.769741846935639 19.0
1.7715049013476056 20.0
1.7726157023139442 21.0
1.7813709216224427 20.0
1.8189304528565455 19.0
1.8235468145971612 20.0
1.8707374182282819 19.0
1.8949833317981375 20.0
1.9159770356819539 21.0
1.929958594552388 22.0
1.9544678840989511 23.0
1.9572677634516422 24.0
1.9937692948628807 23.0
2.0345756878139407 22.0
2.0580303424495594 23.0
2.0670999769547724 24.0
2.1394211985266773 25.0
2.1535750276341443 24.0
2.178059536196975 23.0
2.2305923176010625 24.0
2.242873537752358 23.0
2.2760425002408526 22.0
2.3253718298978954 23.0
2.352610535877506 22.0
2.3998263044848893 23.0
2.4739409087627187 22.0
2.568794726120498 23.0
2.5690475127248846 22.0
2.5906336868602122 23.0
2.594145578541804 24.0
2.601569305661669 25.0
2.6019266628739794 24.0
2.644414393280016 25.0
2.774105964842196 24.0
2.7865594632815482 25.0
2.795299608448291 26.0
2.8255603702507384 25.0
2.844377242282845 26.0
2.8740581963416973 27.0
2.8933925412710573 26.0
2.9129348851124117 27.0
2.9865726529991483 28.0
2.9991806898052573 27.0
3.0178870257548938 26.0
3.053173041214804 27.0
3.148789410417691 28.0
3.1568858369801336 29.0
3.168300896424633 28.0
3.24613869414723 27.0
3.2969747554455244 28.0
3.4126382866383755 27.0
3.439314740330885 26.0
3.440870666061143 25.0
3.4581736634730644 24.0
3.5041854983410086 23.0
3.543463234685932 24.0
3.552621798311358 23.0
3.583820977135952 22.0
3.602364126858282 21.0
3.6456229055433926 22.0
3.654803350468713 21.0
3.668352583043087 22.0
3.7019554280789366 23.0
3.7071217114117365 24.0
3.7183161971907683 23.0
3.739095071756436 24.0
3.7444347204905544 25.0
3.7576284017193915 26.0
3.7907871714095287 27.0
3.7930542526561224 26.0
3.8014913205732674 25.0
3.822510693431793 24.0
3.864261794091755 25.0
3.8910175934012594 24.0
3.9462399977374094 25.0
3.9517765032919554 24.0
4.027715876465971 25.0
4.162217457027985 24.0
4.205624557181017 23.0
4.208409278717371 24.0
4.247241443947624 23.0
4.259945420004563 24.0
4.262359979403748 25.0
4.285142007766166 26.0
4.29254164181834 25.0
4.3057973545045805 24.0
4.349760486757099 25.0
4.369022028651737 24.0
4.381108092503795 25.0
4.391945681291219 26.0
4.393930455798793 25.0
4.435583084798194 26.0
4.473893061875206 27.0
4.528810165258275 28.0
4.530373339886798 29.0
4.5319896392488594 30.0
4.552213830070695 29.0
4.554761166678429 30.0
4.574317325615017 29.0
4.5830446126030004 28.0
4.604182083626104 29.0
4.627116450185394 28.0
4.716161542447492 29.0
4.7373636849319665 28.0
4.767419996339787 29.0
4.770215347551602 28.0
4.816915617403754 27.0
4.820148850372283 26.0
4.850132184933174 25.0
4.9548314187682285 24.0
4.9683388217343465 23.0
5.06452559580777 22.0
5.122333522434138 23.0
5.138414891894469 24.0
5.166389487300954 23.0
5.178989524267077 22.0
5.25189285188258 21.0
5.273649565037627 20.0
5.275089752885367 19.0
5.278935166375315 20.0
5.335804475295598 21.0
5.351043628345023 20.0
5.373032743094055 19.0
5.401585500383705 18.0
5.4381170904746945 17.0
5.479216112036535 18.0
5.503803303838413 19.0
5.503803557633633 20.0
5.5123409297191825 21.0
5.5255494549787585 22.0
5.589063169750915 23.0
5.615791819647172 22.0
5.632661675450843 21.0
5.638420198697777 22.0
5.665444801017865 21.0
5.70035910900268 20.0
5.754966551453248 19.0
5.755627020861142 20.0
5.760132187461148 19.0
5.79642917806866 20.0
5.799392036149039 19.0
5.937085772567851 18.0
6.012533004804391 17.0
6.047301330847872 16.0
6.050961640240303 17.0
6.056596236244652 16.0
6.062465541414872 17.0
6.098416926703707 18.0
6.122119818820752 17.0
6.129511522362951 18.0
6.16345692177539 19.0
6.174538306546476 18.0
6.22368493749434 17.0
6.298935560726885 16.0
6.302035195256679 17.0
6.325089006196302 18.0
6.368577902474946 19.0
6.413632896555134 20.0
6.426653750678646 21.0
6.459472951906075 22.0
6.488198002428966 21.0
6.494496624056304 20.0
6.495860539024634 19.0
6.6467369495284965 20.0
6.69515608714948 19.0
6.78891889722387 18.0
6.789239880953909 17.0
6.81387497219711 16.0
6.894738713359502 17.0
6.965534916778239 16.0
6.986650908646052 15.0
7.030087840265858 14.0
7.105907561401776 15.0
7.237120204866477 16.0
7.2501192137418755 17.0
7.258227548085449 18.0
7.391638537975857 19.0
7.403780723958074 20.0
7.430219168820037 19.0
7.432395951768289 20.0
7.439515537521068 21.0
7.485531137634476 22.0
7.540440264586251 21.0
7.604414705234306 22.0
7.63751164593831 23.0
7.640707359597502 22.0
7.696880022789918 23.0
7.768901978798487 24.0
7.784776115667087 23.0
7.835704260839161 22.0
7.8784685915907975 21.0
7.930548880612939 20.0
7.9955823040961835 19.0
8.012547149634445 20.0
8.014676464757523 19.0
8.079081896935476 20.0
8.092794226026347 19.0
8.10650014537371 18.0
8.122782884912839 19.0
8.173307076597666 18.0
8.21321932993379 19.0
8.213885011538565 18.0
8.236962741474883 19.0
8.253685297338286 20.0
8.277072678836166 21.0
8.311905656790895 22.0
8.315681086095035 21.0
8.368677750242624 20.0
8.371512453393127 19.0
8.377361710381367 18.0
8.390242220992967 19.0
8.444563607789648 20.0
8.452699174795082 21.0
8.48165948255967 22.0
8.496452472766931 23.0
8.562662839164531 22.0
8.655617906996559 23.0
8.67766538478706 22.0
8.681886018097286 23.0
8.707870402183762 24.0
8.765412831920782 25.0
8.769988368601672 24.0
8.845844105259584 23.0
8.869349249268206 24.0
8.880452104093807 23.0
8.971522432648253 22.0
9.05354180388821 21.0
9.071735173477833 20.0
9.121384816511737 21.0
9.135688511701344 22.0
9.186583305832826 23.0
9.196910306191322 24.0
9.238506038307573 25.0
9.252406648908076 24.0
9.266840583736615 23.0
9.267935479578433 22.0
9.296400800387204 21.0
9.315980649853735 20.0
9.33918239556052 19.0
9.374939742299905 20.0
9.39765481086834 21.0
9.411341276485308 20.0
9.525348563942108 21.0
9.61940521588771 20.0
9.637654089204737 21.0
9.732935540358117 22.0
9.734854840532577 23.0
9.749325797190437 24.0
9.768400773548626 25.0
9.8159379762367 24.0
9.902475645322765 23.0
9.917508083350612 24.0
9.918310464083573 25.0
9.91890434821549 24.0
10.005916223654566 23.0
10.051078954182154 22.0
10.058270045558242 21.0
10.076904585800861 22.0
10.134750734723198 21.0
10.155161484047477 22.0
10.276661602355684 23.0
10.286835276529958 24.0
10.300809922944032 23.0
10.346460321081071 22.0
10.364396484616798 23.0
10.385719246379324 22.0
10.496333668172717 21.0
10.497903884233468 20.0
10.51050126633538 19.0
10.522984153713173 18.0
10.52901101610712 19.0
10.53009279919423 18.0
10.539746095305913 17.0
10.600844520851961 16.0
10.62511559793976 17.0
10.626573452278967 16.0
10.660257721666534 15.0
10.734025760703938 16.0
10.736209889818777 17.0
10.75106599153678 16.0
10.797499088187584 15.0
10.830547240364796 14.0
10.844071310102963 13.0
10.858260536342279 12.0
10.870444089216944 11.0
10.932099915235373 12.0
10.954996986895717 11.0
10.97471617623506 10.0
11.006627050224463 9.0
11.025353437838262 10.0
11.069069912482862 11.0
11.083760164272816 12.0
11.105706249105701 13.0
11.140859139571639 14.0
11.203172560773634 13.0
11.312155003238898 12.0
11.370743105049442 11.0
11.39222457814256 10.0
11.426362625915196 11.0
11.538878532326812 10.0
11.659372119791835 11.0
11.702317899922718 10.0
11.71928232199445 11.0
11.71997373168303 12.0
11.762044242954275 13.0
11.839473321370157 12.0
11.909271297264311 11.0
11.918564658804698 12.0
12.028448298290815 13.0
12.035720457862102 12.0
12.053147196656463 13.0
12.104750670114933 14.0
12.137837011903008 13.0
12.181035308972383 14.0
12.250593600134057 15.0
12.269820618370682 16.0
12.311031450138191 15.0
12.383287826544876 14.0
12.38800373032354 15.0
12.404345310566868 14.0
12.429021004467172 13.0
12.657290714297785 14.0
12.683751223852477 13.0
12.76236972604223 12.0
12.843706378963915 13.0
12.851156950127304 14.0
12.851775755406821 15.0
12.87220764104364 16.0
12.919743375474335 15.0
12.969482593388127 16.0
12.976717318909992 15.0
12.98263273836952 16.0
12.990326983837546 15.0
13.009324126883156 14.0
13.032108259049526 13.0
13.059315589255553 14.0
13.104385157780907 13.0
13.15168422647142 12.0
13.15447386899801 13.0
13.257298015870441 12.0
13.271544944970893 13.0
13.281597810658 12.0
13.286489847260938 13.0
13.293919625729039 14.0
13.305521618224473 15.0
13.329315041219653 14.0
13.41742100727485 15.0
13.43595884667289 14.0
13.449903241031576 13.0
13.459382489071073 14.0
13.49779081896105 15.0
13.499649216951523 14.0
13.511323146053725 13.0
13.634948954783438 12.0
13.673868737935079 11.0
13.683122344517704 10.0
13.696585498420482 11.0
13.743617417450142 12.0
13.74731572900324 13.0
13.766513866441732 14.0
13.780568420819995 13.0
13.786449421138453 12.0
13.832776987303037 11.0
13.920562647092 12.0
13.947308878452937 13.0
13.99008533649117 14.0
14.012791360751148 15.0
14.02269344175499 14.0
14.065717007676067 13.0
14.157815721843164 14.0
14.163010170023972 13.0
14.167471469775347 14.0
14.285191072588248 15.0
14.287839591235784 14.0
14.294822599488048 13.0
14.297524815299372 12.0
14.304846517887958 13.0
14.322763471737241 12.0
14.334491169335898 13.0
14.33691159509942 12.0
14.525192656887828 11.0
14.61924492997838 12.0
14.674213428695563 11.0
14.722549861036065 10.0
14.737368748915115 11.0
14.770998822967282 10.0
14.806214212913455 11.0
14.891006411567547 12.0
14.949256840407351 13.0
14.953255549004146 12.0
14.956525374015241 11.0
15.035091028955431 12.0
15.059085380215532 11.0
15.106732316199068 12.0
15.162554390552195 13.0
15.173039153431915 12.0
15.221309662029022 13.0
15.305637691483245 12.0
15.311650846172357 13.0
15.327410825365643 12.0
15.338549616092351 13.0
15.382366046599454 14.0
15.47983646328844 13.0
15.530397787637003 14.0
15.555198509419743 15.0
15.704277642112075 16.0
15.717598795979454 17.0
15.729980566425814 16.0
15.827017634369875 17.0
15.838468535452524 18.0
15.850474656426439 19.0
15.886312306037771 20.0
15.896639566634164 19.0
15.914974519761568 18.0
15.916384611789677 19.0
15.919339339380567 20.0
15.920419458741753 21.0
15.942776113947247 22.0
16.014108705415772 21.0
16.035757135395215 22.0
16.064375496653636 21.0
16.165524873649357 22.0
16.172252994040935 21.0
16.179087903026538 20.0
16.330511846174677 19.0
16.356713443699523 20.0
16.397350151144597 19.0
16.4531021616428 20.0
16.457780574695796 19.0
16.481685446277073 20.0
16.522285681550294 19.0
16.553987489113464 20.0
16.554892229226333 19.0
16.564155066793518 20.0
16.645489909405214 19.0
16.7849583886794 18.0
16.81942548148752 19.0
16.864311169951563 18.0
16.912732233904865 17.0
16.92344491615205 18.0
16.923561863635943 19.0
16.964339370841316 18.0
16.98545880752075 17.0
16.98816621891116 16.0
16.99166830867174 17.0
17.056371782187195 16.0
17.10260045624771 17.0
17.118779355671418 16.0
17.150808447548975 17.0
17.180276044903202 16.0
17.246760534268812 17.0
17.28278199567841 16.0
17.313029241669522 17.0
17.361598399199583 16.0
17.370960147780874 15.0
17.38089673469802 16.0
17.395926165815375 17.0
17.451138385180105 16.0
17.4577366051419 15.0
17.508875060026227 16.0
17.515198114388518 15.0
17.616806132771714 16.0
17.694039550756987 15.0
17.69718094882602 16.0
17.698205647339545 17.0
17.720740632400343 18.0
17.736655340757707 17.0
17.738929702973593 16.0
17.758594791287774 17.0
17.766219235713034 16.0
17.79340256672143 17.0
17.85121230172716 18.0
17.85506189291326 17.0
17.89383835989925 18.0
17.949977098811285 17.0
18.019493354210663 16.0
18.03013292303089 17.0
18.09392519218815 18.0
18.20180252753307 17.0
18.207834403071235 16.0
18.216441049259043 17.0
18.217859714514812 16.0
18.342532646362734 17.0
18.346210898183646 18.0
18.429286398495726 19.0
18.46759336138125 18.0
18.47167986751542 17.0
18.48287660542071 16.0
18.543956183738207 17.0
18.575260411929 18.0
18.613666492110774 17.0
18.675750433135093 16.0
18.723091417412057 17.0
18.76886256075585 16.0
18.83471962370032 15.0
18.852893186469277 16.0
18.85325452502039 15.0
18.854684426032613 14.0
19.00982866184344 13.0
19.014932244807476 14.0
19.074160439505064 13.0
19.103879447351922 12.0
19.232539510548158 13.0
19.233133394659088 14.0
19.25822429254977 13.0
19.291519299404772 14.0
19.299898007283577 15.0
19.361021648477074 14.0
19.393253942631898 15.0
19.40845701030301 16.0
19.417354204259293 15.0
19.431170416815515 16.0
19.457576787264575 17.0
19.46460674966056 16.0
19.472368926831248 17.0
19.495038851011454 16.0
19.50024770633438 15.0
19.52361769947106 16.0
19.52936456748043 15.0
19.582274194036223 16.0
19.745836782961458 15.0
19.812772592750523 16.0
19.849516665369823 15.0
20.019267049095312 16.0
20.047084919674603 17.0
20.048973633102655 16.0
20.050796852758275 15.0
20.059289918598598 16.0
20.139549087462314 17.0
20.143878045430107 16.0
20.1497553410789 17.0
20.15723450076818 18.0
20.244708164357828 19.0
20.37812311273497 18.0
20.379004963874692 19.0
20.391045662995452 18.0
20.41819485767502 17.0
20.428426828595143 16.0
20.55100608558286 17.0
20.55901474730454 18.0
20.592029578704512 19.0
20.63345313520252 18.0
20.686617688148434 19.0
20.780674544184702 18.0
20.78246376796055 17.0
20.795906694544875 16.0
20.81818280380576 17.0
20.821030134779853 16.0
20.884305346469617 17.0
20.91092981014311 16.0
20.940174692033043 15.0
20.957748720580913 14.0
20.97048229434208 15.0
20.985097066378977 14.0
20.992998238568163 15.0
21.035488602311986 16.0
21.072105220940784 17.0
21.203395176107136 18.0
21.205328225178402 17.0
21.225777682251824 16.0
21.231165012508885 17.0
21.248739415610036 16.0
21.265994537340596 17.0
21.396560934344123 18.0
21.418377069048873 19.0
21.452964900937893 20.0
21.497506923845783 21.0
21.630745724775156 20.0
21.69332651676161 19.0
21.716762000518447 20.0
21.846408822782653 19.0
21.863204795579147 18.0
21.897205563525944 17.0
21.906341367224268 18.0
21.98948225115211 19.0
21.991505016026995 18.0
22.024834017799275 17.0
22.05690274814094 18.0
22.118434869629965 17.0
22.119819699562495 18.0
22.156501525940634 17.0
22.175162364231294 16.0
22.20960023352554 17.0
22.263751626419968 18.0
22.263899071028536 17.0
22.276240778128155 18.0
22.28681539014701 19.0
22.296046660527388 18.0
22.328231888487778 19.0
22.331216202117954 18.0
22.374580450227498 17.0
22.442181176527924 18.0
22.44883203367464 19.0
22.499937628252663 18.0
22.5292485909282 19.0
22.601618780660722 20.0
22.60465615556011 21.0
22.62124764220268 20.0
22.63675143726921 19.0
22.671367504018615 20.0
22.76895964876473 19.0
22.782143802402164 18.0
22.79835272399826 19.0
22.875430357180367 18.0
22.894875675896824 19.0
22.92626040257477 20.0
22.959350263610297 19.0
23.050499358596653 18.0
23.081349932381386 19.0
23.085116413160765 18.0
23.099127050999062 19.0
23.10133016647604 18.0
23.108318579060356 19.0
23.116774920729025 18.0
23.13856452403263 19.0
23.17876101559873 20.0
23.18972924021246 21.0
23.23658008417727 20.0
23.24259518789627 21.0
23.257981661969197 20.0
23.267067219416976 19.0
23.301729680348686 18.0
23.330459601989176 19.0
23.35068743797278 20.0
23.421698792276633 21.0
23.46345475018037 20.0
23.515328654133235 21.0
23.589512599831682 20.0
23.593070483427063 21.0
23.59810340176155 20.0
23.613208842856864 21.0
23.64130637431187 20.0
23.682171408610092 19.0
23.74160014096342 18.0
23.78906194568872 17.0
23.805852921589718 18.0
23.84200376711278 17.0
23.855077144230858 18.0
23.909396346893264 17.0
23.939046680874245 16.0
23.970190525616825 17.0
24.016090554725697 16.0
24.016891603812144 17.0
24.032638869455933 16.0
24.03819011618206 17.0
24.047784034644057 16.0
24.057527782833 17.0
24.096487579956307 18.0
24.179830494499903 19.0
24.180082367198356 20.0
24.28351596335268 19.0
24.315864511491885 20.0
24.36995624238898 19.0
24.376620381543948 18.0
24.395901739774818 17.0
24.46071239118031 16.0
24.516114290006474 17.0
24.552404053588372 18.0
24.561959036903307 17.0
24.58096530962558 16.0
24.602824385338653 17.0
24.618288145035102 16.0
24.6282346660757 17.0
24.62935835892694 18.0
24.64922981355911 17.0
24.743732119855743 16.0
24.783705659168458 17.0
24.799601075395337 16.0
24.98086806413733 15.0
25.048814377648824 16.0
25.08584677268915 15.0
25.142070160709064 16.0
25.175098984054724 15.0
25.239718995349982 14.0
25.266256195576354 13.0
25.29306470987334 14.0
25.33597439810692 15.0
25.40017068088265 16.0
25.427521680142043 17.0
25.430715850514957 16.0
25.436709288967563 15.0
25.514511738756514 14.0
25.56787989464781 15.0
25.585868783642933 16.0
25.600018284623633 15.0
25.65266425463694 16.0
25.687160400040252 15.0
25.716421597281347 16.0
25.765214592022584 15.0
25.775286108842206 16.0
25.777157907256488 17.0
25.79015656002875 16.0
25.80963740199114 15.0
25.812344539292138 14.0
25.824048408489556 15.0
25.825380520340836 14.0
25.8615623864029 15.0
25.884561202346568 16.0
25.887558749756742 15.0
25.897677876441104 16.0
25.962918319976314 15.0
25.989727736637814 16.0
26.001372182381512 17.0
26.010977210216712 16.0
26.04364349934342 17.0
26.06900936985048 18.0
26.089097574010083 19.0
26.121742094342935 18.0
26.123960359692635 19.0
26.14866795323473 18.0
26.23110068611192 19.0
26.232232329539492 18.0
26.23479276198797 19.0
26.25509274291194 20.0
26.277861077609046 21.0
26.283701079610818 20.0
26.300267610838674 19.0
26.352420096339 20.0
26.380973342335373 19.0
26.436296032535356 18.0
26.443806481025035 19.0
26.44995186961536 20.0
26.466443759403962 19.0
26.504206235540423 18.0
26.58246928962074 17.0
26.648790950057915 16.0
26.700863008296476 15.0
26.707256129392047 14.0
26.714808017680866 13.0
26.820985438603028 12.0
26.856293285448658 13.0
26.864123842371722 14.0
26.88992300405136 13.0
26.90416683828996 14.0
26.980332901076554 13.0
26.98345769073128 14.0
27.040056503620786 15.0
27.049174176970347 16.0
27.085260462160633 15.0
27.139053483067993 14.0
27.177407528825892 15.0
27.211004069416628 16.0
27.212822475872102 17.0
27.217257699476136 18.0
27.264211653253764 17.0
27.3421277724018 18.0
27.3828155456638 17.0
27.434860460177987 18.0
27.581655454110066 17.0
27.612174425124266 18.0
27.69233917227487 19.0
27.701474678438053 20.0
27.72403617746949 19.0
27.807660915780076 20.0
27.80802203093935 21.0
27.86461151666345 22.0
27.92743489943497 21.0
27.964969434326033 20.0
27.992363017440073 21.0
28.022598072540465 20.0
28.084989209014978 21.0
28.110818706434426 20.0
28.118244415128217 19.0
28.119714154047184 20.0
28.17477330694427 19.0
28.256607762749532 20.0
28.26751718389484 19.0
28.269421247608587 18.0
28.273830754358414 17.0
28.327169091276186 18.0
28.39173182966008 17.0
28.40898458760558 18.0
28.4617534500262 17.0
28.479630078000206 18.0
28.497654327934804 19.0
28.521944065089738 20.0
28.604452512905493 19.0
28.631045170956277 20.0
28.654108976045613 21.0
28.74295393190487 20.0
28.75877203083844 19.0
28.80356491870377 18.0
28.808388862372087 19.0
28.81077954857504 18.0
28.830195968117106 17.0
28.90068254255248 16.0
28.934995576588936 17.0
28.937510467755303 16.0
28.97408312098417 17.0
29.024806003221745 16.0
29.03732050706849 15.0
29.143685642303083 14.0
29.17493477937417 15.0
29.278288512188595 14.0
29.28341194720133 13.0
29.28933716892151 12.0
29.297580902775213 11.0
29.31664268465535 10.0
29.325966028927343 9.0
29.33893902227381 8.0
29.37090269553656 7.0
29.385675185177774 8.0
29.4700829762952 9.0
29.53865686823158 10.0
29.60955040892291 11.0
29.688774107098826 12.0
29.717335640052564 13.0
29.773401438972332 12.0
29.782457364982804 13.0
29.831186476695216 14.0
29.878884337657272 15.0
29.928883707919493 14.0
29.943590760220548 15.0
30.00133185033029 16.0
30.126303977388954 15.0
30.219732363090444 16.0
30.264311460846642 15.0
30.269697238367346 16.0
30.286103910211473 17.0
30.36354507152699 16.0
30.400033298972655 17.0
30.439959137578537 16.0
30.44091047162895 17.0
30.4511545479638 18.0
30.4570514904283 19.0
30.473798808248645 18.0
30.54420407322028 19.0
30.565853702201405 18.0
30.596540423255323 17.0
30.62209480409619 16.0
30.758668740260035 15.0
30.77598809687204 14.0
30.836992027591783 15.0
30.843481666605445 16.0
30.854218346621103 15.0
30.880619014889003 16.0
30.957881600805003 15.0
31.011782709906726 16.0
31.041126598869315 15.0
31.11220504978906 16.0
31.157615618480992 15.0
31.203381429549275 16.0
31.22221581024316 15.0
31.28024044859183 14.0
31.303964594245024 13.0
31.309407413568263 12.0
31.351029708803065 13.0
31.38958706239967 12.0
31.39200511290357 11.0
31.411433160877248 12.0
31.412313682283475 11.0
31.437602453065658 10.0
31.450946986459925 11.0
31.537853022517197 12.0
31.55784630429664 13.0
31.603181471807364 14.0
31.611871695927128 15.0
31.623269378834777 16.0
31.625815703347524 15.0
31.63129109304917 16.0
31.640590570395947 17.0
31.643975571756084 16.0
31.668882879463627 15.0
31.82993828031822 14.0
31.839124273309867 15.0
31.877111831402043 14.0
31.889643138155957 15.0
31.921575516536528 16.0
31.97913326516583 17.0
31.990117442279626 16.0
32.00379800412887 17.0
32.06096931817151 18.0
32.069335056450335 17.0
32.09495967843031 18.0
32.099773950074905 19.0
32.10094988283086 18.0
32.16655154239781 17.0
32.16796371363899 16.0
32.201783777232336 15.0
32.219550941286435 14.0
32.22197036024212 13.0
32.35628623268677 14.0
32.4017875803097 13.0
32.40405817936472 14.0
32.490586811417515 13.0
32.49643507327348 14.0
32.50774509837809 13.0
32.56046961706998 12.0
32.56155911928637 11.0
32.58478803634225 10.0
32.59991575562394 11.0
32.655999876605755 12.0
32.69237560197726 13.0
32.71076500972053 14.0
32.85389875278999 13.0
32.856126768978406 14.0
32.89390716722191 15.0
32.89986587343141 14.0
32.96060818770962 15.0
32.962286497880925 16.0
33.074822633051184 17.0
33.07952884903517 18.0
33.084860659559546 17.0
33.15659730245457 18.0
33.19546592504658 19.0
33.267809648359005 20.0
33.28900152489756 19.0
33.318428117608086 20.0
33.323810944166006 21.0
33.3417304072794 22.0
33.364227689544336 23.0
33.37784336823338 24.0
33.38528801165359 25.0
33.41219086992886 24.0
33.41619261762158 25.0
33.433449880435184 24.0
33.48660757630186 25.0
33.62981692591286 24.0
33.73589294558533 23.0
33.73648383534755 22.0
33.779386423067244 21.0
33.90235265281626 20.0
33.92138662797636 21.0
33.92857656944541 22.0
33.971519467195584 23.0
34.03569506381469 24.0
34.04795488557943 23.0
34.075856224994894 24.0
34.114898610566456 25.0
34.2481000802434 26.0
34.26730206784109 25.0
34.294454112505626 24.0
34.317477793506306 25.0
34.338034066831945 24.0
34.33872509476487 25.0
34.35365483253484 24.0
34.396568470474215 23.0
34.40501328917216 22.0
34.422323930521166 23.0
34.468079124075764 22.0
34.47658984636799 21.0
34.526974567826166 22.0
34.58268622865953 23.0
34.618657514223244 22.0
34.63547905355042 23.0
34.642447825843895 24.0
34.694992656998615 23.0
34.695117049905534 24.0
34.73898673377547 23.0
34.788946468431796 24.0
34.826668604888695 25.0
34.90917529157467 26.0
34.94810309875293 25.0
34.9956974452686 24.0
35.02863347369971 23.0
35.03416710559466 24.0
35.03961576735189 23.0
35.104029310549954 24.0
35.116866453958274 23.0
35.13668400758222 22.0
35.137849141577185 23.0
35.14489448506436 22.0
35.28016213611108 21.0
35.29664512903099 22.0
35.34817422929151 21.0
35.390403043354276 20.0
35.39240546680897 21.0
35.415411942490856 20.0
35.53751486672351 21.0
35.55829605533124 20.0
35.606217321746755 21.0
35.742939661075546 22.0
35.767639731464705 21.0
35.77852277288784 22.0
35.796154880591786 23.0
35.8244874699081 24.0
35.847809622829544 23.0
35.85636996183711 24.0
35.92719970015474 25.0
35.98232615982198 24.0
36.00413749696165 25.0
36.04834760409226 24.0
36.05192806091672 25.0
36.13700621064806 26.0
36.14026566797386 27.0
36.23273934038251 26.0
36.24647316528936 25.0
36.27429998530544 24.0
36.35141397035031 23.0
36.41533906850902 24.0
36.42850785295882 23.0
36.453528488526686 24.0
36.5294577239989 23.0
36.55832232075398 22.0
36.611056983741676 21.0
36.62135419344348 20.0
36.666842087831725 19.0
36.69133485344847 18.0
36.77047622965151 17.0
36.78671126316943 16.0
36.800167323244416 17.0
36.800826385707126 16.0
36.82607051666189 15.0
36.85053489072076 16.0
36.870021690699176 15.0
36.885077081372934 14.0
36.922868731251015 15.0
36.92411629060326 16.0
36.95058188647933 17.0
36.95594762444506 18.0
36.96332306354103 17.0
36.97574278644438 18.0
36.9771206219471 19.0
37.009045455386484 20.0
37.02861538550623 21.0
37.03702738246495 22.0
37.0395371409034 23.0
37.053361740980314 22.0
37.06264532909941 21.0
37.069799611578084 22.0
37.09751666819655 21.0
37.10209707737994 20.0
37.12035648170788 21.0
37.1364855925928 20.0
37.160171553496625 21.0
37.188793636800774 22.0
37.20355848335986 23.0
37.21481683614727 22.0
37.22735757903295 23.0
37.25492801937594 22.0
37.26153747302955 21.0
37.322959872557156 22.0
37.35821147212601 21.0
37.38079742449119 20.0
37.39362724075429 21.0
37.42821374120684 22.0
37.46610272886756 21.0
37.5395620699465 20.0
37.54302673083229 21.0
37.58111512563963 20.0
37.592436333801274 19.0
37.61715001355803 18.0
37.67982037410456 19.0
37.69147297774735 20.0
37.69504400647504 21.0
37.758743635205676 20.0
37.76933736553439 19.0
37.8214886188814 18.0
37.83783977261045 19.0
37.88770357738642 18.0
38.01344279478626 17.0
38.05129264264884 16.0
38.13356220763111 17.0
38.184090170094464 16.0
38.185674095533145 15.0
38.19941936109016 14.0
38.22202804317678 13.0
38.22673139604768 12.0
38.24884847580512 11.0
38.32283334646067 12.0
38.38455842671706 13.0
38.41406255979339 14.0
38.46341596097448 15.0
38.47725202529283 16.0
38.55733412215504 15.0
38.63660331112711 16.0
38.6778470520259 15.0
38.68898622704158 14.0
38.72720954931513 13.0
38.792507913662966 14.0
38.813341505499544 15.0
38.87897857611746 16.0
38.896071467451705 17.0
38.95438074446103 18.0
38.974432828234285 19.0
39.01630379919749 20.0
39.03871678781952 19.0
39.04510204340018 18.0
39.06686985072391 19.0
39.07057263302051 18.0
39.10388183187695 17.0
39.13069659197083 18.0
39.14058642297867 17.0
39.15112191305629 18.0
39.15115970306048 19.0
39.176876402899374 20.0
39.181797302198014 19.0
39.18855316451254 18.0
39.192399029566076 19.0
39.2179218772658 20.0
39.275607071687844 19.0
39.31322782416633 18.0
39.336756637113 17.0
39.3468449459832 16.0
39.364796361352255 15.0
39.53106952222066 14.0
39.57777556409173 15.0
39.59331176874061 16.0
39.65488460435278 15.0
39.65991103137246 14.0
39.66699605416904 15.0
39.69389677669369 14.0
39.728469634047556 15.0
39.75216984082484 16.0
39.761590723150434 15.0
39.7895762379779 16.0
39.85380851511856 17.0
39.92121721039349 16.0
39.95567640624252 15.0
40.02016079678811 14.0
40.02537807227957 15.0
40.03628314464943 16.0
40.1061954884696 15.0
40.16610174998664 16.0
40.1954329180774 15.0
40.19667342185707 16.0
40.268025307097545 17.0
40.32903530507822 18.0
40.38477584718678 17.0
40.39812609733628 18.0
40.4731012982704 19.0
40.498486569679365 18.0
40.50904376281413 19.0
40.52626953715952 18.0
40.56685677863515 19.0
40.567985335014384 20.0
40.654233457263246 21.0
40.66568625468087 22.0
40.72147890433295 23.0
40.7229557383198 24.0
40.74819783091075 25.0
40.766312185096176 26.0
40.781977874944715 27.0
40.78921611288002 28.0
40.81640368996255 27.0
40.8950573158482 26.0
40.967360881100085 25.0
41.04128737389976 24.0
41.04609141933053 23.0
41.141635435590615 24.0
41.196649743753966 25.0
41.2111450766257 24.0
41.23444003755519 23.0
41.28623493681762 22.0
41.32740212602355 21.0
41.32955000400588 20.0
41.34511710087302 19.0
41.363447677396955 20.0
41.435574538790384 21.0
41.46079622732568 22.0
41.492467172121515 21.0
41.51922734217005 22.0
41.639275620339404 23.0
41.642429023601956 22.0
41.65821557920509 23.0
41.716716836624585 22.0
41.7387919470776 21.0
41.743146111085665 20.0
41.784068156893376 21.0
41.7910274217854 20.0
41.79766603531262 21.0
41.79994066027929 22.0
41.89913046692297 23.0
41.97783403753491 22.0
42.00184525559281 23.0
42.002550552893425 22.0
42.09850753797873 21.0
42.14875309306929 20.0
42.19780212048313 21.0
42.24169804738121 20.0
42.25490658818666 19.0
42.26196687032653 20.0
42.29370699067775 21.0
42.30738116808182 22.0
42.34728578107902 21.0
42.3689272439692 20.0
42.369405017866875 19.0
42.37921891292966 18.0
42.406680112209614 19.0
42.42471196684513 20.0
42.567830863234434 21.0
42.64766154908302 22.0
42.75263143853695 21.0
42.853202415437195 20.0
42.87112016174396 19.0
42.88130257686798 20.0
42.9246175068418 21.0
42.95735461131775 22.0
43.0356117640603 21.0
43.051756862406265 20.0
43.056556644847994 19.0
43.131660745178266 18.0
43.186956061158725 17.0
43.20949203804884 18.0
43.28078749968257 19.0
43.32621860032482 20.0
43.33295594189443 19.0
43.33682298541393 18.0
43.361936913308405 19.0
43.363238642789945 18.0
43.498744796183594 19.0
43.52876669093011 20.0
43.57066971090363 21.0
43.61621657384023 22.0
43.635073446385064 23.0
43.66409463555282 22.0
43.78134372055745 21.0
43.799708936941954 20.0
43.80562481786144 21.0
43.84881944410753 22.0
43.91847490198733 21.0
43.931978023466854 22.0
43.94427909150164 21.0
43.97665919340525 20.0
44.00403162063175 21.0
44.06604035694405 20.0
44.109414904286254 19.0
44.11712075558738 18.0
44.13083795985282 17.0
44.143770026232886 16.0
44.17000147382765 17.0
44.17802208099698 16.0
44.3123073119951 17.0
44.37313040015785 18.0
44.43716449692665 19.0
44.438811112887684 18.0
44.44247738361903 19.0
44.45714357699699 20.0
44.516806859432464 19.0
44.53044865757796 18.0
44.554840967457764 17.0
44.627330020383646 16.0
44.678753464071505 17.0
44.69952076229474 16.0
44.70282486427728 15.0
44.72311291164423 16.0
44.77800185602149 17.0
44.8326200999354 16.0
44.83915514460239 17.0
44.894921419589174 16.0
44.91781027577063 15.0
45.010125104136165 16.0
45.02261481776608 15.0
45.06758423468837 16.0
45.084160381594096 15.0
45.10081211673564 14.0
45.14463162669872 15.0
45.175563464682725 14.0
45.17777939092773 15.0
45.36845950407093 16.0
45.36920966405869 15.0
45.372113468414895 16.0
45.408890961501896 17.0
45.42884579738057 16.0
45.483626853947044 15.0
45.50428819778766 14.0
45.50663764160584 13.0
45.521313082649634 12.0
45.6421404326043 11.0
45.66334543374386 12.0
45.836027320324106 11.0
45.842886076225795 10.0
45.97671337691528 9.0
45.99850907903571 10.0
46.053275243171015 9.0
46.109553082144934 10.0
46.142069958013415 9.0
46.219429642098966 10.0
46.26616488806571 11.0
46.30228569866789 12.0
46.30622282243928 13.0
46.377589572251054 14.0
46.407781210473765 13.0
46.43924238436405 12.0
46.46650742821637 13.0
46.476901825193636 14.0
46.51899770347602 15.0
46.52613276557683 16.0
46.589249999903544 15.0
46.62333579870434 16.0
46.62459311780434 15.0
46.667766599367184 16.0
46.668913050007525 17.0
46.75303826959675 18.0
46.827685898250856 19.0
46.83505682382572 20.0
46.84340748717723 19.0
46.85349836276632 18.0
46.87551646798447 19.0
46.88895338342546 20.0
46.91992431187115 21.0
46.96293462518972 20.0
47.086433492909514 21.0
47.13866796615952 20.0
47.155421593652605 21.0
47.22535675781866 20.0
47.25641454891359 19.0
47.265496286581026 18.0
47.28623289405414 19.0
47.293071231552915 20.0
47.30138399657706 19.0
47.32714352225269 18.0
47.327620134549115 19.0
47.398686986200104 18.0
47.48206427659839 17.0
47.50011283203752 18.0
47.511320690589045 19.0
47.575597347638976 20.0
47.57687066681246 19.0
47.579283936210736 18.0
47.678222918316436 17.0
47.69593668503811 16.0
47.74447573526372 17.0
47.83958510001071 18.0
47.84565335512473 19.0
47.85103597566 20.0
47.881855894298006 19.0
48.13209664219859 20.0
48.169932864414015 21.0
48.216121253639656 20.0
48.22698961458928 19.0
48.26562899296755 20.0
48.2821998261938 19.0
48.283058170565674 20.0
48.409671026324126 21.0
48.45630378857799 20.0
48.5151703252424 19.0
48.52995201738532 20.0
48.53908670261816 21.0
48.62614987844222 22.0
48.62994686192054 21.0
48.63503419615518 20.0
48.696939276159625 21.0
48.746695136353246 22.0
48.85462056618735 21.0
48.95429752914034 20.0
48.960283058705166 19.0
48.96327785149081 18.0
49.0272223731078 19.0
49.03794809124496 20.0
49.03845886360804 19.0
49.17666440868068 20.0
49.26321299333996 21.0
49.268458387571854 20.0
49.27721021659581 19.0
49.28578626229814 18.0
49.29745192794104 17.0
49.34814956447219 16.0
49.350018077234644 15.0
49.37637180398857 16.0
49.39328650298474 17.0
49.3953889630692 18.0
49.446595155811714 17.0
49.45885688126961 18.0
49.48024920744071 17.0
49.48734305811379 18.0
49.526870837724196 19.0
49.52743226753296 18.0
49.54723493695697 19.0
49.585277368608054 18.0
49.59811112888973 17.0
49.667541545922965 18.0
49.671893125200725 17.0
49.72309110277901 18.0
49.75281174426101 19.0
50.00008372204919 18.0
50.00315690152955 19.0
50.09086608674417 20.0
50.111899913788406 21.0
50.11752007388921 22.0
50.124025464745465 21.0
50.12939755506764 20.0
50.13891152720739 19.0
50.177820291690296 18.0
50.24238888609034 17.0
50.30832298978895 16.0
50.31058410030046 17.0
50.34024712078833 16.0
50.39369021382976 15.0
50.50796783312174 14.0
50.51620886640117 13.0
50.5341162783276 12.0
50.54038433986604 13.0
50.552652836830916 14.0
50.573323943360016 13.0
50.607260743360996 12.0
50.804073577874874 13.0
50.85318650715217 12.0
50.881893901809654 13.0
51.04313282522727 14.0
51.16639811054161 13.0
51.18651951982909 14.0
51.22130141590075 13.0
51.23170872880122 14.0
51.28423212595288 13.0
51.30984600600428 12.0
51.39201646914353 13.0
51.43723802512541 14.0
51.44991009191038 13.0
51.46578703639023 12.0
51.575185699511735 11.0
51.66652214472107 10.0
51.72527904675049 9.0
51.941421706051315 10.0
52.023839332834385 9.0
52.07238652357203 10.0
52.11214613244303 11.0
52.11721828026234 10.0
52.15904281897188 11.0
52.18241815454917 12.0
52.2649680323798 13.0
52.27877443573961 14.0
52.325708073884414 13.0
52.3390630747926 14.0
52.36783915777292 13.0
52.47468772960986 14.0
52.49712853956338 15.0
52.49788891455243 14.0
52.546691745305885 15.0
52.649616325083535 14.0
52.6610894976115 13.0
52.66561404302095 14.0
52.667564812341645 15.0
52.72781416126186 16.0
52.7510298843767 15.0
52.757527104523 14.0
52.77484136719394 13.0
52.8752394287498 12.0
52.92002736122502 11.0
52.951757903876604 12.0
52.97258418528805 11.0
52.99063959727773 10.0
52.99989002515142 9.0
53.015974382351594 8.0
53.06334412997189 9.0
53.22243678271972 8.0
53.222942876561234 9.0
53.23396835510442 8.0
53.24561005813538 7.0
53.255690409090946 6.0
53.29975409456162 7.0
53.378161714945236 8.0
53.3883452321703 7.0
53.41894846508727 8.0
53.45723699294018 9.0
53.53560947346896 10.0
53.54708662784313 11.0
53.55544269220366 12.0
53.5576544862698 13.0
53.57112138721225 12.0
53.57687892128885 11.0
53.65937747732331 10.0
53.67227785352731 11.0
53.67261366123151 10.0
53.716385428850685 9.0
53.74662439875379 8.0
53.752460486471136 9.0
53.788619856931945 8.0
53.868861929009384 7.0
53.954381248441635 8.0
54.05966410293543 7.0
54.11318377577996 8.0
54.173338982013654 9.0
54.21345121190221 10.0
54.25002823541758 9.0
54.374984534444756 8.0
54.375354115982766 9.0
54.46532184232829 8.0
54.47382413146561 9.0
54.47507626669671 10.0
54.482660804265116 11.0
54.53817531704826 12.0
54.542371935097115 11.0
54.62240430303184 12.0
54.76714560818667 11.0
54.779278228622005 10.0
54.807291726179415 9.0
54.8251247143967 10.0
54.87886063480407 9.0
54.920094598232936 8.0
54.92234070804157 9.0
55.227141756295495 10.0
55.23376466713307 11.0
55.38846861890513 10.0
55.49326013451936 9.0
55.511028347718614 8.0
55.532144930158374 9.0
55.573921425347386 8.0
55.583255411259245 7.0
55.589232278393766 8.0
55.68370747263583 9.0
55.86060054281725 10.0
55.94231528299748 11.0
55.96476674438266 10.0
55.97987595839646 11.0
56.21185644079721 12.0
56.24156628004089 13.0
56.305481654848236 12.0
56.334907230062576 11.0
56.415058504393905 12.0
56.441608035845626 11.0
56.46067159511849 12.0
56.53677027673176 13.0
56.58364647243942 12.0
56.61264688931263 13.0
56.72385099377965 14.0
56.75442119327063 13.0
56.77285688748837 14.0
56.78277987739704 13.0
56.859295013317634 14.0
56.8715761788665 15.0
56.87469962235606 14.0
56.87770622625004 13.0
56.94832050606668 14.0
56.96287580796497 13.0
56.977730753592354 14.0
56.98080858420497 15.0
57.018942250734675 16.0
57.02160431832811 17.0
57.055875327410995 16.0
57.05614038852376 15.0
57.06668075432309 14.0
57.101951549793284 13.0
57.10614190098151 12.0
57.14736655101302 13.0
57.158508204446875 14.0
57.186919387963336 13.0
57.31219376301413 12.0
57.324028169721494 11.0
57.339157883420654 12.0
57.3908021226518 11.0
57.44415514558254 10.0
57.46246448166818 11.0
57.53901278404644 10.0
57.543059588638165 11.0
57.568197895964374 10.0
57.605277909855545 11.0
57.65382721514952 12.0
57.72441811859377 13.0
57.75597839823667 12.0
57.76331689569707 11.0
57.76767663546138 12.0
57.85897052624734 13.0
57.93712673791415 14.0
57.94160266921005 13.0
57.95170176462015 12.0
57.969320799250305 13.0
57.980100325786985 14.0
58.00513686088478 13.0
58.018517445533554 12.0
58.02176888552842 13.0
58.02542430167709 12.0
58.03033681503355 13.0
58.10222162353878 12.0
58.15614822270096 13.0
58.21323838513763 14.0
58.25740015185636 13.0
58.318576266623786 12.0
58.338474213071066 13.0
58.53940305914168 12.0
58.64809427473673 11.0
58.65987382234024 12.0
58.69537374377835 13.0
58.7235932823455 14.0
58.77539951575281 13.0
58.79536897378671 14.0
58.81670046215932 15.0
58.84942422143453 14.0
58.98960043315465 13.0
59.03398723355883 12.0
59.07101291718308 13.0
59.08089321091326 14.0
59.1099261576079 13.0
59.12114103694025 14.0
59.13301684443171 13.0
59.14647399148262 14.0
59.221908133565975 15.0
59.24259642667665 14.0
59.269507026204714 13.0
59.29073206083146 14.0
59.29454634460105 15.0
59.32052648448896 14.0
59.37095728924664 15.0
59.49094936936763 14.0
59.5281126171681 15.0
59.545403713274354 16.0
59.55859805885608 17.0
59.57199405116588 16.0
59.64472933878048 17.0
59.67141330654899 16.0
59.75411197543999 17.0
59.80596794246251 18.0
59.809011372580635 17.0
59.83523135450206 16.0
59.88077938744741 15.0
59.899998445174745 16.0
59.92422390086539 15.0
59.92640262704855 14.0
59.95123966348852 15.0
59.98332640459502 16.0
60.01286532234942 15.0
60.02933841686948 16.0
60.20444268231084 17.0
60.23452185094357 16.0
60.29247376607489 17.0
60.364669548755735 18.0
60.37753397780854 17.0
60.42648507419442 18.0
60.42844134937184 19.0
60.43708120500658 18.0
60.500152871569554 17.0
60.534333069345216 16.0
60.56719585034429 15.0
60.67847507910749 14.0
60.71262534611119 13.0
60.71281332341245 12.0
60.738976653228384 11.0
60.77224889314414 10.0
60.810527080226244 9.0
60.854821212308586 10.0
60.861004060144815 11.0
60.924798948039836 10.0
60.95298623034231 9.0
61.02914965539438 8.0
61.03408029718665 9.0
61.037916868612555 10.0
61.10600905821551 11.0
61.16370936577526 10.0
61.23522035393049 11.0
61.237588752000896 12.0
61.265446402182505 11.0
61.26729380938483 12.0
61.34800430781464 11.0
61.34967651264076 10.0
61.43709680375875 11.0
61.45167510778644 12.0
61.46283947152568 13.0
61.54358980843465 12.0
61.585852609478195 11.0
61.62846068317775 12.0
61.633173811291186 11.0
61.63806791287528 12.0
61.72597547077582 11.0
61.789562741725916 12.0
61.836014039957576 13.0
61.8375956493392 12.0
61.84203258137435 11.0
61.8454749373536 12.0
61.85583143760395 11.0
61.890805283692224 10.0
61.89616721875451 9.0
61.920442522299886 10.0
62.15351373685575 11.0
62.24739479697573 12.0
62.28900401404777 11.0
62.40282049738952 12.0
62.449178722721356 11.0
62.453706751573165 12.0
62.46508123572226 13.0
62.46746950908227 12.0
62.55533508623438 13.0
62.59521548334023 12.0
62.63862886714083 11.0
62.670504592191634 12.0
62.705659397030416 13.0
62.78456509474934 14.0
62.792427020421385 15.0
62.850689944382545 16.0
62.864909257904024 15.0
62.88755544316599 14.0
63.00452025495333 13.0
63.01500581846438 12.0
63.027472124290455 11.0
63.18929288645203 12.0
63.26433090658962 11.0
63.33881330005713 12.0
63.37548374363748 13.0
63.41135358029949 12.0
63.49869985471209 11.0
63.57811803773929 10.0
63.57956328760698 11.0
63.62528694368968 10.0
63.65836613363898 11.0
63.69760897025436 12.0
63.742234895559235 11.0
63.78102000008274 12.0
63.85933739159317 13.0
63.882136414540035 12.0
64.02441128407125 13.0
64.05600717100809 12.0
64.06777140446314 11.0
64.11569632561674 12.0
64.19398436215994 13.0
64.25490688051843 12.0
64.28452424968623 13.0
64.30096271278032 14.0
64.3713123090284 15.0
64.3999233046493 16.0
64.43003000648955 17.0
64.47471036819766 16.0
64.570786370655 17.0
64.6434334335781 18.0
64.66317674910314 17.0
64.70021271370906 16.0
64.70348186029943 17.0
64.7075630675963 18.0
64.70878323908438 17.0
64.73935175282082 18.0
64.75838379749672 17.0
64.80076642506181 16.0
65.02823438832017 17.0
65.07806487617958 18.0
65.09471387850712 17.0
65.1029974199258 18.0
65.11484417330101 17.0
65.14759444991634 16.0
65.18137126591347 17.0
65.19908367224781 16.0
65.21998063449028 17.0
65.24304454299339 16.0
65.2589554189486 17.0
65.263036108577 16.0
65.28055553822549 15.0
65.34114171363264 14.0
65.3741780035684 13.0
65.4031703785724 14.0
65.42386475372646 15.0
65.4463834983955 14.0
65.48685794752296 13.0
65.49673429617795 14.0
65.51224008438125 15.0
65.51371994008663 14.0
65.6192759746235 15.0
65.64103274152974 16.0
65.79040961555899 17.0
65.8166152719 18.0
65.9427778521162 17.0
65.94392778118791 18.0
65.96796573764374 17.0
65.9984224559947 18.0
66.02660016480463 17.0
66.07542550151989 16.0
66.11691815971272 15.0
66.17705841920169 16.0
66.18178347597173 15.0
66.22022379428125 14.0
66.3669264913441 15.0
66.59280472227356 14.0
66.68803117948754 15.0
66.69511874999222 16.0
66.75735323397417 15.0
66.85296133137491 14.0
66.88621336008248 15.0
66.91249077096147 14.0
67.06737506434676 13.0
67.09205827802454 14.0
67.17805216569849 13.0
67.20652046615456 14.0
67.29461220578914 15.0
67.32915817316224 16.0
67.34833086200706 15.0
67.42150222015506 14.0
67.44956473611266 15.0
67.45935490319327 14.0
67.50023908094249 13.0
67.52757110107062 12.0
67.52912781204394 11.0
67.54230990987267 12.0
67.56515581243629 13.0
67.59886948572557 12.0
67.7199390135531 11.0
67.72824296434561 10.0
67.73129205591233 11.0
67.75074281643901 10.0
67.76378015973572 11.0
67.81679598912552 12.0
67.8372669189358 13.0
67.84489268812872 12.0
67.91692547783161 13.0
67.98412849823157 14.0
68.05253121908655 15.0
68.06758483456836 16.0
68.11742419442103 15.0
68.11950780475344 14.0
68.12548793977348 13.0
68.17477333591023 14.0
68.21192117473039 13.0
68.22026850464165 14.0
68.33713849571001 15.0
68.43198089537204 14.0
68.56325094544958 13.0
68.63841080490872 12.0
68.63856625631396 13.0
68.65784704048508 14.0
68.69610849042137 15.0
68.7345352910725 14.0
68.85236075974161 15.0
68.85608717561652 16.0
68.89384933647193 17.0
68.95745542389366 16.0
68.98239770681664 15.0
69.0072685992843 14.0
69.06408190472179 15.0
69.0852705468999 14.0
69.09895164241358 15.0
69.11353809988415 14.0
69.12270439034297 15.0
69.17823304529095 14.0
69.21804677192559 13.0
69.2204360952413 12.0
69.37191024129744 11.0
69.47972260008596 12.0
69.62062559656914 11.0
69.65276710862571 10.0
69.81912879081486 11.0
69.9018534472284 10.0
69.90277859025367 11.0
69.94000174895744 12.0
69.95043239493533 13.0
69.9673187803021 14.0
70.05490061952663 15.0
70.09410115043812 16.0
70.15643507090331 15.0
70.22911017191002 14.0
70.29243979569958 15.0
70.30127117482279 16.0
70.31956174711831 17.0
70.35643726129442 18.0
70.35795679421481 17.0
70.36787897485937 16.0
70.41050618488218 15.0
70.42478588811815 16.0
70.42960592136657 17.0
70.4638672279441 16.0
70.53073565108069 17.0
70.57281065804332 16.0
70.64624630883674 17.0
70.65244114739609 18.0
70.73996228786704 17.0
70.75445332422194 18.0
70.85326511691319 17.0
70.85701116184002 16.0
70.94361201439793 17.0
70.95627756558453 18.0
71.03215083228926 19.0
71.06216337318877 18.0
71.10117563164296 19.0
71.11733765704571 18.0
71.16994230000635 19.0
71.18051209283361 18.0
71.30153122473514 19.0
71.3326773028833 20.0
71.43111175867628 19.0
71.51722870627452 20.0
71.59054882672058 19.0
71.62621804377258 18.0
71.63974810639641 17.0
71.75595455509801 16.0
71.76665729686961 15.0
71.81915612849139 14.0
71.86677128218285 13.0
71.88921983499544 14.0
71.9694497680512 15.0
71.99077626827177 16.0
72.05644549557013 17.0
72.10329784535573 18.0
72.12246525740166 17.0
72.20315830829144 18.0
72.22641411378264 17.0
72.25808431968005 18.0
72.28664229984997 19.0
72.30417067607897 20.0
72.38789980479572 19.0
72.45107379921444 18.0
72.55302171667364 17.0
72.6239524267838 16.0
72.63965324306362 17.0
72.66813918230041 16.0
72.69246537454738 15.0
72.6980583266011 14.0
72.79495044123952 13.0
72.81109807473489 12.0
72.82370242409013 13.0
72.94989237096928 14.0
73.11408962481816 13.0
73.13141671247872 14.0
73.15818619462974 15.0
73.17434072849818 16.0
73.18225784933271 15.0
73.1946112304425 16.0
73.22563915515313 15.0
73.239700676019 16.0
73.27715464922032 15.0
73.35497849678848 16.0
73.41164429451015 17.0
73.55807281681277 18.0
73.60976564018839 17.0
73.62891864538929 18.0
73.63900478471245 19.0
73.65254874266711 20.0
73.6526299248068 19.0
73.71324983721998 18.0
73.71660162636996 19.0
73.80178252728575 18.0
73.8326042585269 17.0
73.83982183255864 16.0
73.87192225594741 15.0
73.88163179265491 16.0
73.94434005264974 17.0
73.9628518599054 18.0
73.97388886007313 17.0
74.03567738510006 18.0
74.06861058508231 17.0
74.09976808363851 16.0
74.112173579388 15.0
74.20067464420431 14.0
74.32952954031119 13.0
74.39730270493571 14.0
74.40220314208166 13.0
74.4202272307886 14.0
74.43727232359234 13.0
74.49446349854747 12.0
74.61760298274791 11.0
74.63303009914782 10.0
74.70019405024688 9.0
74.70459999086522 8.0
74.70875275274585 7.0
74.81959936217082 6.0
74.82951192127686 7.0
74.93719753194259 8.0
74.94155766497987 7.0
74.96680017791735 6.0
74.98464229375128 5.0
75.16515532591431 6.0
75.17572213681056 7.0
75.17794560979797 8.0