0.0 0.0
0.008140488412127285 1.0
0.0359764445847483 2.0
0.11209751517798455 3.0
0.11963375364765845 4.0
0.1241049466399106 5.0
0.18885067259992683 6.0
0.20132499450996194 7.0
0.25070708796486024 8.0
0.2565214456600812 7.0
0.28989472378966236 8.0
0.3335990777997017 9.0
0.357892176585146 10.0
0.37566590115115517 11.0
0.392867544140647 12.0
0.4078110699754245 13.0
0.44107329057551076 12.0
0.45473224409878754 13.0
0.45561887570203613 14.0
0.4646524965889539 15.0
0.48271788866047943 16.0
0.5474030427835064 15.0
0.5662621234275558 14.0
0.5679147565697275 13.0
0.5717004857527203 14.0
0.5826715056937364 15.0
0.5856812373744927 16.0
0.5920579272404958 17.0
0.7035785994959285 16.0
0.7062122893973244 17.0
0.7177434692402839 18.0
0.7241845287808715 17.0
0.7334165684245111 18.0
0.7356618582026923 19.0
0.7711660822662222 18.0
0.7787721992705017 19.0
0.7850489662707211 20.0
0.8549719226394021 19.0
0.8688280037705046 18.0
0.877522117776295 19.0
0.9036066140570136 20.0
1.005211587536747 19.0
1.0100349123687762 20.0
1.0329603371410947 19.0
1.0505552275401293 20.0
1.1043344043891203 19.0
1.1266048283200674 18.0
1.1438512283404536 19.0
1.1837947940648132 18.0
1.2007874939271488 19.0
1.2014425361614511 20.0
1.2110836080311014 19.0
1.2208574290526586 20.0
1.2418656105611239 19.0
1.2748084870609402 18.0
1.3040899194026487 19.0
1.3251292509382304 18.0
1.3404680044852195 17.0
1.3422883195987123 18.0
1.3953925978343547 17.0
1.4182351840963774 18.0
1.4291409439044649 17.0
1.4746215399583513 18.0
1.4869234617487033 17.0
1.4929456908598793 18.0
1.5012383411413812 19.0
1.5204563314944919 20.0
1.534478673611054 21.0
1.5547813282970935 20.0
1.5566404429193126 21.0
1.5650920912042967 20.0
1.605816717541698 21.0
1.6134530655394281 22.0
1.686252005822886 21.0
1.7568638644152046 22.0
1.7631773504046002 21.0
1.774155272785983 20.0
1.798011859127893 21.0
1.8285246490195433 22.0
1.8373700287866017 21.0
1.8747319805124978 22.0
1.9303840858868508 23.0
1.9480017262476854 24.0
1.973130871925066 25.0
1.9846834193309975 26.0
1.9851180346836244 27.0
1.986431907334074 28.0
2.0214214802832653 27.0
2.0294277443358233 28.0
2.053633484002461 29.0
2.0686236782309786 28.0
2.0923586826815743 29.0
2.108333878650306 28.0
2.1729312337318785 27.0
2.1757288840346436 28.0
2.188774198097927 27.0
2.23237087080892 28.0
2.236972617623709 27.0
2.261051795170683 28.0
2.2768759474435893 27.0
2.305340848286236 28.0
2.3528322443729612 27.0
2.3639063629379753 28.0
2.385744306446486 27.0
2.387578645428305 28.0
2.3946520462500094 29.0
2.4523571611981896 28.0
2.4568949139744243 29.0
2.5522441161387897 30.0
2.610638498272691 31.0
2.6200012952896916 30.0
2.6801796475766566 31.0
2.6891984664514483 30.0
2.7052761644439864 29.0
2.711953235213114 28.0
2.7143213651309313 29.0
2.7285675526357775 30.0
2.8083690304376043 29.0
2.8884221620343 30.0
2.900681213364174 29.0
2.915238010074967 30.0
2.917488404350952 31.0
2.9218995064717643 30.0
2.924487970663262 29.0
2.943652848889935 28.0
2.9670440618543683 29.0
3.027785879660125 28.0
3.145320771282921 29.0
3.149707844866822 30.0
3.179927034191122 29.0
3.1839800717518907 30.0
3.190104258991956 31.0
3.235488782908732 32.0
3.2523041214471107 31.0
3.278777219898771 30.0
3.281601113959424 29.0
3.31780924187744 30.0
3.35377586570273 31.0
3.3643384655693405 32.0
3.384207916657594 31.0
3.412144861143339 32.0
3.4194958515821052 33.0
3.430366247332269 32.0
3.447730689829525 31.0
3.460311968933851 30.0
3.5117223393668855 29.0
3.515738919650057 28.0
3.5543299618016637 27.0
3.566117086875602 26.0
3.566897382945441 25.0
3.612371055137851 24.0
3.61553584045838 25.0
3.665496644000732 26.0
3.7077065335310078 27.0
3.713666085234843 26.0
3.715298443266934 25.0
3.733797158803124 24.0
3.758073527445615 23.0
3.7654629740722076 22.0
3.7796650862797723 21.0
3.827744706591898 20.0
3.8498189369861957 21.0
3.857707976361993 22.0
3.867083611693153 23.0
3.888720527267155 22.0
3.96871166147116 21.0
3.9993990577887417 22.0
4.02293726500503 21.0
4.059827197382008 22.0
4.060035760639888 23.0
4.071240862376131 22.0
4.139180275342139 23.0
4.163173870141861 24.0
4.177960220512882 25.0
4.2032330078981905 26.0
4.208402360028001 27.0
4.262451829000104 28.0
4.271369411837579 29.0
4.330774342592664 28.0
4.333131175677891 29.0
4.352354110837873 30.0
4.373565010199727 31.0
4.381149472557313 30.0
4.4075317583947795 29.0
4.412799320410868 28.0
4.424822970834793 29.0
4.428946430169323 30.0
4.434034129954492 31.0
4.439319930089747 30.0
4.448941932426601 29.0
4.475889791126694 30.0
4.491112324986412 29.0
4.511822800625333 30.0
4.514730328015468 31.0
4.533690109990273 32.0
4.535230745836631 33.0
4.539260600390667 34.0
4.611358321924512 33.0
4.611372144067965 34.0
4.611670170051763 35.0
4.6373433165097655 36.0
4.63956260100545 37.0
4.64986153820286 38.0
4.6607913813213555 39.0
4.6709644653024895 40.0
4.687720439643726 39.0
4.697379253421194 38.0
4.697682219847694 37.0
4.747279466961941 36.0
4.76828458613309 35.0
4.77653069644578 36.0
4.79351261335317 35.0
4.7978509463447345 34.0
4.819269000658399 35.0
4.834423046676275 34.0
4.875684549959573 33.0
4.889643154821256 34.0
4.94490810208674 35.0
4.961707381146796 34.0
5.079898418321394 33.0
5.125005085040188 32.0
5.131800074280571 33.0
5.16096933091953 34.0
5.164181579089961 35.0
5.175876701274677 34.0
5.1761167316202625 33.0
5.182995637547717 32.0
5.193376828292757 31.0
5.249716969291747 32.0
5.282749538114314 31.0
5.293631359565037 32.0
5.33175611207938 33.0
5.344397830389669 32.0
5.364229912651863 33.0
5.3703212270032665 34.0
5.371517242790543 33.0
5.44602683941282 32.0
5.457516346553766 31.0
5.4622875252710825 30.0
5.501700579803825 29.0
5.603870225446323 28.0
5.654021865778962 27.0
5.671465692844689 26.0
5.687611860933794 27.0
5.727827112348377 26.0
5.750415692952473 25.0
5.778986013417193 26.0
5.793253646386657 25.0
5.801849118808505 26.0
5.845248249289504 25.0
5.846131777830594 26.0
5.883452355628202 27.0
5.909216137273338 28.0
5.975674852131784 27.0
5.983132378330726 26.0
6.0154619963546425 27.0
6.019808356758037 28.0
6.035486093287144 27.0
6.100314820921425 26.0
6.118722422724491 27.0
6.146979313894873 28.0
6.149889500682275 29.0
6.160182858419855 30.0
6.209093847580142 31.0
6.209886333384207 32.0
6.219700651846318 33.0
6.221361094858889 34.0
6.24284602009485 35.0
6.283939498703136 34.0
6.288219024827701 33.0
6.292042842005205 34.0
6.292754036279985 33.0
6.431894492303593 34.0
6.472919169886375 33.0
6.506497525607774 34.0
6.525429918775834 33.0
6.556983567979337 32.0
6.583681366996384 33.0
6.611561723149481 32.0
6.620707562944877 33.0
6.647543592537961 32.0
6.6479419075887956 31.0
6.662020417974097 32.0
6.678798310946127 31.0
6.681043696980456 32.0
6.736054567030712 33.0
6.739104998651996 34.0
6.7735379244937555 33.0
6.775896281686618 32.0
6.8417368986778735 31.0
6.875868398731225 30.0
6.887501143255434 31.0
6.894342126669227 32.0
6.903859951118532 31.0
6.932554521955731 32.0
6.95461303936678 31.0
7.014816804305792 30.0
7.040846440153348 29.0
7.054046527361557 28.0
7.07269361219057 29.0
7.100879125350191 28.0
7.140633561175425 27.0
7.167285079185916 26.0
7.21990187038573 25.0
7.22135947629733 26.0
7.225888766751519 27.0
7.240077746381584 28.0
7.300031375894859 27.0
7.307374410933338 26.0
7.3101592094805214 27.0
7.398482508613929 28.0
7.555424323068367 27.0
7.609178704905272 28.0
7.631036946450214 29.0
7.643774841826908 28.0
7.669552651427486 27.0
7.683780015551717 28.0
7.6989546571994385 27.0
7.705283692043007 28.0
7.733156920259082 27.0
7.809075640034123 28.0
7.810088118697776 27.0
7.850703788195105 26.0
7.9142012515366 25.0
7.944440883940661 24.0
7.9959159991681075 25.0
8.023297844590834 24.0
8.042449596212842 23.0
8.043272488381232 22.0
8.095560049937724 23.0
8.117804494465005 22.0
8.138484582631873 21.0
8.146658706714733 20.0
8.232540996568604 21.0
8.33794734739621 22.0
8.407761802881222 21.0
8.412992477783263 22.0
8.506957298217264 21.0
8.544875599539846 22.0
8.576806746168476 23.0
8.58750246573314 24.0
8.618403719483714 25.0
8.636471942941867 24.0
8.700728773282325 23.0
8.711498250670546 24.0
8.739530068597583 23.0
8.746619708379727 24.0
8.752082302216243 25.0
8.822754958580177 24.0
8.853789350763416 25.0
8.856723749770119 24.0
8.926076140452873 23.0
8.947881252153886 22.0
8.978545362839316 21.0
9.00538983820133 22.0
9.020980968056076 23.0
9.062415679101305 22.0
9.08214824945711 23.0
9.101126318915199 22.0
9.120906944009057 21.0
9.156736701618044 20.0
9.177084034547537 21.0
9.181440910713865 20.0
9.186733389456819 19.0
9.21866276041905 20.0
9.222296308790863 19.0
9.279997566915636 18.0
9.288429538778123 19.0
9.316457051426687 18.0
9.326535149306956 19.0
9.424265736233265 18.0
9.4463028745396 19.0
9.487394654367968 20.0
9.490943646765215 19.0
9.526598678592233 20.0
9.626936889947343 19.0
9.666402762508127 20.0
9.6882635129426 19.0
9.698362644799316 20.0
9.72694599649589 19.0
9.749777229342778 20.0
9.763169474673756 19.0
9.781351534273622 20.0
9.880402372393776 21.0
9.88541210074343 22.0
9.910766209627798 21.0
9.943968890463163 22.0
9.954580031019269 21.0
9.975900092789779 22.0
9.980032335891277 21.0
10.046171691017843 22.0
10.065288007035454 23.0
10.102456178051915 22.0
10.30575620974301 21.0
10.335329139465259 20.0
10.423974697836659 19.0
10.462280878892974 18.0
10.478794517228348 17.0
10.517024131897422 16.0
10.526979822374845 15.0
10.537850272993397 14.0
10.54271369851492 13.0
10.674216867843006 12.0
10.731431092765792 13.0
10.777088166309415 14.0
10.802786122606827 13.0
10.807614103193455 14.0
10.867807982740027 15.0
10.892820048626144 14.0
10.909266798211936 13.0
10.91630900246384 14.0
10.942155825863503 13.0
11.049362353007655 12.0
11.112227267650677 13.0
11.116860802233765 12.0
11.20071806769835 11.0
11.326882823914456 12.0
11.349641840287125 11.0
11.373995035219682 12.0
11.453331850576475 11.0
11.462900904968086 12.0
11.524102778260131 11.0
11.529760176012894 12.0
11.536834432138711 13.0
11.576468159036043 12.0
11.671213639159365 13.0
11.671283500489418 14.0
11.752913204396025 13.0
12.026059139781047 12.0
12.03047282758195 13.0
12.099067666568661 12.0
12.130148399911205 13.0
12.132056483201307 12.0
12.159022879540311 11.0
12.188782285730992 10.0
12.344344079420711 11.0
12.464575207708496 10.0
12.506460955325716 9.0
12.67411329314299 10.0
12.685380519450641 11.0
12.694178593395712 10.0
12.706629537224684 11.0
12.731438702820778 10.0
12.79691109690454 9.0
12.821202111751282 8.0
12.897697840890489 9.0
12.90241740708403 8.0
12.936689699969941 9.0
12.959769016146215 10.0
13.069699775952769 9.0
13.085183478749205 10.0
13.115757798479581 9.0
13.149895827031157 8.0
13.157474572740623 9.0
13.310988161734569 8.0
13.362412267951655 7.0
13.4212520628665 6.0
13.431016531655526 7.0
13.486269852440497 6.0
13.584380063562298 5.0
13.62114778603772 6.0
13.66974874361937 5.0
13.703981434993342 4.0
13.810453897302601 5.0
13.877803399736873 4.0
14.04639294576028 5.0
14.101948396631848 6.0
14.140316465930093 7.0
14.207299321939614 6.0
14.224469582700841 7.0
14.231308861479405 6.0
14.319685496417398 7.0
14.323709050227274 8.0
14.530623973896569 7.0
14.587332222167452 8.0
14.603886382992233 7.0
14.680215539393199 8.0
14.710018442163028 7.0
14.753408971942747 6.0
14.757724182374734 7.0
14.789377370384837 6.0
14.804741814097762 7.0
14.84150330649657 8.0
14.85424927367346 7.0
15.059237371282451 8.0
15.068234366158928 9.0
15.113233190382056 8.0
15.134376947569724 7.0
15.220731756762769 6.0
15.409102513793133 7.0
15.594869262845759 6.0
15.598720205158049 7.0
15.607589221594997 8.0
15.704858077473792 9.0
15.73936910625027 8.0
15.835913108763402 7.0
16.147696922243696 6.0
16.306888811888662 7.0
16.545830601422466 8.0
16.585493366733445 7.0
16.613771177361276 6.0
16.624876490494987 5.0
16.82067732921838 4.0
17.095084886656238 5.0
17.138989622421207 4.0
17.1448513456547 5.0
17.365819406112752 4.0
17.369768535599977 5.0
17.563310177715017 4.0
17.57816137928687 3.0
17.856456696334998 4.0
18.00395085871213 5.0
18.036370016590308 4.0
18.096622850610263 3.0
18.21387222329674 2.0
18.594395978453075 3.0
18.61272271607693 4.0
18.63516997368183 3.0
18.887106587366453 4.0
18.981348559867673 5.0
19.116475642474757 4.0
19.207210417055617 5.0
19.21261738189511 4.0
19.309009253438823 3.0
19.69556314727753 2.0
19.765270263803377 1.0
19.800135227498043 2.0
19.838669593797068 3.0
20.563975143445205 2.0
20.624167931161104 3.0
20.84909518779738 2.0
20.96468049900613 3.0
21.06322247838956 4.0
21.179152612548663 3.0
21.198789504190557 4.0
21.30831141153638 5.0
21.38707935754292 4.0
21.4781893147762 5.0
21.58200144307977 6.0
21.58672578934115 5.0
21.65322990094611 4.0
21.75309311376443 3.0
21.777612275101355 2.0
21.878867711289107 3.0
21.993158363537823 4.0
22.31377899750909 5.0
22.366705886414415 6.0
22.38887113126594 7.0
22.51891143263819 6.0
22.568843380454354 5.0
22.68070108659223 6.0
22.729548533537002 5.0
22.787960971468078 4.0
22.810700201863213 3.0
23.00042588359063 2.0
23.057914720250576 1.0
23.123768908722678 2.0
23.144251321155334 3.0
23.354548216069738 4.0
23.576403336334344 3.0
23.834987611860004 2.0
24.11172047165964 3.0
24.226345733558336 4.0
24.295441757722323 3.0
24.323782931029218 4.0
24.435677468180348 5.0
24.44233684132923 4.0
24.553312460083745 3.0
24.87284182673663 4.0
24.88611013544527 3.0
24.98230158456057 4.0
25.33619167353033 5.0
25.380665161647023 6.0
25.505303470000598 7.0
25.621394781460747 8.0
25.668142078236198 9.0
25.673002889666808 8.0
25.825055893937538 9.0
25.938688126169357 8.0
25.949799765764027 9.0
25.961851407825154 8.0
26.077565375887907 9.0
26.136091458723925 10.0
26.190192774747157 9.0
26.270796328494995 10.0
26.315146661559897 9.0
26.332200644438426 8.0
26.345464179715695 9.0
26.371800607609558 8.0
26.53906362810992 7.0
26.65989466315161 8.0
26.663000497871277 7.0
26.67050483629255 6.0
26.72837292049724 5.0
27.054049402202207 4.0
27.434251794577843 5.0
27.44392581253739 4.0
27.62224338356565 5.0
27.65058371638383 6.0
28.1394805083938 5.0
28.160737828118947 4.0
28.267237579299564 3.0
28.275740265804643 4.0
28.306044454237306 5.0
28.33359009101231 4.0
28.344341457503987 3.0
28.46495169223822 4.0
28.466219109860187 5.0
28.516631580434368 4.0
28.588337199066885 5.0
28.60976923122875 4.0
28.630177913515467 5.0
28.689055899657138 4.0
28.73022948481924 3.0
29.028583925812107 4.0
29.18179956115387 3.0
29.216604523276377 4.0
29.231178971266218 5.0
29.304250952411543 6.0
29.351289291292264 7.0
29.50231041963218 6.0
29.521997783283712 5.0
29.638328668227352 4.0
29.780095480103025 3.0
29.853403145926624 4.0
29.87691801573839 3.0
30.002294573842505 2.0
30.10586999083501 1.0
30.643502444407233 2.0
30.92215006503098 3.0
30.93867915792321 4.0
30.990218780988748 5.0
31.037190011252704 4.0
31.06482404700702 5.0
31.2480947125343 6.0
31.456990585842686 7.0
31.608303943215336 6.0
31.643464096360997 5.0
31.654919006939643 4.0
31.687999641983946 3.0
31.700501009683453 4.0
31.744924322618736 5.0
31.76621194329067 6.0
31.782650360950168 5.0
31.80353118583762 4.0
31.91625472025059 5.0
32.402289005410346 6.0
32.43598385609901 7.0
32.43733548181594 6.0
32.46482723194408 5.0
32.466473381091845 6.0
32.62604309110212 5.0
32.64903128476068 4.0
32.764249669041675 3.0
32.819727423815145 2.0
32.89025332990118 3.0
33.02812034466076 4.0
33.132872503329516 3.0
33.17313833009229 4.0
33.2505301866696 3.0
33.291299132144694 2.0
33.311915302073636 3.0
33.428435213575604 4.0
33.47025112098801 3.0
33.59948915092987 4.0
33.6677744498675 5.0
33.685089529552826 4.0
33.78046628114128 3.0
33.78374872904118 2.0
34.07696233377857 3.0
34.143103991738315 4.0
34.15754967423454 5.0
34.40078690320217 4.0
34.433568326760984 5.0
34.65445579510583 6.0
34.6852161491771 5.0
34.87596066199965 4.0
34.996039503147514 5.0
35.01289039193917 6.0
35.18507426749095 7.0
35.195567865231745 6.0
35.20698165570292 5.0
35.27794541737273 6.0
35.293726590501 7.0
35.30494723284979 8.0
35.36808375269656 7.0
35.36957249773698 6.0
35.41596070079411 5.0
35.425650383139875 6.0
35.451403487918725 5.0
35.60787386822306 4.0
35.610268299163955 5.0
35.67576859732741 4.0
35.695954126394945 5.0
35.7167370735099 4.0
35.730855327828124 5.0
35.81593125502405 4.0
36.01456410621686 3.0
36.09097165108518 2.0
36.142350395160115 3.0
36.2084972799123 4.0
36.51927128424311 5.0
36.6200808625549 6.0
36.700102634636686 5.0
37.016995368547356 4.0
37.03076986427824 5.0
37.05575250793959 6.0
37.218221898440326 5.0
37.527089996775544 4.0
37.58761522281315 5.0
37.59358272786038 4.0
37.597480155590695 3.0
37.619168731471895 2.0
37.623579682647794 3.0
37.656362180853336 2.0
37.66205285754299 3.0
37.66417253388144 4.0
37.89767116411474 3.0
38.02614514620029 2.0
38.38524996925681 3.0
38.43631560945069 4.0
38.57852463341977 3.0
38.65010300339808 2.0
38.86111565893683 3.0
38.90041109417207 4.0
38.98712209421919 5.0
39.078855707296185 4.0
39.19975990056436 5.0
39.267389898517955 6.0
39.48947050201446 5.0
39.5453838736847 6.0
39.605091005133836 7.0
39.64200008288033 8.0
39.67196568046417 9.0
39.708586384448004 8.0
39.73461723767357 7.0
39.769237384819284 6.0
39.9014205133128 7.0
39.94880287248038 6.0
39.96265473817494 5.0
40.076254980327846 4.0
40.10877575153678 5.0
40.14353486572928 4.0
40.278806230679315 5.0
40.53005378125422 4.0
40.56723562842028 5.0
40.79153548157475 4.0
41.04791785843401 5.0
41.13593092598304 4.0
41.188240238481804 5.0
41.2687670370677 6.0
41.54268210764355 7.0
41.61233554579131 6.0
41.747049603459615 7.0
41.748402725327516 6.0
41.78423651138689 5.0
41.87988020660563 6.0
41.89118887725774 7.0
41.9111161985046 8.0
41.96531787609392 7.0
41.98229362790493 8.0
41.998120853863774 9.0
42.1589655808508 10.0
42.31042279956698 11.0
42.45819416029807 12.0
42.49313256963592 11.0
42.523083765577184 12.0
42.64922342263161 13.0
42.69876881568456 12.0
42.70010473727906 11.0
42.75582658461516 10.0
42.84398151538813 11.0
42.869809064256835 10.0
42.89807465255601 11.0
42.98447411009719 10.0
43.0705629571186 11.0
43.12173423740935 10.0
43.12785060432133 9.0
43.18935945603309 8.0
43.393364308237395 7.0
43.66761105406878 6.0
43.935113950454344 7.0
43.96690888490263 6.0
44.00136493270925 5.0
44.00660893722626 4.0
44.11604743569644 3.0
44.11950957836191 4.0
44.77066664634469 3.0
45.39411913810695 4.0
45.46188008219765 5.0
45.471403052075615 6.0
45.50044208372013 5.0
45.650727590219375 6.0
45.94424003765488 7.0
46.02037292225566 6.0
46.04314604542188 7.0
46.12847057216068 8.0
46.345632911005445 7.0
46.37543859337157 8.0
46.412331061260545 9.0
46.49784092208163 8.0
46.539820022700326 7.0
46.61208124562395 8.0
46.7077991269298 7.0
46.74416232976855 8.0
46.84213159737332 9.0
46.93545245917142 10.0
46.98762701285339 9.0
47.153810130702965 8.0
47.18261817912995 7.0
47.199783500896196 8.0
47.320494314937264 9.0
47.37362592728928 8.0
47.383585634695706 9.0
47.50963431147194 8.0
47.51658558641056 9.0
47.55388864412016 8.0
47.61402697326669 7.0
47.63507331016478 6.0
47.636738926429906 5.0
47.64033601306156 6.0
47.648576392812586 5.0
47.87259036116811 6.0
47.89846433552696 5.0
47.983646585724095 4.0
48.021232495664684 3.0
48.03475476679655 2.0
48.12028501180651 3.0
48.20810384354196 2.0
48.20985239010218 1.0
48.47922688688594 2.0
48.593247605747734 3.0
48.59511133335901 4.0
48.61383107445108 3.0
48.615951412217754 4.0
48.637416576861106 3.0
48.66540447607526 4.0
48.7132848838157 5.0
48.889275582139625 6.0
48.98775093846864 5.0
49.01830022266157 6.0
49.09779361788404 7.0
49.12331254848465 8.0
49.23890331758551 9.0
49.38082229379549 10.0
49.46151820082008 9.0
49.48090725350932 8.0
49.522281370953735 7.0
49.55094719047796 6.0
49.58729064855456 5.0
49.642718289307055 4.0
49.775400631513655 5.0
49.79741733400529 6.0
49.84779801422176 7.0
50.04709601124115 8.0
50.18821143864951 7.0
50.21578761969207 6.0
50.3572508168409 5.0
50.36677042999984 4.0
50.41793436650308 3.0
50.42182629804081 4.0
50.42778574348542 5.0
50.49483768796802 6.0
50.55966487522794 5.0
50.619923740709694 6.0
50.63770336154015 7.0
50.68688661018067 6.0
50.91728249594751 5.0
50.98673474285896 4.0
51.25488128587581 3.0
51.25846045264186 4.0
51.278247221390046 5.0
51.340256377615205 6.0
51.34702841556045 5.0
51.59010080172095 6.0
51.6625029212713 7.0
51.71734677399682 6.0
51.78167954064908 7.0
51.85255533595463 6.0
51.8705609306881 5.0
51.89946218700947 4.0
51.952692408202964 5.0
51.96084995589012 4.0
52.02031248756371 5.0
52.06557700968849 4.0
52.12210694729839 5.0
52.232445148483194 4.0
52.326248697398235 5.0
52.42563125019857 6.0
52.58379333947352 5.0
52.70390898691756 6.0
52.928903924325404 5.0
53.14584666460661 4.0
53.255798515120624 5.0
53.39168655002638 6.0
53.647754161997824 5.0
53.851103358106826 6.0
54.11031205303232 5.0
54.23056437237922 6.0
54.27395457895307 5.0
54.37816118276958 6.0
54.54358875802872 5.0
54.577147342023196 4.0
54.83672443455332 3.0
54.93865326867467 2.0
55.048965720628765 1.0
55.17205994640957 0.0
55.22562636228748 1.0
55.25957298495575 2.0
55.46329438133067 3.0
55.48455525419507 4.0
55.533023308673265 3.0
55.541586127800706 2.0
55.73318622651297 3.0
55.91474945652084 4.0
56.064827973462215 5.0
56.09409867924847 6.0
56.188715477748914 7.0
56.20940375480043 6.0
56.21234036305096 5.0
56.251695115360015 4.0
56.53123302936371 5.0
56.68958909600129 6.0
56.75156229462983 7.0
57.031891732930355 8.0
57.05312513961247 9.0
57.10773486601947 8.0
57.17196955377239 7.0
57.20234236043195 8.0
57.22072838069221 9.0
57.236463961593984 8.0
57.268255445132866 7.0
57.39554907525828 6.0
57.559754629941295 5.0
57.670850687613076 4.0
58.0362891093594 5.0
58.18611228786123 4.0
58.21469939488056 3.0
58.23963947448925 2.0
58.27120169398403 3.0
58.33692302175712 4.0
58.45076875696024 3.0
58.65469176231157 2.0
58.72157566545224 1.0
59.14157423448914 2.0
59.237575750638264 1.0
59.30523081372604 2.0
59.324153020241276 3.0
59.5814484410694 2.0
59.60757710042493 3.0
59.72555989939288 2.0
59.958798660040316 3.0
60.24979069596759 2.0
60.27168786367034 3.0
60.38904224661043 4.0
60.43130402116639 5.0
60.447322710325324 4.0
60.51847427940002 3.0
60.56270747302608 4.0
60.60452615973793 3.0
60.74652636592399 4.0
60.764352986361914 3.0
60.88788329522305 4.0
60.90036193920396 5.0
61.0049737298729 4.0
61.03052178330235 5.0
61.41110473203108 4.0
61.41302817834975 5.0
61.46786347642073 4.0
61.521494166242974 5.0
61.61971763998199 4.0
61.76306440207243 5.0
61.819760601369104 4.0
62.154520435629884 5.0
62.20873605379487 4.0
62.27943958270508 5.0
62.27947578523927 4.0
62.309923196996145 5.0
62.40295267362472 4.0
62.84152121948267 3.0
63.06136452080353 4.0
63.1780082034381 3.0
63.26130181116202 4.0
63.328752830879566 3.0
63.33814837364566 4.0
63.602392040366446 3.0
63.648713845140406 4.0
63.70963162738946 5.0
63.80514681352695 6.0
64.04327896617517 7.0
64.09754195630755 6.0
64.16129430854868 7.0
64.19212007667144 6.0
64.22098474238626 7.0
64.26327866609246 8.0
64.31072847149973 7.0
64.81641272427571 8.0
64.92796405533458 7.0
64.95410407280622 8.0
64.95746417494135 7.0
65.54506085507602 6.0
65.6592129056501 7.0
65.67710019161626 8.0
65.70773160785623 7.0
65.7229052165417 6.0
65.83033769535122 7.0
65.86998850444458 6.0
65.91097057392602 7.0
66.22280570309155 6.0
66.35961501584775 5.0
66.44237443989384 4.0
66.51058134614757 3.0
66.70704099725182 2.0
66.88108259539699 1.0
67.23390473859511 0.0
67.88679689139066 1.0
68.16801747370901 2.0
68.28659473388346 3.0
68.45636239282072 2.0
68.9889366238381 3.0
69.42377107400817 4.0
69.55318045939173 5.0
69.57553316209201 4.0
69.5756584883317 5.0
69.69006261575848 4.0
69.69111946348342 5.0
69.75138746193966 6.0
69.7613222439077 5.0
69.8530030756054 6.0
69.87746913298815 5.0
70.05074608868156 6.0
70.0678239730786 7.0
70.189033821496 6.0
70.4333834551204 5.0
70.4379928136695 4.0
70.49976003108704 3.0
70.5489730261987 2.0
70.60193848291414 1.0
70.87505511330886 2.0
70.90438639938814 3.0
70.9299246534907 4.0
71.17640013975146 3.0
71.43696236845592 4.0
71.48243021880447 3.0
71.75770680828202 4.0
71.81442505548333 3.0
71.85553838614501 4.0
71.89121786442993 3.0
71.89470463081622 4.0
72.00025880671369 5.0
72.05964532789652 6.0
72.21784736104537 5.0
72.22865540352326 4.0
72.34098808289988 5.0
72.40068794673853 6.0
72.64431948853944 7.0
72.69790392539329 6.0
72.7030508990259 7.0
72.74458009451624 8.0
72.75914830068035 9.0
72.93580400509873 8.0
73.06835513790088 7.0
73.0800486015361 6.0
73.21772937702258 7.0
73.21922542431798 8.0
73.47650372299714 7.0
73.54912607601412 6.0
73.61673903494821 5.0
73.61842781721398 4.0
73.65488406368839 5.0
73.71185675739034 6.0
73.8087211137805 7.0
73.82790622577902 6.0
73.88881308516441 7.0
73.91758882745697 8.0
73.92199621945481 9.0
73.93127691957517 8.0
74.093205756637 7.0
74.29657862409576 6.0
74.56089120230179 5.0
74.56661942890153 6.0
74.71231336037744 5.0
74.71553450364057 6.0
74.726088065475 7.0
74.76051060633904 6.0
74.82632739907059 5.0
74.8486306377599 4.0
74.85976825682808 3.0
75.13582397585402 2.0
75.66765156340702 1.0
75.78142930786376 2.0
75.95375298715712 3.0
76.06239040842134 4.0
76.16809193971267 5.0
76.30700324898122 4.0
76.31539643489246 3.0
76.41387367351486 2.0
76.50305574097163 3.0
76.62508541431161 4.0
76.70547854717354 3.0
76.91668437202513 2.0
76.94390752849283 1.0
76.96339639377527 2.0
77.02898919536317 3.0
77.05552589701443 4.0
77.09289682473995 3.0
77.53457108324255 4.0
77.63932581566839 3.0
77.83339057515398 4.0
77.86814175638813 5.0
77.98951863385028 4.0
78.1760978718101 3.0
78.38498904192429 4.0
78.42769762422343 3.0
78.45176799236997 4.0
78.46044226260572 3.0
78.62631936642731 2.0
78.64233225885195 3.0
78.75391035922883 4.0
79.16323455302548 5.0
79.28132124953943 4.0
79.30450452828369 5.0
79.32640358611681 4.0
79.45440455765163 3.0
79.58012068035056 4.0
79.74319912911044 3.0
80.56657650988834 2.0
80.65482001656251 3.0
81.06538776734224 2.0
81.63166167821241 3.0
81.65482267481732 4.0
81.68401853890869 3.0
81.7546921222921 4.0
81.79739987777023 3.0
81.82152557935719 4.0
81.87633888915502 3.0
81.92656348855628 4.0
82.19260910695156 3.0
82.92551452034148 4.0
82.95563299956534 5.0
83.11114512868497 6.0
83.22239771600799 7.0
83.23738857830874 8.0
83.2570313309586 7.0
83.28572024838643 8.0
83.33873207857621 7.0
83.38092362762511 6.0
83.403521435865 7.0
83.52121579165868 8.0
83.80210165518179 7.0
83.88944729533785 8.0
83.9989073592284 7.0
84.23471924075679 6.0
84.45445298796366 7.0
84.52576287290661 8.0
84.85080656512716 9.0
85.16668654863132 8.0
85.19449222885052 9.0
85.24467134965587 8.0
85.52444260947865 7.0
85.56156961688511 6.0
85.78824962323151 7.0
85.88048013395358 6.0
85.88453205426579 7.0
85.89289535242841 8.0
85.91925330893291 7.0
85.9437025184674 6.0
86.05262761456605 5.0
86.0677371525895 6.0
86.15427662487122 7.0
86.25427298051702 6.0
86.3402297574286 5.0
86.35307372953183 6.0
86.35539366252405 5.0
86.45763948312973 6.0
86.61094113193376 7.0
86.61512177962025 6.0
86.63039033945161 5.0
86.65856657649019 6.0
87.0216474291191 5.0
87.07992056410028 6.0
87.22520453153206 5.0
87.29544009365452 6.0
87.29618584964327 7.0
87.33489776800579 6.0
87.83465264056433 5.0
87.91725486156032 4.0
87.952870485498 5.0
88.17708949811586 4.0
88.17717109947938 5.0
88.19119987120177 4.0
88.2859293492776 5.0
88.33405852110513 4.0
88.35732104115357 3.0
88.39121776279958 4.0
88.59845541922479 5.0
88.91642415224034 6.0
89.18394684815905 7.0
89.48206300987886 6.0
89.53886818149056 5.0
89.54967686787487 4.0